10000
9.851134
9.8347645
9.782601
9.812399
9.761914
9.796151
9.769941
9.749741
9.728019
9.620723
9.579967
9.557964
9.54239
9.457875
9.483251
9.416344
9.435957
9.337909
9.245484
9.212649
9.223407
9.252903
9.129715
9.022004
9.12018
9.086456
9.110327
9.01615
8.935709
8.921913
8.812969
8.815267
8.709947
8.710627
8.612614
8.611838
8.503706
8.385311
8.297817
8.352648
8.370878
8.200478
8.099694
8.055511
8.045299
7.89127
7.7724786
7.8147783
7.615676
7.5389853
7.275062
7.494079
7.3265977
7.1528745
7.072462
7.007291
6.989934
6.8531337
6.9441476
6.9551344
7.03723
7.0034423
6.9390793
6.784349
6.9450746
6.848222
6.826855
6.8513055
6.8888545
6.957365
6.936103
7.007563
6.9577427
6.9482117
6.997338
6.9781666
7.1082087
6.9913135
7.0609107
6.7981343
7.0504527
6.896996
6.978984
6.852156
7.004353
6.8453565
6.90295
7.026513
6.9575458
6.958494
6.9730153
7.2314363
7.4053955
7.3997717
7.4907036
7.5625963
7.5878115
7.834761
7.949037
8.242757
8.159435
8.207592
8.18203
8.038648
8.088072
8.238557
8.300397
8.274795
8.231156
8.50265
8.402314
8.329922
8.299694
8.227012
8.177339
8.122087
8.115589
8.192219
8.135279
8.112402
8.052794
7.974388
7.910969
8.049885
7.9818883
7.97544
7.9833956
7.9042025
7.8552003
7.7808204
7.7483807
7.6529603
7.5956693
7.6487756
7.5629725
7.5862293
7.504243
7.6164627
7.5600877
7.5631685
7.6093135
7.5907764
7.5503044
7.5667067
7.500419
7.580292
7.528425
7.558028
7.609461
7.543248
7.5035353
7.609655
7.4937515
7.4950595
7.4167852
7.4121485
7.3937025
7.4151964
7.2809095
7.327329
7.3724465
7.336856
7.299584
7.393529
7.3211484
7.261205
7.261055
7.3407555
7.3543024
7.338007
7.371734
7.398901
7.5085745
7.538269
7.3181987
7.388714
7.3032136
7.273675
7.316768
7.265759
7.16673
7.127184
7.114274
7.1241484
7.0333753
7.105096
7.1026506
7.0871625
7.1214395
7.012431
7.1858034
7.0506234
7.0187244
6.9175806
6.871837
6.794258
6.778366
6.673891
6.52951
6.885119
6.5982256
6.6966715
6.5557184
6.5695467
6.558918
6.365039
6.366869
6.4126444
6.387552
6.2515116
6.3362036
6.25565
6.5286694
6.43198
6.5967426
6.2236133
6.461955
6.6041627
6.6277046
6.694869
6.5034957
6.658503
6.532682
6.8279004
6.696975
6.7250004
6.485045
6.7944913
6.59238
6.772732
6.734512
6.6922874
6.6584897
6.67343
6.7085567
6.697686
6.6277704
6.560336
6.6720624
6.7050943
6.5682917
6.642536
6.454466
6.7423716
6.6346865
6.8504286
6.477524
6.8606863
6.791013
6.733418
6.7401934
6.3664284
6.6590123
6.549225
6.5555196
6.505156
6.6030784
6.5631003
6.755066
6.74375
6.5556197
6.5062604
6.686401
6.61437
6.716849
6.636631
6.595028
6.7601633
6.7902465
6.6321077
6.701192
6.681801
6.633883
6.5693073
6.67909
6.4680796
6.6167054
6.818621
6.683436
6.5841374
6.7322373
6.724463
6.6647544
6.6466265
6.5365305
6.634453
6.512006
6.701169
6.692739
6.608182
6.561362
6.5682416
6.4549694
6.439657
6.6369586
6.2819896
6.4291215
6.50717
6.317814
6.4280066
6.2584987
6.3437214
6.4511957
6.158118
6.3111773
6.1801353
6.5182242
6.4248314
6.4261074
6.3803253
6.4059515
6.5189877
6.4739804
6.3786926
6.536468
6.5990486
6.608957
6.231256
6.6776705
6.4755225
6.562091
6.454317
6.562213
6.3686323
6.6164794
6.551651
6.536045
6.45601
6.506265
6.4417067
6.546829
6.359859
6.575531
6.2867975
6.520904
6.3057847
6.5191393
6.528509
6.356471
6.404439
6.4281044
6.502175
6.445488
6.3732543
6.288171
6.2879643
6.359144
6.3798666
6.3678923
6.3125134
6.4389358
6.3514977
6.3556347
6.2002497
6.467164
6.4584093
6.4940796
6.5378428
6.6110296
6.519668
6.524552
6.5961437
6.5966673
6.674217
6.9217477
6.847918
6.874326
6.814503
6.887224
6.8603687
6.8458953
6.887953
6.911029
6.9418435
7.126239
6.9443393
7.115904
6.9473095
7.013175
6.857554
6.905278
6.932606
6.9549685
6.8364196
6.7979097
6.913934
6.9661126
6.85008
6.891141
6.80224
6.807556
6.800096
6.7040167
6.6800694
6.5885177
6.632051
6.763151
6.7644424
6.702672
6.6751847
6.7787805
6.5863304
6.694192
6.662578
6.66363
6.4949813
6.598958
6.6477733
6.5296483
6.558958
6.655813
6.5733314
6.6678324
6.706132
6.700573
6.7708797
6.736643
6.633629
6.6829634
6.651355
6.82801
6.5871334
6.790979
6.6086397
6.656227
6.658314
6.767268
6.602077
6.6455483
6.7299066
6.789258
6.6395535
6.797228
6.8951073
6.819356
6.715535
6.63455
6.7005515
7.0111313
6.888404
6.815481
6.8720427
6.9658647
6.82915
6.8885736
6.941319
7.0111723
6.936377
7.134065
7.0240273
6.900438
6.8111415
6.889273
6.9077044
6.717273
6.7968225
6.92889
6.8869433
6.882311
6.9016123
6.8530145
6.9850535
6.7749853
7.0149493
6.816597
6.8422856
6.8968005
6.718886
6.937819
6.779311
6.658255
6.9053974
6.9250216
6.7462664
6.8247743
6.8514967
6.842292
7.055897
6.7643847
6.861896
6.8176894
6.9362626
6.7160497
6.934543
6.819234
6.9558225
6.8980374
6.9712048
6.9676933
6.9037547
7.0596676
7.0230336
6.948045
7.0922084
7.0309687
7.1724186
7.2883883
7.00695
7.408155
7.302299
7.2692
7.2283087
7.324689
7.1845374
7.2791905
7.1788144
7.396041
7.3781753
7.4543605
7.415464
7.4337997
7.343409
7.162597
7.206643
7.114872
7.3481445
7.388715
7.4046187
7.2389216
7.1460958
7.205414
7.3832564
7.1233144
7.1529965
7.14105
7.1039057
6.9273415
6.9893446
6.9872055
6.98307
7.0003242
7.0524387
6.995681
7.1565413
6.9201393
6.933605
6.9256215
6.9332986
7.0479074
6.9682665
6.905583
6.927395
6.9002385
6.9323497
6.984827
6.9324627
6.993516
7.012244
6.9159317
6.877151
6.783902
6.92749
7.0218806
6.960078
6.8568177
6.849159
6.873982
6.805907
7.023211
6.9767923
7.1620765
6.9855404
7.0594306
7.1726794
7.1170735
7.084348
6.98406
7.051632
7.08187
7.1332216
7.2461963
7.253135
7.444715
7.2477036
7.3858833
7.3881154
7.3480544
7.3549848
7.3069572
7.2952223
7.408417
7.4072175
7.3240714
7.1349144
7.140283
7.348754
7.326948
7.38608
7.301414
7.352852
7.139731
7.2567935
7.1804156
7.384012
7.327614
7.320226
7.2698464
6.950833
6.8234496
7.0647855
7.0748086
7.015698
6.975164
6.999586
6.7916284
6.702007
6.8624535
6.8348703
6.796733
6.8540955
6.77772
6.7045074
6.8790646
6.880416
6.8754587
6.8202243
6.9221554
6.8674307
7.0032415
6.74998
6.8869276
6.9590273
6.842786
6.899885
6.931544
7.0523868
6.8751864
6.866192
6.810234
6.9693327
6.9590545
7.093876
6.851845
7.0523057
6.9288306
6.8853517
7.163783
7.0542974
7.022347
7.0357885
7.2850423
7.2149496
7.3472357
7.0678506
7.321266
7.0774007
7.2450294
7.396983
7.341629
7.50428
7.410846
7.3179913
7.4109206
7.5764866
7.299328
7.468755
7.4612436
7.4309654
7.2848425
7.445407
7.5177646
7.3309603
7.321741
7.371323
7.239912
7.2431893
7.3046837
7.400348
7.3827095
7.3304043
7.2295322
7.23166
7.082549
7.166545
7.1446304
7.038236
6.853929
6.86531
6.9836197
6.9157677
6.892351
6.8772593
6.888265
6.8974543
6.9142976
6.869505
6.801849
6.69901
6.897428
6.687386
6.816017
6.83577
6.9671483
6.8479023
6.831817
6.960927
6.7903094
6.8586946
7.0071654
6.8394146
6.931349
6.960083
7.007675
6.854333
6.910555
6.9456787
7.021122
6.980477
6.858047
6.986862
6.892393
7.085462
7.085617
7.0001163
7.2122564
6.9292407
7.1801505
6.996146
7.2298846
7.1912355
7.174406
7.0499926
7.067051
7.0812373
7.1018276
7.405813
7.3401413
7.338912
7.3350654
7.352516
7.369898
7.4313745
7.168217
7.2163033
7.2842216
7.2427087
7.297677
7.2234964
7.252857
7.133178
7.375592
7.0449824
7.1768785
7.114489
7.132415
7.196103
7.242445
7.12543
7.0252843
7.0578885
7.209336
6.970931
7.018935
7.0476537
6.957132
7.067883
7.034268
6.897906
6.890041
6.854305
6.838236
6.7347026
6.906774
6.786426
6.984899
6.7337027
6.917363
6.860484
6.8777943
6.868586
7.175085
7.2007165
7.160558
7.0595865
6.8478813
6.5628247
6.460951
6.6084785
6.6050363
6.191396
6.0069227
5.680371
5.330738
5.4387054
4.799167
4.70969
4.294425
3.9282851
3.6073456
3.182633
3.0970924
2.875338
2.528728
2.3166618
1.992263
2.202231
1.9733851
2.121792
2.427658
2.1580687
1.858616
2.0917625
1.9251848
1.8953153
2.2531111
2.276727
2.2906873
2.2916486
2.2293868
2.822669
2.430151
2.3081849
2.1822379
2.684011
2.8965952
2.436893
2.2987633
2.6478972
2.6330845
2.2995079
2.327021
2.8257813
2.827712
2.7658277
2.4333014
2.7820456
2.7801788
2.9307854
2.1211586
2.718887
2.7703311
2.3678532
2.2210722
2.5589464
2.4176216
2.60049
2.6049798
2.7783558
2.3443496
2.6219923
2.3447995
2.092375
2.2579844
2.533075
2.2505612
2.3834074
2.2003477
2.2734144
2.4187512
2.567223
2.7166164
2.1850388
2.3482625
2.2994583
2.1722813
2.35352
2.2315598
2.4575112
2.5030158
2.4830117
2.478712
2.1666727
2.8497698
2.6524725
2.6119306
2.1413884
2.419602
2.6332598
2.1814332
2.475704
2.412822
2.6337588
2.2762563
2.4230616
2.5934339
2.383892
2.4928505
2.22491
2.2442167
2.212338
2.6061327
2.322408
2.79438
2.5513127
2.5043168
2.517193
2.4104989
2.3273196
2.178453
2.2423203
2.0308137
1.906534
2.4827619
2.7640815
2.6682234
2.6044948
2.549624
2.2405608
2.73218
2.680633
2.5220554
2.6753209
2.653137
2.9150343
2.891939
2.8985105
2.3729649
2.776994
2.6704674
2.6126533
2.0824142
2.1924462
2.5102997
2.4741657
2.266755
2.384283
2.1714475
2.1609852
2.264701
2.163292
2.1411676
2.363706
2.191003
2.1678994
2.3826036
2.2598262
2.1810703
2.1738257
2.2402146
1.9756109
2.190414
2.2601843
2.243159
2.257731
2.382779
2.2332444
2.3542845
2.066804
2.0068433
2.1016579
2.2615335
2.3004591
2.360451
2.558153
2.5095806
2.6885529
2.2741458
2.186103
2.1238725
2.235239
2.1695952
2.306593
2.6901073
2.6397417
2.458973
2.4587069
2.3489146
2.107437
2.2063515
2.416312
2.339813
2.7242088
2.7109046
2.707807
2.4950676
2.314179
2.375287
2.047252
2.22469
2.3372781
2.5633082
2.555294
2.3422122
2.1977239
2.085615
1.9392413
1.9077767
1.8331974
2.161593
2.4094524
2.3980026
2.2571094
2.1878536
2.307106
2.2025993
2.028187
2.054486
1.8754224
2.1581147
2.5979512
2.6213508
2.6401043
2.6700225
2.6414826
2.3846595
2.3606114
2.2840822
2.3537562
2.1211412
2.5799055
2.7218263
2.6617868
2.6784835
2.6051507
2.6377494
2.3217483
2.4490993
2.2624032
2.1846836
2.4821377
2.4115014
2.550284
2.6885147
2.4595828
2.5769398
2.4950216
2.4394455
2.6561654
2.2836766
1.9721637
2.0378938
2.3440778
2.3118963
2.661946
2.288321
2.6661892
2.6072724
2.6230767
2.1772826
2.0551744
2.2825754
2.3503885
2.411618
2.4980142
2.5713332
2.337586
2.3611434
2.4458055
2.4636047
2.27937
2.1822522
1.9411097
2.049876
1.9216634
2.4386153
2.5769138
2.296784
2.5982714
2.3953705
2.6751664
2.3684785
2.2038906
2.2456136
2.3853126
2.2268856
2.3112533
2.5240645
2.404293
2.1439412
2.3238196
2.1092117
1.995258
2.0275595
1.9965384
2.03823
2.3429534
2.6809142
2.5585284
2.416547
2.5023937
2.512981
2.3141174
2.1126482
2.067301
1.9109873
2.0225608
2.2922828
2.4607496
2.507952
2.4488525
2.392506
2.1165662
2.2423663
2.174225
1.8614038
2.4647272
2.333642
2.6075857
2.427292
2.2791927
2.1396182
2.1066356
2.0754764
2.225215
2.4825833
2.5295331
2.5317702
2.3067884
2.095016
2.0066242
2.2921033
2.269984
2.5095754
2.3914144
2.1906092
2.2991686
1.919053
2.060187
2.335875
2.453024
2.4574833
2.2661798
2.1382368
2.145877
2.0755806
2.2714286
2.1853979
2.3089244
2.1554282
2.0169637
2.0339203
1.8351014
1.9797031
2.2298088
2.570467
2.647785
2.379946
2.2699075
2.416135
2.5190961
2.2822785
2.2623532
2.3155425
2.492419
2.536751
2.435797
2.4706945
2.4197438
2.2767696
2.5190372
2.4611742
2.2851558
2.3796625
2.111487
2.6257036
2.3539743
2.4462383
2.33378
2.1927776
2.4708264
2.5110316
2.3526564
2.2491333
2.7373843
2.4117706
2.2971497
2.490592
2.417766
2.3411207
2.475947
2.1655223
2.0867338
2.2158213
2.2754848
2.306542
2.2163548
2.2380738
2.547877
2.2574515
2.1373193
2.4131665
2.6602376
2.3037791
2.4732192
2.2132874
2.3248675
2.5784566
2.3944132
2.2166822
2.3828871
2.2336273
2.5718572
2.7171104
2.6200767
2.585457
2.81406
2.3543634
2.568397
2.6222386
2.5104547
2.5250778
2.5409489
2.5309267
2.4160635
2.350645
2.4746113
2.5574164
2.4199405
2.2037973
2.4025881
2.3221114
2.3996243
2.2789106
2.3170586
2.3978631
2.4169073
2.2902958
2.4269497
2.6413207
2.4993703
2.2976048
2.3692532
2.2099829
2.6986682
2.5667257
2.4121592
2.42031
2.2931397
2.3302016
2.5825496
2.514893
2.3419416
2.290694
2.546614
2.2234106
2.4371428
2.6543748
2.418165
2.52907
2.4223886
2.3121083
2.4190714
2.608184
2.6279101
2.4241464
2.732089
2.556038
2.2857385
2.4043903
2.5570674
2.3645315
2.406061
2.4356453
2.2834673
2.1414957
2.6559243
2.4149756
2.5052714
2.2908244
2.2188654
2.2071538
2.3798444
2.676063
2.3813727
2.5121038
2.52015
2.2518039
2.4464567
2.7697988
2.363752
2.5092313
2.4026713
2.3583496
2.6886716
2.5808184
2.6867154
2.7007592
2.6548367
2.6310053
2.752248
2.3697295
2.6565905
3.0489163
2.8398418
2.806715
2.4845238
2.2115014
2.4260535
2.7567017
2.4384756
2.710672
2.4068286
2.3264902
2.5278978
2.7753243
2.4702237
2.3585942
2.6698642
2.6197252
2.6451554
2.872273
2.6979208
2.2891798
2.3646264
2.3774786
2.5015724
2.5830688
2.6372888
2.5320766
2.511252
2.430469
2.3848689
2.5566418
2.7766423
2.5124273
2.2998998
2.5294163
2.741453
2.6293366
2.919119
2.5936742
2.3622916
2.5815678
2.670981
2.6638904
2.741965
2.958405
2.3707366
2.6875877
2.8734515
2.841372
2.7542453
2.9383001
2.7750359
3.133308
3.0592194
2.812966
3.2148561
2.96636
2.7109697
2.7319374
2.7879782
2.7563832
3.007011
3.1406887
2.518917
2.5611649
2.2736602
2.3021421
2.7762423
3.0060856
2.635963
2.326588
2.3680909
2.3938322
2.8890994
3.0313246
2.7119727
2.2608883
2.2799575
2.3255002
2.6122499
2.8257678
2.7466774
2.2308784
1.9923483
2.1300375
2.1267688
2.2208564
2.3378358
2.631537
2.433192
2.6086392
2.6088333
2.305343
2.3781562
2.4333131
2.569161
2.8134737
2.565796
2.538283
2.6649103
2.6116788
2.5745795
2.3693647
2.0667582
2.185673
2.407563
2.3671749
2.6864705
2.4623227
2.3118744
2.4617298
2.3364005
2.2681448
1.9971728
2.4006271
2.753966
2.387754
2.3575563
2.0512838
2.135073
2.5175264
2.4099116
2.5693507
2.2755847
2.2928717
2.5727587
2.3975332
2.255703
2.0503573
2.4824312
2.7283318
2.584488
2.5875149
2.4458947
2.5265481
2.7923913
2.615193
2.531505
2.2226205
2.2008116
2.097596
1.886723
2.0916488
2.226512
2.4111135
2.260141
2.0969474
2.0058608
2.342859
2.4193623
2.077359
2.1721182
1.8672191
1.950161
2.1440794
2.150703
2.1642928
2.397908
1.961847
1.970253
2.0466423
1.9890172
2.1168885
2.0870128
2.2059543
2.3480842
2.0515566
1.8929306
1.832588
1.9613051
2.115899
1.879862
1.8302406
1.7279251
2.2530315
1.9204152
1.8516523
1.7632061
2.2351325
2.0936701
1.9535674
2.2047327
2.1248856
2.2809825
1.8944843
1.8747684
1.9715465
2.1935163
2.0001493
1.8612119
2.0303755
1.8954058
2.1835363
1.7789248
1.7550159
2.0074577
2.2858522
1.8828647
1.8376467
2.024999
2.2080705
2.2794263
2.2091067
2.1383228
2.1169622
2.2871149
2.283405
1.8723757
2.0814335
2.2739985
2.3942294
2.267548
1.8619684
2.1167188
2.1772592
2.2255273
1.9334723
2.1618261
2.5649736
2.1187563
2.1492994
2.0532086
2.4499388
2.3972862
2.2913172
2.1738179
2.2000084
2.5682302
2.4779546
2.298013
2.1611977
2.2708251
2.2375932
2.200478
2.0726044
2.2860649
2.377303
2.3666923
2.2688398
2.237567
2.2805476
2.3358424
2.4516215
2.31728
2.3524036
2.371029
2.5854
2.4338336
2.443292
2.2001288
2.4685078
2.3630216
2.3422909
2.4596229
2.4494154
2.2355392
2.1436737
2.230281
2.250763
2.3299015
2.3667235
2.291605
2.1302211
2.1813707
2.0766768
2.4847457
2.834764
2.923058
2.6969495
2.598096
2.136493
1.7433169
2.0131633
2.1427026
1.9837595
1.9252894
1.69749
1.7453291
1.881069
1.8966674
2.155732
2.119536
2.0590947
1.8422126
1.997129
1.9341147
1.7083229
1.664425
1.9035618
1.8384802
1.9280239
2.1716
2.2154775
2.2046723
2.1189613
2.0453966
2.2327168
2.4539793
2.6082
2.6565847
2.7773304
2.8672884
2.6280067
2.3432355
2.2195935
2.298463
2.2491345
2.3819463
2.5396109
2.4300406
2.5143251
2.6801178
2.6601214
2.8524444
2.9173832
3.0313091
2.7833347
2.9207323
2.8037794
2.5630672
2.6011314
2.8503158
3.0074067
3.0392754
3.0980206
2.9352655
2.5858
2.6923792
2.8440275
2.835868
2.561191
2.7233348
2.7348034
2.8129585
2.8427558
3.208615
3.321732
3.1976168
2.895278
2.8533173
2.664418
2.5099897
2.513747
2.2793603
2.2290823
2.4035606
2.3318324
2.4025075
2.7061868
2.5302289
2.4111223
2.471663
2.3092556
2.40297
2.0507128
2.1664653
2.270491
2.296566
2.4717405
2.6074731
2.844762
2.9362302
3.0007243
3.1155353
3.0924048
2.8695984
2.864853
2.6807005
2.922019
2.7900047
2.8448262
3.0240607
3.141831
3.1469402
3.2343297
2.922761
2.991778
2.7289104
2.6502585
2.6981914
2.773428
2.7650185
2.8998387
2.8626697
2.7802494
2.8507664
2.7345817
2.8597946
2.8226185
2.7990036
2.6746757
2.6408617
3.1129966
3.1323714
3.2504578
3.1834183
3.070516
3.168579
2.8146112
2.6845527
2.3857193
2.280205
2.0342443
2.3429205
2.4612267
2.469472
2.6389904
2.63278
2.709568
2.6731958
2.6957536
2.6593351
2.557024
2.5807443
2.504243
2.4723177
2.2237124
2.5069797
2.373562
2.2853346
2.3108757
2.2796462
2.620822
2.5976205
2.2666264
2.2233167
2.2778566
2.306694
2.1416166
2.17641
2.0881755
2.105757
2.1505828
2.2812152
2.1638014
2.2128854
2.2114282
2.0179834
1.7625976
2.00808
1.945463
1.80597
1.7510515
1.9359038
2.0721846
2.4181557
2.2592218
2.4258459
2.3871288
2.461648
2.649303
2.7880092
2.7574983
2.7197556
2.5110853
2.3631036
2.2396512
2.059834
2.2827199
1.6404119
1.779656
1.8129612
2.062654
1.9546031
1.9935557
2.0365152
2.205573
1.8969972
1.8799349
2.14912
2.0792978
2.3313713
2.3434403
2.2769825
2.55415
2.3561935
2.3771625
2.3216748
2.3375237
2.687713
2.363681
2.3437006
2.4631655
2.424612
2.5921202
2.803825
2.5840116
2.560688
2.5711744
2.879832
2.5241547
1.9756591
2.097973
2.094722
1.9419318
2.0652542
1.8811831
1.9676598
1.7616682
1.4858626
1.4876832
1.4249282
1.4280648
1.2698332
1.2596279
1.6839768
2.3385684
2.5589755
2.5288384
2.472236
2.5290735
2.3862157
2.3561878
2.3527746
2.274321
2.4602451
2.7453635
2.5001113
2.3188775
2.3939955
2.442347
2.211761
2.2834756
2.2226532
1.8339057
2.0308752
2.097143
1.824667
1.7767051
1.778215
1.8967556
1.7281162
1.8705833
2.3345985
2.0823743
2.1398864
2.0543118
2.030158
1.9222816
1.9855384
2.104095
2.137413
2.3839378
2.4395313
2.3563447
2.260412
2.3630824
2.4245045
2.419598
2.4887714
2.5501335
2.3354592
2.046453
1.6485953
1.6761553
1.3281258
1.5489541
1.1561788
1.3412375
1.5725129
2.307176
2.2474658
2.2203846
2.4100232
2.2894251
2.1428146
2.0684857
2.1266456
2.3270273
2.4833734
2.3291779
2.540229
2.382065
2.0053794
1.9916683
2.0307658
2.274216
3.0997252
3.189119
3.3645923
3.195159
3.2975864
2.7486079
3.085969
2.982131
2.896824
2.8552358
2.5672271
2.5726097
2.5486727
2.4725685
2.46615
2.506959
2.5462258
2.4728332
2.4981177
2.2781215
2.1149204
2.271359
2.4350252
2.6340353
2.715509
2.576923
2.2685602
2.1558948
2.1446917
