10000
8.855928
8.894526
8.842503
8.898613
8.876286
8.818638
8.897636
8.863004
8.824463
8.865963
9.019701
9.002476
9.009506
9.023271
9.070316
8.941683
8.815348
8.837662
8.878698
8.88702
8.894771
8.972814
9.032062
9.059419
9.097399
9.073155
9.134824
9.136294
9.157336
9.156445
9.135529
9.143054
9.054901
9.007468
8.942005
8.96404
8.935322
9.023961
9.007795
9.043769
9.060874
9.128094
9.135688
9.127199
9.068687
9.139682
9.132031
9.0632
9.007657
8.935924
8.905518
8.902405
8.9628935
9.055111
9.091396
9.189307
9.191887
9.193495
9.202219
9.152627
9.094901
9.039896
8.985227
8.9688835
8.978759
9.048578
9.022448
9.054142
9.02994
9.042387
9.002429
9.062543
9.027549
9.062144
9.04588
8.999373
8.993869
8.949209
8.966638
8.931814
8.784897
8.762964
8.770052
8.805944
8.760654
8.783475
8.860575
8.829333
8.874774
8.7890415
8.877857
8.873403
8.934476
8.881394
8.913108
8.911768
8.920982
8.9423065
8.851831
8.837874
8.839068
8.810022
8.79584
8.819382
8.821539
8.810497
8.814131
8.868129
8.783421
8.867214
8.827813
8.930565
8.887438
8.870693
8.860884
8.85177
8.871675
8.858453
8.920185
8.942299
8.813355
8.876243
8.816055
8.839989
8.915878
8.827246
8.840494
8.835584
8.828837
8.899775
8.851975
8.940541
8.922441
8.918577
8.873642
8.837194
8.853269
8.810206
8.868864
8.891907
8.970708
8.925594
8.8936825
8.827156
8.850345
8.750451
8.778256
8.734149
8.7195015
8.709309
8.69869
8.759766
8.669945
8.800436
8.712614
8.770987
8.724008
8.685238
8.606499
8.546912
8.493782
8.411885
8.416216
8.420811
8.610734
8.564946
8.520999
8.507242
8.448592
8.350354
8.282502
8.2491255
8.124148
8.148718
8.0013485
8.026137
7.896614
7.8699327
7.7575846
7.659138
7.3286066
7.114939
6.784622
6.4439783
6.0312233
5.421571
4.919292
4.4075108
4.3603005
4.512451
4.6983037
5.12811
5.322524
5.5718403
5.667994
5.8242426
6.219266
6.443823
6.642958
6.8984575
6.9582515
7.143714
7.292521
7.362836
7.54055
7.5442576
7.4792576
7.4819174
7.6226754
7.6672072
7.8574443
8.070503
8.109897
8.038766
8.104223
8.14043
8.069596
8.074013
7.9273467
8.003819
7.8789887
7.908437
7.926333
7.9384556
7.9115367
7.973704
7.982518
7.9958825
7.974385
8.026917
7.956474
8.104607
7.947229
8.071262
8.001007
8.005408
7.9766645
8.066349
8.0882
8.053705
8.025627
7.9954042
8.107649
8.072361
8.101848
7.998191
8.042221
7.9782395
7.97956
7.9951534
8.003101
8.015865
7.9502015
8.071525
8.103024
8.092542
8.096931
8.108933
8.110273
8.108072
8.245991
8.237906
8.23852
8.26045
8.25437
8.266077
8.272652
8.2614975
8.279916
8.251526
8.300952
8.355299
8.347091
8.350713
8.313877
8.350576
8.320005
8.354037
8.310336
8.325333
8.31665
8.317632
8.333615
8.342085
8.332297
8.362809
8.358403
8.396655
8.312072
8.378998
8.421548
8.466306
8.535138
8.483922
8.503583
8.42623
8.351427
8.282145
8.37467
8.380854
8.467222
8.454279
8.487361
8.476192
8.493458
8.503548
8.480695
8.47465
8.468177
8.452552
8.457853
8.48374
8.48125
8.449885
8.479891
8.473787
8.4493065
8.438092
8.433662
8.395827
8.351046
8.297234
8.275706
8.277503
8.250802
8.337869
8.309261
8.382885
8.316447
8.38271
8.334614
8.399721
8.423482
8.377562
8.4531765
8.412005
8.48971
8.389008
8.415703
8.380839
8.375887
8.365857
8.380174
8.37517
8.408758
8.415058
8.3976755
8.437922
8.345155
8.278354
8.398348
8.329418
8.330009
8.255634
8.27444
8.245135
8.266268
8.288396
8.276454
8.305466
8.27705
8.257278
8.272484
8.253807
8.289537
8.28435
8.260347
8.232673
8.23316
8.373138
8.440336
8.514801
8.522317
8.478657
8.472466
8.505039
8.431741
8.463407
8.45291
8.459425
8.469261
8.4176655
8.461781
8.327641
8.38611
8.285413
8.274418
8.256131
8.259653
8.24088
8.246046
8.235368
8.221638
8.259064
8.204044
8.307551
8.186573
8.2950735
8.194442
8.259967
8.227968
8.255526
8.2141
8.263313
8.187178
8.306014
8.170112
8.320063
8.26717
8.40026
8.256273
8.347903
8.271465
8.296325
8.281224
8.312685
8.298514
8.42409
8.33482
8.376494
8.349455
8.4881115
8.357448
8.491159
8.359095
8.410158
8.239446
8.2349415
8.044791
8.193407
8.124172
8.314512
8.406877
8.5354805
8.44567
8.551667
8.453595
8.556343
8.4481735
8.552178
8.403635
8.384781
8.1464205
8.185319
8.08598
8.161771
8.119449
8.241147
8.171583
8.347948
8.2101965
8.363769
8.184145
8.221518
7.9752975
8.038946
8.013895
8.100607
7.942548
8.028816
7.9474363
7.8506327
7.9683642
8.009384
7.918517
7.923876
7.917553
7.970427
7.8928404
8.012004
8.002459
8.048206
8.003693
8.012581
7.9838004
8.130909
8.074696
8.167574
8.221138
8.201474
8.122095
8.079187
8.103345
8.123567
8.085463
8.036477
8.121897
8.159684
8.157796
8.121774
8.091702
8.179125
8.242836
8.156997
8.274881
7.9132543
7.8610516
7.6440725
7.4781504
7.5015903
7.36093
7.0942645
7.124133
7.098244
7.029151
7.026493
6.968833
6.827383
6.6628804
6.3310137
6.249212
6.3901834
6.211235
6.0578365
5.7936277
5.513898
5.2180243
5.234945
5.052668
4.852095
5.140884
4.675226
4.6127563
5.0102744
5.2123594
5.7571077
5.4743123
5.252281
5.122059
5.055395
5.4953375
5.4677954
5.425147
5.0002565
4.4940095
4.8358173
5.337034
5.4010963
5.0775003
5.3170924
4.7859774
4.722517
4.9699416
5.0349708
4.9921813
4.779155
3.9887528
4.3111534
4.3184566
3.9966056
4.3032465
5.1479387
5.263197
6.155928
6.6343074
6.825428
7.357353
7.033562
6.4547706
6.063097
5.4052625
5.1582828
5.053881
6.3571863
6.9904146
7.9891877
7.513756
6.8259916
7.2497187
5.90029
6.7271223
6.6655602
7.3600554
7.3760157
6.888703
6.965456
7.205666
6.6462116
6.8273096
7.137637
7.689476
8.04839
7.7374506
7.7923083
7.8214436
7.608073
6.493406
7.3015647
7.5671844
7.4679656
7.619912
7.2409964
6.8632984
5.9841194
4.644929
3.6776004
4.219533
3.6134977
3.0309167
3.6480637
3.4520764
3.3242526
3.3541267
3.2945251
3.3873186
3.5735564
3.713107
3.5840547
3.3743184
3.6686633
3.5683386
3.554717
3.9489107
4.0627317
3.9283133
4.045683
4.148885
4.1701593
3.8991764
3.615478
3.6292305
3.3403416
3.2625504
3.2375097
3.2724044
3.1736748
3.3029945
3.1983168
3.215027
3.3988793
3.4723926
3.5774105
3.540565
3.1212254
3.088123
2.7676833
2.8526905
2.9591284
2.812949
2.722277
2.7622652
2.7523594
2.8410633
2.7876298
2.942859
3.184023
2.975027
2.307107
2.1274688
2.4770012
2.6783197
2.8426769
2.7233443
2.9381185
2.8024309
2.9682348
3.4153116
3.7922933
4.023237
4.098068
4.036908
3.9358273
3.6034403
3.3836958
3.454987
3.3814726
3.3771842
3.3104684
3.4037993
3.1975865
3.350308
3.4532955
3.5162306
3.7394216
3.693872
3.8435688
3.8548613
3.7536514
4.017177
3.9135423
3.5040042
3.4205945
3.3958602
3.4166775
3.1682057
3.1463537
3.2797022
3.1756105
3.1108332
3.13868
3.104886
3.1113849
3.1552277
3.1287594
3.144676
3.1832733
3.0976284
3.1943977
3.1216183
3.1185746
3.1674213
3.034154
3.2486234
3.1963882
3.1537976
3.0633707
3.0777764
3.2616887
3.0783834
3.102232
2.9753208
3.001539
2.9002764
3.0798104
2.933247
3.00798
2.929314
2.8714824
2.8823838
3.0053208
2.8820899
2.6542807
2.7339404
2.8726215
3.1346264
2.7384987
2.6160452
2.701348
2.9417298
2.7733319
4.428767
3.3061316
2.1794686
2.1282368
2.4486895
2.9046662
2.8722978
3.0289626
2.4568217
2.4367166
2.8490934
2.8342998
2.4896717
2.3109686
2.3663132
2.5409727
2.6841028
2.8698864
3.1025648
3.266626
3.1539354
3.0298567
2.7638996
2.2463665
2.0670974
2.1663847
2.0170171
2.3020926
2.094149
2.2368073
2.2364051
2.1977248
2.2015522
2.1374397
2.1984537
2.120112
2.1277199
2.2737916
2.2548697
2.229824
2.1490142
2.0349793
1.918329
1.8912942
1.761114
1.7984921
1.9630765
1.9607893
2.0146666
2.0671034
2.0103018
2.0266972
2.078852
2.2204192
2.2302651
2.276921
2.1503518
2.2269192
2.360843
2.344965
2.435857
2.4551883
2.463469
2.5048013
2.357421
2.516118
2.4948196
2.5037055
2.3704386
2.5503237
2.3535259
2.538528
2.3882546
2.4344442
2.50675
2.35134
2.4367635
2.3038697
2.433499
2.40199
2.4130447
2.2494693
2.2510512
2.152147
2.2140315
2.1211205
2.1598377
2.032918
2.1493742
2.0090096
2.1187744
1.9296211
2.0175436
1.9868449
1.9283909
1.9357862
1.8898542
1.8897462
1.871963
1.9769754
1.9822869
2.0178797
2.1071177
2.020302
2.1565506
2.0650322
2.1156802
2.0144174
2.063564
2.059398
2.0637407
2.0075898
2.0717316
1.9020988
1.9843857
1.8955549
2.02924
1.9693836
1.9200214
1.9905473
1.9374328
1.9626571
1.8757501
1.9750006
1.9222397
2.0108542
1.9310087
1.9924256
1.9199601
2.0024
1.9737155
1.9302659
1.9383087
1.9669456
1.9675945
1.9185638
1.9355577
1.9101025
1.9662435
1.9963028
1.9527686
2.006168
1.9574969
1.9372467
1.8927759
1.9958237
1.9419777
1.9936397
1.929866
1.9737127
1.9638706
1.9412572
1.9206889
1.9825736
1.9032968
2.0037441
1.9949378
1.9789733
1.9651979
1.9310561
1.9555603
1.9562185
1.9955893
1.9801726
1.9761711
1.9952648
2.0139463
1.970645
1.9973776
2.028117
1.9918954
2.0745473
2.0220044
2.0320463
2.0306854
1.9803014
2.0593433
1.9519151
2.0555816
2.0966644
2.0071313
2.0306802
2.120033
2.012309
2.136405
2.0520601
2.1941137
2.0494533
2.150552
2.088343
2.2078142
2.1207843
2.173869
2.2158377
2.2110226
2.1487274
2.289413
2.2264433
2.2769978
2.2990265
2.2170546
2.2978454
2.2261033
2.3244574
2.369626
2.208882
2.3094609
2.2094483
2.3110561
2.3191533
2.3061008
2.336417
2.260088
2.3574913
2.3608127
2.3144841
2.1940129
2.392078
2.1794019
2.3921223
2.3645701
2.3395467
2.3300302
2.353495
2.2768953
2.3860922
2.3905694
2.4768016
2.354764
2.5452082
2.456589
2.4244165
2.4395735
2.3681948
2.303238
2.3428123
2.279746
2.2299404
2.2793593
2.2495368
2.1733665
2.2018337
2.161452
2.2001112
2.1693034
2.2357624
2.259256
2.0986466
2.0778987
2.2006638
2.1874328
2.2817686
2.2533205
2.4740577
2.5369725
2.8317974
2.833233
3.1073089
3.141761
3.2984498
3.2892501
3.3703506
3.4120846
3.2511408
3.1995218
3.4554117
3.9267871
3.78322
3.147188
2.9493468
2.804947
2.7000654
2.5190465
2.33107
2.3080564
2.602582
3.692932
4.098864
4.6298103
4.8358893
4.8902807
4.843219
4.5658774
4.666231
4.34798
3.6370058
3.2987325
3.6071522
3.6305938
3.870772
4.0957923
4.095641
4.1151824
3.9689038
3.5841808
3.67649
3.3487933
3.6129198
3.9745958
3.4255369
2.841022
2.755331
2.6900835
1.3311542
2.5064023
2.4045334
2.545467
2.4162548
2.5966182
2.838494
2.8123815
2.8097334
2.9778638
2.8496408
2.8506155
2.8822937
2.9779665
3.067511
3.0326006
2.939975
3.0049508
2.9358177
3.0961657
3.086604
3.1180813
3.1611896
3.138663
3.15644
3.137976
3.2638655
3.1785092
3.1041234
3.15499
3.1601443
3.1792402
3.247775
3.3292444
3.2231796
3.1341126
3.3243954
3.3202436
3.287603
3.3433275
3.3494449
3.3779302
3.3822584
3.401199
3.2860618
3.116041
3.115336
3.2581935
3.234305
3.2365065
3.296671
3.3520484
3.243101
3.4241698
3.3947659
3.3909302
3.3483377
3.4072757
3.3924854
3.4543283
3.4181476
3.469302
3.316566
3.4129894
3.3112996
3.4096808
3.3873644
3.3796883
3.3052304
3.4283798
3.3109207
3.4154928
3.2210023
3.296189
3.1811647
3.2155895
3.218611
3.2191472
3.184647
3.1893036
3.210662
3.2554793
3.3136764
3.27699
3.2612848
3.328566
3.2026463
3.2390947
3.2557714
3.1702778
3.1909714
3.2408707
3.25975
3.401882
3.3062375
3.181154
3.2684917
3.3704157
3.3394668
3.333578
3.326385
3.2821116
3.3496022
3.3375056
3.3272908
3.2694132
3.1337278
3.345648
3.2597911
3.334626
3.2450314
3.3594017
3.337549
3.3526888
3.3662095
3.3146389
3.29012
3.3078525
3.1720176
3.3287609
3.229754
3.23351
3.2303061
3.363492
3.3699193
3.4033833
3.3347397
3.402068
3.3229833
3.2524712
3.2993038
3.3178148
3.234539
3.246641
3.254902
3.2666314
3.2220898
3.2286713
3.2317362
3.2012177
3.1876097
3.2085135
3.2560627
3.23485
3.2385693
3.24756
3.1144974
3.2285001
3.207646
3.02515
3.2677257
3.2474582
3.2251961
3.220975
3.2290967
3.2186408
3.2055657
3.1726315
3.2012122
3.1620092
3.1665025
3.2067814
3.223518
3.2021651
3.1172187
3.2084818
3.121033
3.2555661
3.2613502
3.1266322
3.236606
3.0943832
3.2114904
3.260518
3.3164551
3.2860591
3.3478956
3.3429527
3.358914
3.3450315
3.3665848
3.3475792
3.389628
3.3379157
3.3537023
3.365659
3.4302769
3.4270704
3.2904546
3.2408078
3.277605
3.2703123
3.3636506
3.253135
3.2932997
3.1645284
3.2726274
3.3346786
3.3647346
3.2886949
3.2097347
3.277266
3.2339606
3.2859433
3.1233363
3.1620204
3.2878501
3.2599387
3.210302
3.2300518
3.2272007
3.1599
3.1944075
3.087456
3.1706884
3.2459118
3.2938893
3.2432554
3.3043034
3.3058343
3.2565718
3.1267917
3.1687539
3.6222737
4.4089065
3.6441712
4.057057
4.037594
4.09771
4.538899
5.0066996
4.636784
4.699423
4.2300825
3.9296966
3.8257098
3.6503234
3.7405102
3.520011
3.4347553
3.7873003
3.846457
3.7971613
4.0702696
4.161361
4.438856
4.3359427
3.7549071
4.1568394
3.8791625
4.2054186
3.8594406
3.9012852
4.020701
3.8198013
2.9466646
3.0170434
3.754746
4.8021436
5.2545586
3.888831
3.9870975
4.2996316
3.7049384
3.4323833
3.1959705
3.2178857
3.1800673
2.6336925
2.6205993
3.1050084
3.2239833
3.2404578
3.4700582
3.5208807
3.407736
3.3722491
3.5017364
3.3865132
3.3757372
3.4442246
3.370032
3.4054995
3.2719245
3.3420215
3.4021993
3.4531875
3.5018082
3.4548979
3.6110175
3.4388812
3.5387301
3.4713967
3.5653186
3.359139
3.6116564
3.6035767
3.5641465
3.5346994
3.563304
3.192471
3.3231685
3.3191028
3.2190382
3.1542873
3.2952924
3.8999233
3.8312714
2.7814453
2.879531
2.6697865
2.610481
2.656546
2.5318677
2.3239682
2.2856863
4.1358833
4.520912
4.4282107
4.5723014
4.6610293
4.6981535
4.5362573
4.4770994
4.4055934
4.4886665
4.6718974
4.55934
4.6064386
4.47197
4.52917
4.319011
4.328637
4.3769217
4.452169
4.421352
4.5405154
4.544365
4.5614085
4.6194816
4.6210485
4.6035237
4.634242
4.6127944
4.6475043
4.663852
4.5988293
4.643924
4.580688
4.630625
4.572228
4.596082
4.6556687
4.61077
4.605466
4.669469
4.6363573
4.7682514
4.679876
4.7052736
4.687059
4.778032
4.742105
4.663378
4.7563276
4.6739883
4.7510047
4.74916
4.7435036
4.716675
4.693208
4.742192
4.7578273
4.7422395
4.763669
4.771458
4.760877
4.735783
4.7160697
4.7444115
4.7841454
4.773195
4.7436485
4.7875805
4.782182
4.818283
4.756075
4.6891294
4.7415886
4.777623
4.771042
4.723835
4.7932253
4.7866073
4.7847347
4.77023
4.839896
4.835176
4.8964014
5.0303316
4.988777
4.958859
4.903265
4.9219937
4.8684654
4.8867683
4.8459005
4.870265
4.8661833
4.86702
4.966545
4.8242726
4.8840866
4.834169
4.7411737
4.7813416
4.7833147
4.78693
4.8163476
4.8245444
4.860011
4.8534937
4.8645196
4.8739014
4.90286
4.921952
4.9068136
4.8959618
4.8926444
4.8851366
4.8689494
4.8072414
4.7965083
4.837405
4.7558703
4.81809
4.878496
4.8540564
4.847788
4.8514686
4.8576717
4.8393
4.8065968
4.8318386
4.7482886
4.767566
4.7552648
4.823489
4.7809105
4.833562
4.832947
4.756463
4.8120985
5.0611725
5.15085
5.2233615
5.3458953
5.4578724
5.45012
5.493223
5.421221
5.4362545
5.4282484
5.4696255
5.4178376
5.546413
5.5476894
5.49154
5.510284
5.493923
5.5326385
5.54473
5.583729
5.565234
5.470362
5.499802
5.462919
5.541064
5.6149764
5.670883
5.6606636
5.6192455
5.5826416
5.5846095
5.6352344
5.6121154
5.631316
5.650419
5.566158
5.6186404
5.6760335
5.591449
5.6683846
5.6646094
5.690236
5.596433
5.584453
5.6672564
5.557994
5.587496
5.6391196
5.682807
5.7230372
5.694596
5.6985617
5.88331
5.7048564
5.761955
5.81421
5.8777485
5.858024
5.8627114
5.801726
5.94152
5.838132
5.917835
5.732467
6.016033
5.7882733
5.799302
5.8211308
5.7156577
5.9473953
5.8008904
5.8096914
5.7217846
5.7941904
5.759342
5.849722
5.6454053
5.7846527
5.809922
5.6929226
5.708048
5.7367196
5.7010355
5.7139897
5.7635202
5.7831783
5.7289467
5.798219
5.791042
5.769599
5.7050123
5.777766
5.703602
5.78384
5.764558
5.7605634
5.7651663
5.794276
5.6968026
5.8045764
5.7704268
5.8878345
5.980914
5.9173017
5.880862
5.57561
5.699667
5.6180096
5.558625
5.341092
5.489911
5.707082
5.2357206
4.4421716
2.8399973
2.669067
3.034288
3.1822693
3.7944171
3.5363598
2.401728
2.5199568
2.1590834
2.2424724
2.1234343
2.4501407
2.6258
3.0488365
3.530887
3.690086
3.7459314
3.8148603
3.7464466
3.491782
3.5762355
3.381239
3.4378033
3.2656221
3.4304981
3.3668644
3.6066074
3.544822
3.582042
3.7297785
3.6026602
3.4572825
3.2397935
2.8797908
2.3842654
2.3617203
2.5186737
2.4970124
2.6793644
4.702543
5.5745654
5.907996
4.529992
2.7859674
3.029975
3.1928713
3.8480315
3.8558323
1.6114343
1.0935084
1.2907665
2.200511
1.9877076
2.146803
0.56815237
0.9522779
0.8955012
0.74237394
1.1000665
1.5941235
1.4552655
1.507014
1.3390884
