10000
5.138949
5.139018
5.0281844
5.214593
5.1510925
5.1871367
5.124652
5.1697974
5.173105
5.106188
5.089721
5.1032386
5.1550236
5.104663
5.155281
5.1404777
5.1481495
5.2429104
5.2666473
5.2171125
5.1449256
5.0918565
5.2687454
5.1767206
5.204067
5.261315
5.1942997
5.18274
5.240774
5.2119975
5.283019
5.1913176
5.213124
5.2388525
5.142761
5.2441835
5.276546
5.1703167
5.23149
5.1707373
5.1801295
5.190696
5.1804023
5.2144823
5.1760626
5.190424
5.2544928
5.2149563
5.1524887
5.2304554
5.218479
5.2346926
5.0046883
4.9120502
4.8329964
4.744468
4.9063983
4.8945026
4.871332
4.7588162
4.944063
4.8026805
4.701488
4.811517
4.6389985
4.8177195
4.797103
4.8018236
4.8736157
4.898211
4.823673
4.9000077
4.7639856
4.762496
4.71935
4.707107
4.652463
4.732883
4.6753607
4.645116
4.76229
4.753188
4.5894303
4.6719055
4.637245
4.6863456
4.7001934
4.650845
4.6573796
4.570568
4.574924
4.5523596
4.5920525
4.641079
4.710852
4.758096
4.602414
4.464517
4.6133037
4.6815104
4.632279
4.6066427
4.608033
4.5697737
4.600483
4.555619
4.6026297
4.724097
4.63423
4.6515574
4.604602
4.633501
4.563872
4.498371
4.617247
4.3314433
4.3534565
4.4622307
4.2980003
4.2111855
4.2966437
4.0825806
4.1163216
4.0547695
4.056177
3.9241502
3.9459512
3.7996943
3.7706342
3.7462893
3.7736647
3.8100212
3.7388642
3.6844072
3.515633
3.5984707
3.5521579
3.6734695
3.6384645
3.573817
3.6497803
3.5765004
3.6936398
3.6332214
3.7062755
3.6723208
3.616037
3.5092413
3.4963307
3.498573
3.499821
3.3981855
3.4615998
3.5018218
3.4908342
3.4167683
3.358222
3.3211663
3.152796
3.2242527
3.0978334
3.2202666
3.1026647
3.0483148
3.0891905
3.0925589
2.9736907
2.911784
2.7007384
2.6859417
2.5659976
2.419652
2.3036852
2.255056
2.111653
2.062223
2.054567
2.0127578
1.9975996
2.0416932
1.966519
2.0453916
2.0523891
1.9719479
1.9282055
1.9844286
2.052326
2.0972621
2.047689
1.9841622
1.9453577
1.9435852
1.9989408
1.9914837
1.932181
1.9493783
1.7754896
1.776496
1.896292
1.7916743
1.7738382
1.6868083
1.7723066
1.6180854
1.454996
1.2516373
1.1696055
1.1099749
1.185574
1.2110935
1.2812599
1.1068684
1.0191591
1.0928245
1.1713237
1.1343193
1.142983
1.2441921
1.3319722
1.5082712
1.5851139
1.76408
1.6741227
1.8376907
1.8270321
1.8543884
1.9690062
2.1407216
2.2832098
2.3719857
2.5145369
3.0714371
3.0227988
3.0584779
3.0526538
3.0170712
2.9816809
3.0760303
3.0125263
3.0306005
3.012953
2.9846015
3.0328963
3.0535753
3.0392814
3.0617056
2.9452386
3.0516949
3.0287664
3.0308414
3.0185113
2.9573836
2.9969926
3.0607395
3.0012193
3.0082684
3.1238322
2.9991171
3.0361109
2.9567494
3.1033616
3.0368466
3.0162168
3.0331204
2.9427726
2.9866304
2.9459066
3.0541053
2.9821737
3.0284855
2.9818044
2.9665608
2.9757912
2.9228253
2.9295313
2.9533496
2.989324
2.935435
2.9577203
2.9533782
2.905109
2.9703515
2.936441
2.9999218
2.9829297
3.02153
3.0089047
2.9913867
3.000128
3.1025953
2.9270823
3.0139945
3.1091135
3.1325502
3.1000028
3.03839
3.050242
3.10284
3.0999794
3.0401454
3.1214995
3.0437503
3.092785
2.9863176
3.0555973
3.049369
2.957765
2.9470046
3.0370178
3.0048027
2.9561162
2.9906602
3.0692987
2.954381
3.0031924
2.8886738
2.8440502
3.0126748
2.960843
2.9135435
2.8917346
3.0061607
3.0386486
2.9007578
2.9029164
2.9292722
2.8764899
2.9755998
2.8842509
2.9409566
2.953707
2.9408088
2.9771113
3.0483465
2.9537516
2.9168801
2.9393272
2.9209409
2.8646133
2.9453025
2.94474
2.9160736
2.8770032
2.8718364
2.939207
2.961771
2.9819195
2.9505987
2.988996
2.9548264
2.9955177
2.8976731
2.991211
2.9305289
2.9197392
2.936079
2.9620194
2.9544683
2.982771
2.9750462
2.9005523
2.9131856
2.945471
2.8457155
2.8862193
2.8609633
2.8767684
2.8370948
2.8246899
2.8081343
2.921979
2.7623265
2.8143811
2.7815928
2.9214096
2.9174337
2.8203344
2.885099
2.831386
2.918905
2.9743707
2.9460192
2.8966362
2.9273276
2.919701
2.957928
3.0225015
2.9880345
2.9701989
2.9752378
2.9832706
3.0593722
3.0904694
2.5177822
2.1254547
2.1167402
2.2672503
2.277515
2.601905
2.6356153
2.604784
2.908773
3.091826
2.6751745
2.6036396
2.4346144
2.5543044
2.573123
2.4307218
2.5322454
2.4572923
2.9986799
3.1289968
3.1465182
3.193328
3.1488686
3.1204786
3.0921006
3.16142
3.088169
3.1265237
3.0952692
3.0804274
2.153957
2.352098
1.9121511
1.9564091
2.0679207
1.9305074
1.9596058
1.987582
1.7461122
1.922559
2.1043146
2.189921
2.1213396
2.297678
2.6824586
2.7963958
2.734274
2.865411
3.102051
3.3889885
3.4357274
3.535483
2.1246595
2.2352998
2.9126084
2.8999465
2.839936
2.931142
2.2564197
2.1867583
3.0156722
4.3483496
4.4061284
4.3924603
4.350087
4.313128
4.3254294
4.042058
4.151196
4.2165833
4.2631893
4.3777266
4.351184
4.457464
4.532605
4.5867724
4.607527
4.511734
4.460699
4.6679673
4.646508
4.693102
4.725785
4.7221828
4.7003636
4.8022313
4.7939334
4.9036613
4.9108744
4.813276
4.8727093
4.782204
4.76883
4.8192644
4.808923
4.7740192
4.836929
4.802657
4.757674
4.845811
4.8549786
4.833952
4.7634473
4.832253
4.848592
4.6962347
4.8597226
4.742655
4.717304
4.694436
4.6913342
4.721968
4.795492
4.6817307
4.8138127
4.6514597
4.775039
4.6850023
4.770506
4.7005877
4.6790214
4.7104692
4.679888
4.686291
4.7400985
4.7497463
4.823144
4.7065644
4.714702
4.519037
4.4928036
4.338672
4.2643576
4.006797
3.9844759
3.5760744
3.3430285
3.4419699
3.7077935
3.6925972
3.845786
3.9284365
4.2684813
4.535852
4.6067924
4.522009
4.5261474
4.5580373
4.2658124
4.37326
4.562751
4.4669604
4.5412145
4.4891443
4.548285
4.27791
3.9767041
4.157552
4.006191
3.95606
4.045019
4.145923
4.117753
4.2042933
4.3180084
4.480274
4.554726
4.619609
4.6102223
4.6991334
4.5922728
4.643119
4.6474805
4.6383185
4.6177444
4.6327395
4.6131406
4.610586
4.6182823
4.6287065
4.6792703
4.621339
4.669899
4.633052
4.659176
4.6719437
4.6966667
4.70246
4.7023764
4.6565404
4.685193
4.6319494
4.589717
4.671611
4.580096
4.613674
4.6150737
4.618234
4.616818
4.6390133
4.6574264
4.6385922
4.618295
4.631672
4.651918
4.642883
4.6323833
4.531166
4.503126
4.4257345
4.443632
4.6236773
4.5891113
4.6884727
4.5595646
4.521332
4.3800755
4.5508895
4.3862734
4.427053
4.384763
4.4141793
4.4082084
4.3923163
4.2482843
4.093509
3.9701192
3.8913653
3.7552118
3.7996855
4.0368905
4.2040567
4.2319813
4.1044154
4.026145
4.1504507
4.140402
4.2217193
4.2032046
4.3016357
4.245598
4.1971035
4.123727
4.009519
3.7575307
3.6903014
3.8711615
4.0537386
4.1880236
4.067628
3.8725655
3.8502765
4.002553
3.9349127
3.5401847
3.596529
3.7368941
3.7042997
3.875621
3.3939507
2.9891486
2.9429305
3.0901659
3.1967227
3.291374
3.2348814
3.2852113
3.3473217
3.3310883
3.3308787
3.2925158
3.3210428
3.2770133
3.2940202
3.2364538
3.2579422
3.3096285
3.3160849
3.2748756
3.2139745
3.2405138
3.2729387
3.2638984
3.3063219
3.2582572
3.3035026
3.2902603
3.277422
3.2952266
3.2913637
3.3016176
3.310927
3.382463
3.3264723
3.34358
3.356388
3.3466446
3.332429
3.3383267
3.3521671
3.3437028
3.3091874
3.3071666
3.304081
3.327921
3.327145
3.2870064
3.330319
3.334206
3.3075433
3.3377323
3.3063965
3.458841
3.6046581
3.673327
3.5267606
3.4041219
3.2032113
3.0137544
3.2764025
3.6925502
3.5275846
3.3241005
2.9055185
2.4723024
1.9960247
2.113339
2.31662
2.4072247
2.433222
2.4714046
2.5488129
2.5451536
2.4805048
2.475374
2.459637
2.6758208
2.7319238
2.7154388
2.6255941
2.6479125
2.607229
2.475327
2.3748481
2.3602889
2.521209
2.5236487
2.4694712
2.3836775
2.3684654
2.3304684
2.3458076
2.358483
2.384361
2.4625263
2.484817
2.537219
2.571602
2.5999002
2.5813963
2.2036276
2.1031976
2.1158922
1.9945989
2.1474407
2.9494624
2.988014
3.0260851
3.0504162
3.0406003
2.967935
2.9613292
2.9604564
2.9106398
2.8466816
2.8239427
2.7570815
2.7153125
2.7381432
2.7869117
2.7876275
2.8793707
2.909586
2.8810518
2.9311996
2.693722
2.274129
2.1500196
1.9733294
2.014672
2.0953484
2.1222985
2.1901891
2.11602
2.2514875
2.2893534
2.146213
2.173656
2.2754917
2.21597
2.3005264
2.4158766
2.3939066
2.2771635
2.330101
2.3738458
2.4385266
2.6962159
2.6232464
2.6011682
2.4989786
2.5832384
2.6112864
2.3744516
2.3363883
2.1641185
2.2179163
1.7112483
1.7912226
2.1195142
2.3573499
2.285341
2.3966217
2.2966824
2.2595975
2.4308245
2.339602
2.461071
2.384689
2.622815
2.5564158
2.5646548
2.5321107
2.8359861
2.811459
2.8071282
2.868115
2.9227846
2.9209127
3.018252
2.966588
2.9574506
2.97547
3.0824232
2.9889147
2.9240792
2.6682267
2.5191202
2.4095566
2.5080338
2.3949127
2.3641834
2.3331268
2.379115
2.3188765
2.516031
2.4183583
2.4537163
2.3276582
2.3692424
2.3840232
2.394194
2.4195688
2.305246
2.4169853
2.3361309
2.3071826
2.0150743
2.1565528
2.1816177
2.072123
2.0368032
2.1830907
2.2663262
2.4429696
2.6444108
2.527149
2.5987005
2.721237
2.687817
2.6235166
2.6095374
2.325573
1.9453622
2.0341887
2.1716678
2.2050445
2.4028003
2.4172943
2.3175414
2.3169456
2.4394295
2.3080351
2.533279
2.4260306
2.609831
2.4200773
2.0599732
2.3352268
2.6715744
2.5285656
3.0043175
3.1200652
2.9957561
2.7141995
2.3160913
2.2805102
2.2881162
2.4062834
2.2888544
2.2004414
2.3701973
2.634484
3.0138297
2.9999042
2.610684
2.1236296
1.9982195
2.0209916
1.8232584
2.537456
2.7442024
2.68899
2.5865893
2.6108387
2.8132043
2.934712
2.729718
2.5204587
2.347203
2.054899
2.832962
2.8044033
2.867643
2.8120804
2.6794758
2.626235
2.7455401
2.8230538
2.7420113
2.540114
2.4058504
2.9178574
2.9669294
2.9244273
2.8718188
2.792586
2.7718356
2.980654
2.9797087
2.568304
2.3233025
1.983421
2.5941288
2.7352376
2.8400922
2.4767725
2.3876867
2.240798
2.646644
2.4061847
2.4135675
2.1965117
2.119128
2.1459086
2.2533004
2.0215673
2.2087781
2.406737
2.7862294
2.4827302
2.5475512
2.2435157
2.6149707
2.6146135
2.1987908
2.5842347
2.7055101
2.7014947
2.920654
2.8765473
2.7359562
2.0907495
2.0620525
2.3281116
2.6415513
2.617313
2.5186613
2.705621
2.6398506
2.6461163
2.7158046
2.6454244
3.037066
2.9836552
3.043559
2.3633683
2.1671138
2.4686124
2.5417926
2.8031275
2.724459
3.2062485
2.486307
2.4110632
2.32963
2.6006813
2.7969146
2.2602308
1.9657956
2.0471785
2.063065
2.0951185
2.1703684
2.1981173
2.1205845
2.4330046
1.7298311
1.7772363
3.1345148
2.6095788
2.5616488
2.4868958
2.3792832
2.1428194
1.6733775
1.9085376
2.0584965
2.0214415
2.0842636
2.3195431
2.2364714
2.2327898
2.5166461
2.2673151
2.0151508
2.5630388
2.3340263
2.6450639
2.6752386
2.6340778
2.7292566
2.3310447
2.8510323
2.4423084
2.8533711
3.1765952
2.9026694
2.5556014
2.5637817
2.594895
2.8266275
2.2053976
1.925595
2.0776565
2.1227221
2.0759392
2.40141
2.4097009
2.2013104
2.361148
2.4499912
2.6162195
2.577607
2.519791
2.6825197
2.1650684
1.9499274
2.24837
2.1307232
1.8739569
2.1674888
2.43602
2.4404755
2.1367698
1.9771595
2.1598399
1.8105831
1.9238732
2.13849
2.0833578
2.3884566
2.3345318
2.1985965
1.624148
1.8842944
1.8873285
2.212024
2.048542
2.4853518
2.4773
2.4391348
2.5296662
3.0587213
3.0322886
3.076963
2.75685
2.3875086
2.3833265
2.412058
2.5263867
2.5038898
2.5603077
2.5414526
2.419295
2.4943638
2.645688
1.9529577
1.893379
1.9417374
1.8507986
2.4135542
2.5959523
2.9183896
2.8715336
2.8929539
2.811672
3.0022128
3.1937695
2.2161534
1.9944234
3.2510784
3.3068857
3.1995246
3.4434288
3.0917337
3.1844904
3.1741178
3.2140849
3.3345456
3.185352
3.2351756
3.1440125
3.097998
3.5729713
3.4902236
3.4256034
3.3493922
3.3806033
3.1794174
3.306365
2.9850564
3.0232582
3.0625086
3.0183883
3.0610695
3.124824
3.192725
3.0281074
3.2680972
3.2611039
3.1060572
3.0509882
2.8965888
3.1946514
3.1613066
3.3240733
3.252556
3.3802238
3.4018605
3.349136
3.2971556
3.1690185
3.2299402
3.2149515
3.0553088
3.3318012
3.3380897
3.2137718
3.271506
3.1819813
3.003869
3.045353
3.076672
3.2040644
3.3787608
3.2872772
3.0800145
3.0176425
2.9288418
3.094675
3.2463596
3.1710138
3.1920018
3.3117328
3.31745
3.2908845
3.2646997
3.272181
3.3185143
3.316753
3.2412372
3.2617238
3.3389928
3.4019723
3.3926964
3.3109066
3.3875458
3.4241488
3.315727
3.5000958
3.2829058
3.259325
3.136822
3.1886065
3.0800939
3.2473464
3.2253933
3.254687
3.2454817
3.2751913
3.343862
3.2713332
3.3334017
3.3277075
3.3514533
3.3256621
3.5087695
3.352489
3.2405238
3.404189
3.4300199
3.5038486
3.3866346
3.2854187
3.5364847
3.2655807
3.301443
3.1746693
3.174691
3.1301603
3.2073083
3.0952516
3.1178558
3.1321683
3.1594741
3.1244118
3.1269612
3.0853767
3.0031729
2.9717128
3.0127468
3.1102104
3.1524165
2.9988196
2.9437432
3.0382037
2.901048
2.9683447
3.014203
3.0780425
2.9861598
3.1020217
3.1002727
3.0981843
3.154532
3.0161572
3.0614765
3.0888324
3.0626516
3.1411848
3.124443
3.0768802
3.1984916
3.5229287
2.1308124
2.4133635
2.5724406
2.42876
2.58571
2.5963678
2.8511434
2.6792662
1.8651811
2.2118773
2.0670614
2.0828977
2.4628654
2.1386065
2.310847
2.4202697
2.7893267
2.7521675
2.8328116
3.2776856
3.1681604
3.029086
2.6632376
2.5902514
2.6038702
2.4862795
2.452224
1.8707762
1.8311882
1.2523856
1.2743157
2.389903
2.8842633
2.9077084
2.7721367
2.8064058
2.6384425
2.8118424
2.4872177
2.3944771
2.3851407
2.1940572
2.8783987
2.8865037
2.7069762
2.82062
2.9539056
3.0495558
2.9772024
2.6831439
2.1353765
2.2142088
1.8014404
1.1612064
1.6106904
1.87989
1.9906807
1.7659956
2.0244687
1.8720183
1.5169787
1.329261
1.4870106
2.2134247
1.8694057
1.8532968
1.462245
1.4690514
1.5885421
1.4913696
1.8213894
1.8143646
1.9249381
2.0049171
1.8242528
2.027252
1.7646053
1.958307
1.9802744
1.8760537
1.9379002
1.7491802
1.7591805
1.6008004
1.6362948
2.0581737
2.2096958
2.4350772
2.5262344
2.2631955
1.89816
2.165907
2.1678832
2.209555
2.1549652
2.162003
2.1102598
1.7486567
2.500795
2.2031894
2.318353
2.2772832
1.7399702
1.8629243
2.1706562
2.566838
2.438646
2.5395138
2.22656
2.257669
2.174517
2.3133771
2.444862
2.4379406
2.3370125
2.3364062
2.2194867
2.246312
2.2349668
2.2306929
2.2373312
2.198546
2.1927674
2.1851845
2.1038857
2.1766357
2.147785
2.11262
2.0813787
2.1491063
2.1208339
2.3845644
2.2796857
2.4254339
2.4047294
2.376254
2.3778248
2.4462886
2.416399
2.4109473
2.4889522
2.4057856
2.4024072
2.394623
2.3548706
2.4292321
2.4699087
2.439521
2.438428
2.467618
2.4297554
2.5444646
2.4852734
2.4855807
2.4851327
2.4254673
2.3250666
2.4971254
2.1592278
2.1899028
1.8905075
1.8312224
2.4528742
2.028751
2.3619938
2.3847206
2.424952
2.498404
2.53158
2.5714707
2.5070388
2.595718
2.3525143
2.2086496
2.0950265
2.3224952
2.5715408
2.732473
2.7396133
2.7225587
2.6601443
2.5711203
2.456431
2.5188162
2.6157398
2.590324
2.5519989
2.5832195
2.2762387
2.0789492
2.2584121
2.27773
2.2534857
2.3270643
1.951812
1.937072
1.9839101
2.293697
2.4132876
2.4899209
2.4251373
2.5613832
2.5317223
2.571785
2.4074137
2.4453874
2.463518
2.415271
2.4909449
2.348779
2.3823867
2.3703032
1.6662582
1.2912332
1.2902862
1.3880476
1.3031894
1.3510877
1.500576
1.4498472
1.6752797
1.7883067
1.7180077
1.5997314
1.503382
2.1269712
1.5516746
1.8199341
1.673032
1.6596783
1.5501667
1.5912542
1.8332584
1.9268198
1.8949964
2.1905003
2.1987936
2.1781993
2.2197034
2.1796184
2.1511962
