10000
10.15627
10.058728
10.066952
10.061086
10.025457
10.056301
10.095263
9.983184
9.964531
9.951049
9.899039
9.937583
9.942285
9.90214
9.9664345
9.981005
9.887047
9.866302
9.981472
9.865599
9.98734
10.05578
10.035639
9.864775
9.990869
9.99215
9.990371
10.009908
10.133232
10.224967
10.00863
9.9859705
9.84826
9.931826
10.064292
10.105288
10.062953
9.937786
9.763366
9.625543
9.396145
9.1504345
8.832909
8.668953
8.269225
7.5345316
6.6512003
5.9643574
5.4994717
4.371991
3.6531413
3.837797
4.078437
3.986154
4.194166
4.804185
5.311015
4.3500786
3.5176358
3.9476295
4.9967537
5.086
4.8593736
4.002574
5.376569
4.8946323
5.2017303
5.7403107
5.254413
4.31613
4.360063
2.3353002
2.810731
2.9967716
3.4079368
3.886642
5.310755
4.952361
3.7902641
3.313593
3.3548143
3.4467335
2.8336167
2.4891567
2.4923267
2.2695472
2.5095677
2.8769681
3.6202488
3.9582705
3.933405
3.923152
3.6840534
3.8379927
3.6306927
3.9438543
4.3696537
4.2598085
4.3269296
3.5158062
2.3906763
2.47476
1.8333198
1.9181185
1.9268806
1.8519061
2.354029
3.1110337
3.6201203
3.4709146
4.2289896
4.0347958
3.8127632
3.9291098
3.5069795
4.858908
4.671936
5.1598625
3.9164734
3.9225945
3.606976
2.9099612
3.8841748
6.259985
4.459649
2.2172022
3.4529436
4.8130293
4.047096
3.786656
2.7891097
4.204844
5.1814013
5.037023
4.074499
3.8263373
3.8032138
5.257105
4.4304724
4.2362723
5.2748494
4.669176
3.7461276
4.6675825
5.0274973
5.5883694
5.1355357
4.096383
4.7020893
5.9294815
6.2123494
6.481005
6.136874
4.938882
4.2093277
5.0294104
5.610369
7.1774845
6.475456
5.0795646
4.8462973
4.6752777
4.871313
5.529627
6.5536585
5.880071
4.8483486
3.947199
4.7392693
4.197503
3.7938054
4.827251
4.549607
3.8605192
3.7055326
5.4024315
6.343082
4.9940166
4.988519
5.0446906
4.8612595
4.666789
4.6196637
4.681013
5.0763416
4.803959
4.1824675
4.1864386
3.8652735
4.156335
4.4422226
5.3057337
6.2752085
6.8843155
5.7478013
4.8744907
4.2079268
4.56908
5.53675
6.9430747
7.063807
6.7527733
5.7500124
5.0865283
4.5804405
5.5044312
6.30849
6.7281036
6.1391044
5.9742994
4.218878
3.5660973
3.7899022
5.229141
5.313789
5.2831
5.1847973
4.6689205
4.858715
4.1133475
3.9637039
3.979121
3.8334599
3.8905196
3.910397
3.2855408
3.6163642
3.313387
3.4497485
3.8929174
3.9466698
4.1066885
4.230551
4.0593696
3.959373
3.8488152
4.164216
4.39604
4.864684
5.396468
4.1125183
3.749827
4.026447
3.8588488
4.014594
3.9012623
3.3387861
2.7044322
2.8765454
4.172503
3.572656
3.3029594
3.6034267
3.6997046
3.7176287
3.4972079
3.775495
3.139315
3.584004
3.8265364
3.3426437
2.994604
3.4739757
3.2353783
3.6700668
3.2081923
4.0863404
4.275727
4.159708
4.2166157
3.4224162
3.1954126
3.1265483
3.1277573
3.6313329
3.8304183
3.9905207
3.8143353
3.7579815
3.4209943
4.3296256
4.4432926
3.792499
3.6936488
3.615628
3.7853591
3.0035603
3.172308
3.7548456
4.1658645
4.7169104
4.894308
4.1434903
4.4486723
5.1710277
4.7414956
4.008145
4.129524
4.487649
3.4464726
3.3155303
3.2392254
2.5083864
2.8272219
3.3726118
2.8918111
2.433805
2.7878406
4.3771715
4.4562635
3.624023
3.4174776
3.357243
3.7709079
3.5425835
3.5068824
3.2872431
3.2702324
3.03428
3.0856776
3.4656475
3.5202527
3.1624808
3.250079
3.6721668
3.886692
3.7683363
2.8434741
3.3882847
3.616159
3.0165186
3.0514858
3.454295
2.9259791
2.7489655
3.0291817
2.8487797
2.8693218
2.8174791
2.7759814
2.8599927
2.9436972
3.1351042
3.237217
3.530528
3.482177
3.4639616
3.6689916
3.8359456
3.8446825
3.7642584
3.1537886
3.028932
3.3493764
3.619079
2.9737895
2.9018052
1.895371
1.6551417
1.7119054
2.47462
2.8836353
2.413196
2.4291534
2.3794105
2.7249525
2.387067
1.5176331
1.4230388
1.4123408
1.3988429
1.3825088
1.324422
1.4136665
1.4281523
1.3461523
1.5512317
1.4301972
1.3518219
1.429144
1.3630813
1.3476243
1.3766992
1.4287025
1.421594
1.434377
1.3913648
1.4031286
1.3691541
1.4140087
1.3078974
1.3783206
1.334671
1.8049062
1.9705132
1.8899449
2.305346
1.4612005
1.3747859
1.3922611
1.4797921
1.5801783
1.5480033
1.5393391
1.618339
1.7715536
2.5214818
5.3218484
6.3869457
6.29889
6.485053
5.6703024
3.588229
3.3259363
2.9946098
1.992479
1.4343095
1.4439405
1.3238357
1.2628411
1.3208212
1.4544332
1.6059055
2.679118
2.4487064
2.4705758
2.8132172
3.5913262
3.3822944
3.4900641
3.6345673
3.5167265
3.027462
2.5803301
3.5741408
3.881199
4.0168524
4.032112
4.917835
4.7042556
4.519372
4.4413576
4.315387
4.0365477
4.8982973
4.7358646
4.8579044
4.7570195
3.5809214
3.9784737
3.457564
3.8479972
3.8040676
4.1836276
3.8133416
5.02402
4.834001
4.8136272
5.071346
5.27888
5.4199476
5.1980925
5.101718
5.2614803
4.967452
4.430018
3.1479907
3.548091
3.1578202
2.9826157
3.1078644
2.988498
2.9673126
3.1773891
3.154808
3.1033702
3.2156496
3.1111364
3.1073108
3.1447175
3.0088708
3.2232108
3.047236
3.0374646
3.25294
3.394559
3.3809264
3.4616494
3.7217894
3.616874
3.2071106
3.5959218
3.2410588
3.320118
3.286852
3.2491984
3.159903
3.3638248
3.3565452
3.3805716
2.6434636
3.4186883
5.052969
4.5062675
4.4426517
5.012461
4.949635
4.961818
4.647868
5.052199
3.159469
3.9476929
2.263171
2.2672284
1.8861028
0.42301387
0.39331257
0.5288909
0.5175332
0.56748146
0.55519104
0.5408438
0.47594205
0.45330304
0.43241617
0.4582968
0.79165965
0.4471685
0.43609774
0.47510594
0.4135818
0.42332774
0.44331604
0.549578
0.51142794
0.5298731
0.4983932
0.48216033
0.50357056
0.50147146
0.52271485
0.49034917
0.7510833
2.148738
2.7870288
2.8044484
2.8365667
2.8353174
2.7784724
2.8970459
2.8930693
2.727332
2.8620665
2.8204815
2.800765
2.7606657
2.6326356
2.3767583
2.1245396
2.3054388
2.4990652
2.488574
2.5195267
2.515776
2.597407
2.6754136
2.4715552
2.6695428
2.9274075
2.787461
2.2277763
2.1181207
2.5234308
2.6061215
2.4417033
2.3446972
2.2457619
2.2236514
2.24994
2.1720986
3.823313
4.186241
4.056896
3.2638278
2.9922526
2.858951
1.9975785
2.5723786
2.3967643
2.2726023
2.7493608
2.6449888
2.8894773
2.5583806
2.685277
2.6873772
2.7014122
3.3982046
3.6845965
3.3180106
3.2187471
3.5282376
3.8872821
4.14217
4.182079
4.1004114
4.0561876
4.15475
3.8342314
3.867518
3.8720298
3.9677148
3.8844073
3.844354
3.84236
3.7604175
3.8157034
3.7608056
3.732707
3.7656207
3.840141
3.9054961
3.7483363
3.6543317
3.7744164
3.8260822
3.790307
3.9331393
3.8237605
3.7801678
3.5490248
3.672336
3.503098
3.5411265
3.6626902
3.5683367
3.4479935
3.635904
3.6710024
3.640291
3.5631142
3.7658596
3.5429277
3.7716496
3.6109457
3.7055311
3.781544
3.6054142
3.6631894
3.6543016
3.7176206
3.827645
3.6055882
3.7033083
3.6390305
3.604603
3.7565048
3.646174
3.6151693
3.712476
3.7346282
3.6081333
3.7279575
3.59456
3.6196961
3.5696037
3.519635
3.6679835
3.5652425
3.5257187
3.4372594
3.4692144
3.6313336
3.6363082
3.5987697
3.440039
3.5599654
3.4581392
3.6848328
3.6660242
3.7391393
3.761668
3.9922264
4.3143444
4.4310465
4.3917155
4.4458723
4.5526533
4.0256853
3.8034573
3.7609277
3.723015
3.374968
3.1021123
2.941979
2.6679776
2.6320286
2.775531
3.17759
3.3397753
3.6710443
3.1459517
3.38474
3.3075778
3.2365417
2.7593796
2.8969567
2.570459
3.031245
3.1490602
3.6260262
3.8987248
4.0210195
4.2013626
3.7008507
3.0952542
3.2180161
4.051074
4.429877
3.5568566
2.168862
4.6942844
5.0346794
4.7602983
4.0382695
3.9492784
4.5100956
4.639129
4.947565
4.93089
3.709936
3.1074505
3.4964921
3.7361557
3.8334453
4.388905
3.5743341
3.2224886
2.8595238
3.2373133
3.3998692
3.1141627
3.2997038
4.0676064
3.9781199
4.007508
4.5223885
3.6519413
3.5829165
3.3394535
3.2535787
3.8634415
3.029047
2.9876132
2.8116899
3.0780902
3.137153
2.8009732
3.0627403
4.3721156
4.050352
3.2146153
3.599206
3.2383277
3.6629064
3.042601
3.6678214
3.1945562
3.3895385
3.2718651
3.4776216
3.8096051
3.7873862
4.203256
4.340692
4.486993
5.1597767
5.0886364
3.0811746
5.0803504
6.075471
6.468266
6.5188746
6.316839
4.9469676
3.2925124
2.3158157
2.465827
2.3675056
2.345022
2.3554008
2.6852198
3.2500138
3.76042
3.6899092
3.5767248
3.6047933
3.5632997
3.474477
3.6377559
3.725689
3.7527595
3.758094
3.7824636
3.779801
3.5092237
3.7220259
3.721015
3.717889
3.728915
4.002596
4.0391903
4.059402
4.3267827
4.0889916
4.219606
4.156613
4.304497
4.1971045
4.112704
4.1157103
3.989008
3.9689622
4.0792274
3.9711578
4.24774
4.183237
4.2364264
4.1893783
4.219536
4.130965
4.073362
4.127915
4.2951584
3.9805706
3.9632223
4.146341
4.190515
4.1411147
4.0539703
4.1792946
4.3145924
4.5141144
4.303723
4.4857087
4.5873322
4.571086
4.4435
4.4784203
4.283251
4.355683
4.37636
4.3202133
4.357023
4.148227
4.2961636
4.3169036
4.3186903
4.430535
4.4172454
4.4557276
4.5143533
4.440319
4.6047487
4.249933
3.9782872
3.9193015
3.832769
4.252915
3.949745
3.9348495
3.7131023
3.29716
3.4629474
3.1082587
2.9839876
3.2702298
3.3452857
4.119588
3.8955884
3.4327626
3.6444035
4.1567073
4.744513
4.243971
1.8974267
1.890621
1.9881259
1.9798151
1.9728447
2.2823107
2.3434477
2.6173716
2.6210864
2.7543912
2.7787592
2.7489831
2.7507305
3.246186
2.987395
3.2888572
3.0316265
3.076426
2.8322647
3.033093
3.0598352
2.7816422
2.9510117
2.8691318
3.0212748
3.0957408
2.9878416
2.8949828
3.0642016
3.077629
2.8264384
2.6409955
3.017705
2.8142793
2.7394261
2.6309717
2.593832
2.6696856
2.5306828
2.6740232
2.5600805
2.633293
2.7903767
2.6058397
2.650926
2.4115226
2.778091
2.669922
2.580267
2.6582673
2.677236
2.705387
2.5844805
2.6749194
2.510444
2.6477718
2.6409457
2.8152335
2.8472974
2.810377
2.7756848
2.386189
2.5108469
2.3179903
2.5175943
2.4891798
2.7139065
2.6411
2.7921004
2.7120101
2.7678456
2.9080184
2.903669
2.8994396
3.1601222
3.1951048
2.9607768
2.948917
2.8820786
2.9502153
3.1303296
2.8397903
3.0294032
3.003334
2.9168963
2.8528247
2.8312998
3.111157
3.1107323
3.0161066
2.9251451
2.857432
2.8604708
2.8720798
3.004723
3.0253055
2.9506032
3.0131288
3.0196137
3.1073003
2.873694
2.9398837
3.0259883
2.8953953
3.0216897
3.2044435
3.008009
2.9866986
2.897532
2.8672302
3.0237653
3.0099378
3.020729
2.953554
2.9585068
2.9548237
2.9874876
2.9942784
3.0793152
3.0541213
3.0128472
3.1513956
3.061164
3.1479404
3.0624704
3.115043
3.133552
3.058847
2.9254835
3.0429785
3.0067048
3.1672654
3.078009
2.8608224
3.0170865
2.6955671
3.0059834
2.978088
3.0037348
3.0008175
2.874291
2.836312
2.770952
2.9081914
2.8243294
2.7938223
2.715199
2.6798646
2.9307292
3.2332976
2.6944122
3.1214328
2.8320613
2.8807182
2.9940286
2.7759383
2.8534625
2.8541424
2.8780923
2.8604918
2.9299042
2.9307106
2.990666
3.2082841
3.1574445
3.4424784
3.1008005
3.481882
3.378821
3.2015307
3.3177245
3.33337
3.6565108
3.593311
3.5748868
3.4770525
3.3608832
3.596508
3.6221607
3.8231432
3.5485303
3.4483337
3.510935
3.5400007
3.5150752
3.6896815
3.8146265
3.867012
3.6630247
3.6227593
3.6263485
3.5753148
3.4402642
3.4338415
3.6771188
3.3915453
3.518234
3.6960268
3.4061203
3.751049
3.5702336
3.4860947
3.5753963
3.5855935
3.5792158
3.694975
3.608914
3.4009218
3.536067
3.4559333
3.6110897
3.4478104
3.45602
3.7253132
3.5959845
3.7781599
3.461352
3.7250776
3.598258
3.4176729
3.7365599
3.5426154
3.717186
3.5692773
3.492043
3.6736093
3.6708603
3.4772825
3.4607008
3.5017452
3.497435
3.5353541
3.503189
3.628807
3.5220385
3.3572884
3.5944223
3.500786
3.522336
3.5830681
3.508882
3.354057
3.4200623
3.4119928
3.445484
3.6954465
3.4925704
3.640073
3.5855598
3.7270985
3.5805383
3.4135005
3.757169
3.7016366
3.5839298
3.4850686
3.5965338
3.812772
3.5636091
3.5365882
3.6461453
3.3882766
3.4125617
3.3015313
3.538841
3.4537146
3.4727182
3.4844377
3.486847
3.117075
3.086394
3.2121265
3.1034665
3.3070881
3.079328
3.7437901
3.5415921
3.355515
3.3402395
3.6184058
3.280473
3.4729114
3.3624225
3.2063859
3.2764301
3.4009736
3.5710812
3.5394886
3.6197224
3.556584
3.382142
3.654629
3.058513
3.0153725
2.6474457
3.1795979
2.7359333
3.3678029
3.4481695
3.1225615
3.29529
3.080332
3.7357788
4.1083264
3.976441
3.4221687
3.1594508
3.5263116
3.987396
3.9692602
4.076252
2.64842
3.6398091
3.8478646
3.9741282
3.917675
4.053562
4.124053
4.1046634
3.7964578
3.9147563
3.8789682
3.6707485
3.5430942
3.4796896
3.5877695
3.4290411
3.4775853
4.3469996
5.7495065
5.883613
5.5134287
4.4001493
4.674469
5.392296
5.994839
5.617021
3.9763377
2.6066911
3.1300662
3.4198482
3.1015718
3.2992
3.6428876
3.2763731
3.2765076
2.692693
2.9101672
2.0063922
2.0082924
2.0150123
2.2088528
2.42228
1.9644725
1.4201803
1.069623
1.1119584
1.1442562
1.0249242
1.0994527
0.94775325
1.0489153
0.91743803
0.9447754
0.9827382
1.0473424
1.4478874
2.754029
4.3796964
6.0676575
6.0799346
5.8912573
5.3639812
4.5631313
4.605117
5.114772
5.0249643
4.6807184
4.8217344
4.579831
4.5460434
4.72768
4.454437
4.50155
4.6439915
4.9582777
4.66584
4.4340773
3.6917791
3.5308683
4.0134745
4.6022396
5.4479494
3.5543177
4.295337
4.7504644
3.9233983
3.8284135
4.479453
4.5665655
4.402325
4.274686
4.1001687
3.633811
3.6050596
3.409855
3.8230448
3.764692
3.9013615
3.931142
3.8080752
3.8089974
4.0270443
3.8926833
3.4564826
3.088825
3.3484275
4.855197
4.8475275
4.7317886
4.08803
3.805952
3.9891584
3.6946397
5.123892
4.9883823
5.182647
5.511285
4.256601
3.5041635
3.8286667
4.547261
4.7309
5.3198214
5.552472
5.2776804
5.4774046
4.8846464
4.4550815
4.8392744
4.8432617
3.8095717
3.4534483
4.341735
4.115185
3.8819373
3.236503
2.639553
2.7942395
3.1186154
2.5175445
2.7560058
2.6626918
2.7090726
2.6958244
2.633963
2.6458375
3.2191253
4.698634
5.2228208
3.8469644
4.5423484
3.9170783
3.175731
3.8388536
4.5084586
4.2475824
3.5473323
4.0264645
3.71027
3.8320603
4.433613
4.5897737
4.0955877
3.634111
4.7140393
4.9786844
3.650675
4.889226
3.8545256
3.6580327
3.4367146
5.0386176
5.0609875
3.3231418
3.339323
3.2151802
3.1687326
3.3128848
3.3844426
3.3188763
3.4010234
3.3398247
3.523953
3.3223546
3.4668226
3.6111767
3.5428274
3.7143729
3.6420648
3.6156592
3.4986947
3.503459
3.5231411
3.6332011
3.336595
3.4042008
3.2623258
3.2093167
3.3855298
3.663779
3.9743285
3.7630951
2.9409394
2.9211974
3.4651506
3.6188333
3.291769
3.2872577
3.8284316
4.0170326
4.1206927
3.4730139
1.0901551
1.1055472
1.1338792
1.1225712
1.1694336
1.2249355
1.2390401
1.2735071
1.3448849
1.3507514
1.419102
1.4612681
1.3772182
1.2963973
1.1909684
1.2192271
1.2185493
1.2193627
1.2179348
1.2265711
1.2676736
1.7966766
2.9542217
2.5954132
2.7300344
2.983774
3.0130696
3.7017965
3.6906242
2.069896
1.8291843
1.905399
2.0888183
1.9026202
2.067554
2.2507932
2.0677738
1.5542164
1.146938
1.0642226
1.0950581
1.1353039
1.1238867
1.1413007
1.1886305
1.3198129
1.3353074
1.529238
1.4961979
1.6696908
1.5957872
1.675309
1.5629978
1.5288599
1.5005285
1.4704733
1.3343549
1.24564
1.2402593
1.2912557
1.3004628
1.1952688
1.0915965
1.0710891
1.0246208
1.2039819
1.1857383
1.136007
1.110643
1.1638546
1.1807975
1.2456512
1.8409445
2.1430678
2.3565102
2.271678
1.8649757
1.4994521
1.7820321
1.1533434
1.0660092
1.8663994
1.9875264
2.8428216
3.4116237
4.138961
1.1095588
2.692343
2.216917
2.3368783
2.5724497
1.0600762
1.068514
1.0503337
1.0127409
1.1132737
1.0703375
1.1279796
1.0858305
1.0674764
1.075972
1.0509582
1.1303443
1.3824589
1.54471
1.815482
1.8244405
2.1942792
2.207525
2.2256079
2.2231274
2.8123245
3.592204
3.457461
2.6403184
1.8739237
1.8032626
1.378288
2.0835135
2.0175867
1.8561084
1.7932693
1.809362
2.2814214
2.8259614
2.858554
2.9624817
3.7344882
4.224206
4.1762238
2.9986322
2.2834394
2.3900366
2.753671
3.150829
2.815177
3.1179054
2.6767764
1.8703365
2.1351445
2.7769072
2.8897836
3.1809082
4.030856
3.7736022
3.798367
3.3015056
2.4939017
1.8946439
1.9492512
5.513749
5.650601
5.56889
5.6548014
5.681826
5.6466036
6.166562
6.233407
6.1054897
5.977457
5.222936
3.63801
2.9132423
2.3844757
1.4359078
2.2352085
2.5914671
2.5633862
2.4139025
2.814789
3.3748941
2.5834394
2.6253405
2.3963268
2.3617158
2.4809206
3.6257384
3.8984256
3.882615
4.3017287
4.420518
4.4443073
4.8888645
4.898527
4.446794
3.136111
1.9298431
3.1711454
3.619522
3.9798014
4.624369
3.0680976
3.3417773
3.2705274
3.1929195
3.4912758
3.333977
3.2954748
4.0197563
3.1218827
3.442985
3.833558
4.4183555
4.5736127
4.8137918
4.706469
4.0477657
2.5505283
1.9653555
2.0715976
4.4430737
4.6156983
4.663143
4.455852
4.6129637
4.609355
4.036325
3.9023962
3.7591882
3.4312158
2.4539857
2.8466594
2.8832572
2.5854418
2.748081
2.4206028
2.5862179
2.6892347
3.081693
3.2786374
3.4322991
3.7150328
4.466589
3.8249822
3.278079
3.227466
3.3168664
2.582265
2.5405836
2.7133253
2.8887339
3.1731637
2.8437166
2.9592402
2.9454923
2.6540658
2.1543882
2.6652117
2.6122098
2.6337316
3.241426
3.4707975
3.5031457
3.3050847
3.090064
3.217741
2.9631207
2.9559453
1.1788683
6.255148
6.9411993
6.769133
6.8606696
6.816142
6.863285
5.1638827
3.049995
1.4792452
2.2369337
2.6382947
3.2861676
3.380893
3.110807
2.7935386
3.2246597
3.2421937
3.2385511
3.3893673
3.2003913
3.3002698
3.2107368
3.2680576
3.14179
3.01089
3.096467
3.1919985
3.1955578
3.2765875
3.4004483
3.4703166
3.7817018
4.0277333
3.5619092
3.5278978
3.3631477
3.188991
2.6406937
2.175494
2.231426
2.7110434
1.7511451
1.7178109
1.4002292
1.4867997
1.3058298
1.2252854
1.2183472
1.3591863
1.3094759
1.2531811
1.175543
1.1993599
1.1220037
1.1007597
1.2692697
2.7094393
3.4083443
2.4120622
2.746496
3.1231425
3.1753907
3.1952329
3.302916
3.2947078
2.9707768
2.6993728
2.483167
2.8508275
2.2088025
2.2828555
2.474217
2.8123035
3.0220716
3.4276352
3.3931947
3.414456
3.3552318
3.380275
3.407115
3.4665341
3.5458665
3.1544518
3.1263504
3.2438278
3.492602
3.520396
3.5088737
4.6669235
3.3455377
2.8852487
2.5261729
2.007891
1.8271968
2.8410535
2.6485116
2.268977
2.65148
2.5779266
3.2178123
3.437852
3.4995399
3.5447428
3.892248
3.8206806
3.565609
3.4310455
3.7941961
3.523045
3.5845387
3.3624818
2.6972907
2.0511012
2.2536814
2.2094884
2.253902
2.1588693
2.0904942
1.5925269
2.151239
2.141779
2.3623397
2.2949066
2.3985336
2.2603047
2.6221836
2.8781369
3.016727
3.321268
3.00841
3.0875099
3.314412
3.2281504
3.310979
3.2372198
3.225451
3.2843733
3.298054
3.357425
3.533721
3.6947217
3.3527458
3.651992
3.708198
3.8042722
3.8687632
3.835055
3.8999617
3.9394026
3.8244286
4.011936
3.859785
3.7467687
4.06083
3.9218283
3.799785
3.6557283
3.7105994
3.6214113
3.605667
3.3309445
