10000
8.14053
8.108936
8.080432
8.041018
8.038589
8.017868
8.259655
8.22328
8.107414
8.125729
8.039439
7.9071016
7.6199684
7.6138306
7.688071
7.676774
7.701498
7.7213387
7.7710934
7.6665006
7.5606422
7.4820485
7.648415
7.5684633
7.5729423
7.5242295
7.419966
7.495436
7.482093
7.315914
7.264915
7.4749613
7.638643
7.7908707
8.016555
7.9589195
7.9587035
7.9307666
7.983961
8.022489
8.019036
8.031996
8.215644
8.190526
8.130574
7.894673
7.740438
7.5949774
7.3851824
7.39756
7.418828
7.478563
7.469758
7.6285553
7.637009
7.4807777
7.483686
7.3878546
7.471883
7.3237247
7.401276
7.422671
7.322818
7.299553
7.431377
7.2895713
7.184584
7.396965
7.5363617
7.7417197
7.84018
7.807619
7.7060738
7.765225
7.8507032
7.829526
7.86986
7.8132005
7.8646374
7.7690263
7.6884975
7.679146
7.5539827
7.379464
7.3247986
7.354756
7.459161
7.4113464
7.4859185
7.3548365
7.4402237
7.3426924
7.4226155
7.286541
7.480108
7.640485
7.5050488
7.3939414
7.4052505
7.3100452
7.1969004
7.1839805
7.311209
7.5829854
7.5484114
7.7866955
7.8285923
7.8168902
7.8093934
7.8229265
7.816207
7.8710804
7.9254365
7.8616486
7.779328
7.753263
7.7405024
7.7007756
7.6156063
7.4145136
7.546284
7.6114006
7.750372
7.7508726
7.996692
7.871523
8.03052
7.8996677
7.8945603
7.797625
7.743201
7.7543306
7.7304277
7.5116367
7.407423
7.162074
7.114886
7.1878595
7.413205
7.6690207
7.8244505
7.9662843
7.8876038
7.7894154
7.846162
7.9918423
7.8976855
7.7748227
7.9236097
7.904903
7.703664
7.728284
7.6546974
7.601252
7.3978705
7.394112
7.488057
7.63658
7.5890746
7.6544995
7.762668
7.7936516
7.8086677
7.811419
7.73519
7.6766067
7.8173895
7.827109
7.809798
7.703624
7.708926
7.456394
7.269255
7.333113
7.5941954
7.6239247
7.8168488
7.90058
7.8714824
7.836935
7.7787504
7.76087
7.822432
7.7396617
7.830114
7.8646307
7.7528243
7.6841893
7.624799
7.468076
7.424753
7.549565
7.620405
7.7697663
7.7927856
7.8459244
7.829857
7.833443
7.8917456
7.786932
7.844684
7.717055
7.8763566
7.856412
7.8025446
7.590266
7.4112945
7.224751
7.135004
7.363389
7.5591764
7.6935325
7.8396993
7.854774
7.840205
7.9037714
7.9420357
7.89845
7.8355665
7.8994546
7.874263
7.8007607
7.699297
7.5704103
7.4613523
7.3631053
7.359356
7.490923
7.5160093
7.5896316
7.7089972
7.66417
7.791835
7.7867813
7.7555866
7.766776
7.8023667
7.730202
7.7549005
7.781245
7.57235
7.569363
7.538494
7.274751
7.1498337
7.3425183
7.6448474
7.8552165
7.967684
7.867202
7.721811
7.6872973
7.6878104
7.71479
7.6587763
7.7649393
7.868044
7.9559402
7.8337417
7.816811
7.6970162
7.710589
7.422365
7.525778
7.553529
7.6516566
7.5427055
7.6626477
7.499663
7.482026
7.563963
7.448732
7.6071663
7.446902
7.577415
7.329524
7.39268
7.4067273
7.3292084
7.1664734
7.1312246
7.260172
7.6015525
7.685342
7.672655
7.6844563
7.5165477
7.4736
7.480949
7.5663633
7.63464
7.7662883
8.004205
7.830554
7.832133
7.7040014
7.563812
7.4713073
7.3560343
7.4096007
7.4781647
7.503545
7.503587
7.5197377
7.477344
7.4216833
7.7036767
7.5063653
7.654284
7.716438
7.544932
7.6301517
7.463637
7.455105
7.308603
7.20322
7.158708
7.3789763
7.624391
7.580968
7.7035756
7.7034755
7.55331
7.538006
7.5974545
7.630844
7.834732
7.7020893
7.9743166
7.770303
7.693678
7.394572
7.405155
7.3344994
7.4451785
7.516214
7.607217
7.560405
7.608527
7.608659
7.7275515
7.723751
7.48995
7.691004
7.5755615
7.55499
7.499068
7.291962
7.226759
7.255932
7.128604
6.938114
7.0743876
7.3744993
7.5558486
7.600152
7.559402
7.4846396
7.499709
7.4505196
7.4771957
7.522468
7.672902
7.5890083
7.7133937
7.660278
7.713757
7.5795317
7.4198537
7.2011995
7.2843184
7.3211846
7.3622146
7.3369584
7.1846685
7.321601
7.3923225
7.528755
7.3592615
7.377768
7.218079
7.423321
7.5477257
7.3887453
7.326186
7.210231
7.2083344
7.171534
7.1805496
7.508318
7.5087066
7.607223
7.651057
7.536573
7.4762397
7.4000487
7.4751678
7.523156
7.558916
7.5216856
7.653785
7.523938
7.5510283
7.305444
7.194229
6.8851695
6.959319
7.1104765
7.190662
7.160322
6.924236
6.991237
7.155474
7.378021
7.469901
7.3988714
7.43833
7.2062736
7.277684
7.183786
7.2481837
7.0597067
7.1921225
7.0965977
7.0655046
7.0480947
7.240775
7.28943
7.39211
7.3482265
7.370729
7.2710233
7.326434
7.31719
7.352432
7.4108543
7.4378514
7.551283
7.518159
7.531314
7.4512105
7.280249
7.1825104
7.3213196
7.41098
7.517226
7.313002
7.281968
7.3465395
7.5948834
7.6971755
7.6219172
7.6161785
7.629439
7.6874576
7.555265
7.472047
7.4471207
7.432163
7.4361715
7.348414
7.3514156
7.552684
7.6648903
7.7217164
7.7206736
7.7313213
7.678891
7.6857386
7.651903
7.775673
7.7246914
7.860772
7.7892632
7.7329717
7.6609316
7.5921435
7.4584546
7.232134
7.207598
7.201056
7.3179207
7.4130063
7.208422
7.438317
7.170378
7.4187407
7.312101
7.5278044
7.430643
7.5150967
7.4876657
7.598078
7.5359325
7.480571
7.323538
7.4417315
7.3987823
7.4672565
7.7388306
8.0573225
8.0707655
8.076668
8.103796
8.191257
8.1532955
8.200879
8.321787
8.279305
8.147534
8.235873
8.120703
8.029404
7.81626
7.6866326
7.693707
7.626386
7.920617
7.907604
7.8713784
7.8871217
7.8331113
7.8696074
7.9793186
7.995804
8.012259
8.084837
7.95448
7.9311504
7.915582
7.843698
7.769345
7.602106
7.5962768
7.777543
7.846777
7.922061
7.9931355
7.9901547
7.9807
7.966219
7.9367723
7.9759617
7.9395905
7.9157634
7.879677
7.8154736
7.8074174
7.847284
7.798172
7.7878194
7.7702856
7.610838
7.642218
7.735079
7.779427
7.7647
7.74823
7.636366
7.7547283
7.7826
7.778244
7.730083
7.770124
7.5766554
7.6393366
7.6035256
7.6875176
7.7330866
7.7680507
7.8817024
7.92735
8.018897
8.007069
7.968074
8.070428
8.03309
8.006288
7.9273777
7.850612
7.8316364
7.7694364
7.744743
7.747884
7.830676
7.776681
7.7597847
7.7384524
7.652545
7.5986094
7.761984
7.743262
7.747912
7.6211753
7.554379
7.5659213
7.7434936
7.726032
7.7623177
7.726182
7.723221
7.64246
7.6213503
7.665287
7.7558613
7.7888947
7.9173656
7.9378767
7.970269
7.914931
7.9924126
8.002696
7.8194532
7.8488846
7.728768
7.6413236
7.571953
7.647769
7.54966
7.5022726
7.5954695
7.5779314
7.5472093
7.609617
7.57866
7.554942
7.658293
7.7092557
7.6413307
7.699974
7.528829
7.5270023
7.5460443
7.7165
7.7445807
7.7245517
7.8048687
7.647675
7.688479
7.751459
7.8382115
7.881637
7.844999
7.887808
7.843922
7.7661343
7.7669034
7.6696405
7.579435
7.730624
7.6341696
7.568969
7.59982
7.4823976
7.470379
7.380327
7.420199
7.551705
7.5151687
7.5759835
7.6234865
7.5142493
7.636093
7.737178
7.7746572
7.574614
7.3492484
7.320444
7.4199543
7.474244
7.507295
7.5433974
7.536647
7.481948
7.3083143
7.36109
7.4977922
7.598349
7.682411
7.740862
7.6113625
7.530255
7.663802
7.655011
7.416653
7.3971562
7.2239738
7.2490363
7.182735
7.13848
7.1961603
7.2257257
7.2620573
7.251215
7.220776
7.2665696
7.3590593
7.550825
7.461234
7.642135
7.6489086
7.783453
7.560203
7.2884912
7.3868017
7.5488315
7.4467325
7.540461
7.7076693
7.668149
7.683648
7.486093
7.3337445
7.5149736
7.6012287
7.644735
7.758997
7.6236053
7.4691916
7.2150826
7.251398
7.2410917
7.1503825
7.218579
7.220262
7.270577
7.220253
7.2086754
7.2997217
7.308972
7.3814936
7.2045927
7.0977554
6.981746
7.218287
7.3278813
7.4337535
7.4963455
7.551876
7.4122496
7.5091505
7.4636865
7.667412
7.6093144
7.517084
7.5841327
7.576377
7.607535
7.586285
7.3131576
7.2421336
7.3580317
7.3862762
7.2647443
7.177534
7.1070557
7.006854
7.0920634
7.0593367
6.8716874
6.8205233
6.810882
6.8652716
6.9435186
6.7988563
6.784175
6.8486066
6.8121095
6.814248
6.755875
6.956354
7.027408
7.0358124
7.113657
7.398871
7.534307
7.289891
7.387747
7.5788646
7.512446
7.5005054
7.4266987
7.480092
7.3694715
7.3986835
7.2823043
7.2156324
7.0219383
7.0240226
6.9629984
6.811905
6.7025924
6.5156555
6.5037804
6.6437182
6.724758
6.4512305
6.6284957
6.4267287
6.3467784
6.3949423
6.465961
6.4633284
6.5386696
6.5742145
6.8266296
6.8185625
6.835257
7.036214
7.1646075
7.0316725
7.106539
7.1842046
7.257642
6.954122
7.2462845
7.2959948
7.198442
7.100213
7.2715344
7.278173
7.346055
7.0821548
6.8973117
6.7661133
6.721607
6.6826043
6.6091776
6.4768376
6.3745575
6.0484614
6.5067697
6.384035
6.391244
6.3891506
6.267976
6.286083
6.427308
6.458838
6.7435417
6.486022
6.6760993
6.703489
6.624299
6.603083
6.5810766
6.5264997
6.5775585
6.751829
6.8135643
6.6510024
6.7754116
6.91402
7.054591
7.078356
7.076152
7.0878263
7.0928774
7.083083
6.9044523
6.9535184
6.915102
6.8414226
6.919182
6.9405975
6.662675
6.513903
6.606185
6.7470374
6.636258
6.5942044
6.5199704
6.6528983
6.542084
6.7277617
6.78633
6.851942
6.8426666
6.830539
6.612187
6.710178
6.7328415
6.781635
6.8364663
7.1063848
7.1841784
7.148751
7.0685472
6.9582095
7.2540984
7.209352
7.2662373
7.247332
7.310643
7.3557115
7.0640016
7.12223
6.802766
7.028286
7.050375
7.0118613
6.9954023
7.0163865
7.0660014
6.813466
6.953243
7.0223823
6.7051516
6.8751264
6.887037
6.712042
6.895963
6.9031
6.910197
7.0313053
6.899424
6.8535886
6.9519324
6.9080033
7.146592
7.2286997
7.2969985
7.362349
7.2901773
7.054664
6.8906136
6.765676
6.811361
6.5822735
6.774389
6.947143
7.010515
7.1003885
7.0683823
6.799487
6.8813004
6.6778545
6.7450285
6.6108255
6.631586
6.6466327
6.6522093
6.4866943
6.4332085
6.44026
6.2046227
6.385886
6.5082564
6.6298957
6.737403
6.5945396
6.629203
6.5861716
6.5330925
6.463307
6.6076174
6.714507
6.7112293
6.701741
6.8554482
6.6025944
6.429393
6.68277
6.5664105
6.5160356
6.35573
6.3175783
6.5807304
6.4264617
6.6547127
6.442761
6.454961
6.266483
6.0779924
5.901727
5.903984
6.0533085
6.276115
6.2046328
5.9116507
6.0632954
5.9151945
5.9115205
5.9793444
6.0553393
5.7785435
5.7713795
5.843621
5.8398747
5.8052115
5.703545
5.934521
6.019901
6.105998
5.9544015
5.9997053
6.063762
5.948852
5.9709315
6.034449
6.1811647
6.116173
6.127791
6.221436
6.358443
6.367037
6.5025816
6.3278704
6.4841356
6.195422
6.37959
6.1953173
6.374478
6.3647537
6.4654193
6.3324757
6.442115
6.411088
6.465844
6.434442
6.3898005
6.33508
6.192314
6.328458
6.5680075
6.436781
6.5780706
6.5673566
6.4471745
6.6355596
6.3985033
6.523519
6.284506
6.3185325
6.18501
6.1411867
6.205782
6.1171737
6.1310477
6.080866
6.0459294
6.191214
6.1936345
6.2032676
6.297561
6.452861
6.5314775
6.563291
6.608521
6.493235
6.5977726
6.5760756
6.4347663
6.440024
6.405225
6.2806435
6.356962
6.2573423
6.1975265
6.387285
6.1724877
6.2302585
6.251124
6.272207
6.2780423
6.157744
6.120233
6.0583005
6.054369
5.897484
5.776578
5.720351
5.923445
5.8681207
6.0727925
6.1238146
6.234995
6.318176
6.276184
6.164263
6.343477
6.2786784
6.3832784
6.2427907
6.4123344
6.311327
6.2503233
6.1299143
6.396898
6.1494527
6.206121
6.2359433
6.0517116
6.191922
6.0911427
6.107335
5.960339
5.933994
6.0543504
5.8892655
5.874249
5.7683725
5.8947396
5.708109
5.614823
5.3501062
5.4517417
5.218431
5.268118
5.0317445
5.2056804
5.15067
5.15746
5.2623596
5.014344
5.381753
5.1969976
5.1730433
5.5212507
5.5670924
5.440228
5.391419
5.3530207
4.9319215
4.8886366
4.460433
4.780514
4.8930764
4.901191
5.1707363
5.1717267
5.4379983
5.3096075
5.392048
5.3713174
5.601822
5.4759054
5.9479427
5.7607107
6.1211886
5.62157
5.4142804
5.4243913
5.362013
5.3245983
5.356407
5.502702
5.532169
5.6893516
5.942479
6.0499473
6.156016
6.0985637
6.2159815
6.1875057
6.171572
6.379561
6.4010653
6.4415264
6.299405
6.1440244
6.2016068
6.191183
6.2659554
6.3510475
6.4677525
6.522294
6.502867
6.395527
6.3932714
6.3330746
6.405232
6.394835
6.454332
6.3555875
6.3420086
6.2604594
6.159472
6.131218
6.047961
6.0690737
6.174677
6.24628
6.2700243
6.431068
6.5401354
6.505141
6.590646
6.695485
6.5777497
6.7112226
6.6045375
6.6234465
6.524911
6.532904
6.3755984
6.265004
6.1796575
6.2721696
6.4568176
6.6089826
6.6453004
6.641274
6.5169697
6.4803166
6.4516068
6.4202304
6.477671
6.6646724
6.4983077
6.464313
6.4683495
6.31314
6.1591735
5.882801
5.9797306
6.0931
6.23945
6.2564325
6.2674007
6.383044
6.2610016
6.312362
6.2447376
6.3385057
6.2420554
6.2985644
6.344303
6.3954406
6.241087
6.186563
6.065036
6.042325
6.1764545
6.3375607
6.4712887
6.491375
6.5917416
6.699348
6.915185
6.88372
6.8449116
6.615592
6.50072
6.699239
6.6610966
6.6364403
6.5297318
6.373908
6.249797
6.1557508
6.0887876
6.0956473
6.1981835
6.256084
6.496304
6.5159874
6.5368986
6.603006
6.584269
6.724743
6.6516337
6.67219
6.7645483
6.611697
6.6819696
6.455519
6.501675
6.567794
6.7372026
6.7591066
6.822764
6.9060154
6.9434624
7.071176
6.984207
7.0100803
6.9339895
6.8824043
6.7104774
6.6688843
6.676863
6.5588183
6.7586412
6.553221
6.4368052
6.096316
5.8624654
5.9120836
6.0910788
6.106689
6.391055
6.4736476
6.4605536
6.6061625
6.631969
6.682309
6.6371703
6.549248
6.21509
6.2665176
6.039861
6.00283
6.1893682
6.2714815
6.2712655
6.3146152
6.1902833
6.4132786
6.4045963
6.342007
6.4585295
6.665678
6.7018127
6.837809
6.8933973
6.9350367
6.8219414
6.9066834
6.673321
6.7964177
6.6012483
6.681278
6.46634
6.3991175
6.5703397
6.9262543
6.909007
7.2293615
7.15208
6.550288
6.358788
6.2316217
6.3926854
6.1559653
6.358718
6.2399197
6.151388
5.876495
6.1047025
6.246948
6.447073
6.557517
6.7716575
6.786916
6.8397317
6.775446
6.812814
6.8285837
6.8727064
6.766923
6.784444
6.762321
6.542359
6.0339794
5.9810123
5.92667
5.790359
5.9523196
5.5672183
5.618222
5.7717876
6.0773673
6.3932886
6.53589
6.757246
6.6388345
6.404703
6.68357
6.6643333
6.802129
6.8743334
7.0123076
6.92723
6.9382844
6.775064
6.596034
6.955895
7.1234417
7.4642067
7.3693447
7.2887383
7.305004
7.336487
7.422787
7.423061
7.5069823
7.58034
7.5326514
7.2882566
7.2969656
7.2561054
7.0660934
7.168317
7.2280536
7.18882
7.0202594
6.960765
6.8810434
6.973112
6.9364495
6.8602204
6.908197
6.9960217
6.9595923
6.602451
6.4059477
6.329057
6.6744757
6.315469
6.381053
6.418881
6.2280188
6.155707
6.150677
5.9259624
5.731446
5.8374166
5.516719
5.777724
5.760133
5.661726
5.751916
5.9681144
6.0206704
5.8968644
6.101595
6.24746
6.3159847
6.201766
6.0648413
6.249453
6.145075
5.988755
5.8409905
5.7109914
5.6565757
5.665334
5.7821226
5.9107113
6.042093
6.1901345
6.094648
6.3248124
6.370289
6.564534
6.495824
6.521412
6.4399595
6.4238396
6.7188134
6.920026
7.1039276
7.200565
7.1890664
7.0449133
7.2357903
7.0740614
7.2104225
7.2340775
7.159729
7.25011
7.356359
7.375158
7.4140987
7.279588
7.1660485
6.92856
7.264045
7.231807
7.283032
7.2955313
6.9123716
7.093125
6.928907
7.1463766
6.9796515
6.9830685
6.7402787
6.6834393
6.855442
6.947978
6.943898
6.5613236
6.5633326
6.6828966
7.010604
7.1236353
7.514581
7.4782286
7.3489122
6.9384947
6.9622955
6.842151
6.841685
7.107605
7.064948
6.959738
6.983092
6.9827585
6.8954406
6.7372103
6.808112
6.7863193
6.7673593
6.879555
6.924577
7.187333
7.1609974
7.228445
7.0723405
7.162778
7.0779843
6.9541907
6.8210196
6.8725066
6.73625
6.8878155
6.6636496
6.319781
6.459707
6.478135
6.9032984
6.857791
7.5214834
7.5515265
7.085136
6.6566687
6.5470743
7.010051
6.8034053
7.0695887
6.958346
6.8200808
6.690135
6.588917
6.352156
6.4002986
6.1305075
6.146097
6.2135525
6.2622366
6.212748
6.1849747
6.700391
6.5315785
6.67839
6.149129
6.1368155
6.2722507
6.195389
6.1495295
6.273286
6.44044
6.1640487
6.1172223
5.825801
6.1668024
6.49677
6.457776
7.069995
6.879515
6.7653737
6.6596284
6.6701117
6.7519417
6.7638493
7.130042
6.860591
6.942048
6.819906
6.655202
6.7064915
6.599646
6.611517
6.490007
6.661169
6.536522
6.666792
6.6803718
6.6798806
6.6660337
6.701932
6.569138
6.4948993
6.2312393
6.3755045
6.4095993
6.4814825
6.304387
6.2109585
5.9793425
6.024367
6.084437
6.0858264
6.3069654
6.706571
6.5426493
6.294499
6.198659
6.623359
6.5046096
6.7197137
6.5938416
6.7043962
6.682423
6.5411854
6.520289
6.283819
6.1836395
6.1653643
6.271406
6.284709
6.3698997
6.227096
6.6778026
6.264669
6.4411154
6.383743
6.3677297
6.07742
6.069715
6.3594494
5.970679
6.2111607
6.107899
6.0891356
5.830022
5.8606377
5.813116
6.0297213
6.218373
6.310485
6.3804803
6.2890224
6.1173787
6.2135653
6.501475
6.4341197
6.3512764
6.54651
6.4981246
6.361765
6.2525563
6.01492
5.9647155
6.011425
5.916925
5.7828608
5.9328094
6.2951994
6.134922
6.1587477
6.4229913
6.3478107
6.400162
6.4136705
6.125495
6.1819525
6.1765246
6.384925
6.051391
6.265797
6.003656
5.6478214
5.7050858
5.6262136
5.468847
5.6713924
6.238655
6.3150454
6.213907
6.1980743
6.4089146
6.7761054
6.540529
6.352487
6.34878
6.4228373
6.2442265
6.261115
6.1330414
6.158127
6.095971
6.19886
6.116178
6.327035
6.4036283
6.225285
6.4686513
6.2093205
6.2525463
6.198758
6.2011456
6.1619573
6.3223486
6.4982777
6.26203
6.24201
6.321961
6.212222
5.946585
6.00788
5.9551387
5.9311724
6.500392
6.514031
6.364904
6.1131315
6.68533
6.6417856
6.602361
6.5736957
6.6577473
6.6081457
6.5562315
6.4868984
6.3904824
6.2932
6.3301406
6.367194
6.495968
6.659871
6.9635944
6.5008283
6.870799
6.6281414
6.9488273
6.591635
6.46679
6.458458
6.8039937
6.645017
6.5005465
6.4459715
6.4079976
6.279747
6.017538
5.768409
5.8700857
5.8180614
5.888457
6.4036684
6.546847
6.134322
6.0954895
6.38642
6.497675
6.7214527
6.753489
6.6297965
6.621645
6.6159077
6.389461
6.401658
6.548627
6.5204577
6.596814
6.7593136
6.777588
6.548379
6.9076643
6.723716
6.7218666
6.490634
6.593693
6.4858866
6.4928145
6.5593004
6.528957
6.4692206
6.315377
6.1257954
5.969423
5.7536426
5.8829317
5.9328547
5.7687163
6.2116213
6.469444
6.422844
6.217666
