10000
8.851255
8.706132
8.685972
8.777189
8.732114
8.608469
8.645037
8.587342
8.54439
8.197609
8.051716
7.809589
7.9999056
7.9958653
7.782757
8.088656
8.066319
7.6870885
7.3006687
7.2119517
7.104209
7.156062
7.240744
7.6460295
7.72339
7.983244
8.171358
8.330765
8.183051
8.1454735
8.275829
8.119674
8.048776
7.8294296
7.982596
8.2437105
8.281984
8.063134
8.148252
8.103981
8.23306
8.132228
7.995801
7.9716744
7.582509
7.6546726
7.6266685
7.937796
8.374262
8.347681
8.230074
8.08975
8.135331
8.385319
8.42629
8.499565
8.549292
8.367847
8.395485
8.193285
8.10882
8.296949
8.0717945
8.08426
7.667618
7.8274784
7.6924973
7.8244915
7.708118
7.9834433
8.204026
8.138637
8.189332
8.274324
7.92817
8.279176
8.57164
8.563185
8.426596
8.279221
8.297515
8.39216
8.189752
8.225504
8.0261
8.116221
8.218501
7.685281
7.7391763
7.547433
7.6876082
7.961728
8.358667
8.23074
8.510768
8.186505
7.769879
8.358398
8.158453
7.737767
7.766204
7.667755
7.6829176
7.0979004
6.605915
6.1657457
6.3327594
5.956032
5.3985734
5.6465936
6.081037
5.7124395
5.4962025
5.034346
4.7007456
4.3860335
4.539719
5.0628595
5.371168
6.2211204
6.419052
6.158316
5.7353706
5.2388873
5.4804196
5.677277
5.4124064
5.773624
5.687387
5.578248
5.5581174
5.163583
4.6073356
4.612859
4.1449466
3.6437578
3.5640557
3.8526275
3.9667182
3.3762493
3.2040129
3.3496604
3.547656
3.5928113
3.362479
3.4818227
3.4119978
3.470991
3.490298
3.599375
3.505736
3.5650141
3.5796437
3.6187499
3.469059
3.530357
3.6161196
3.483269
3.7277842
3.7242095
3.626862
3.8250537
3.7223473
3.87116
3.7328982
3.7005737
3.715698
3.7978594
3.8005798
3.6291287
3.8405247
3.8402646
3.5503328
3.9157772
3.8898613
3.8547726
3.8627043
3.7434645
3.7607117
3.6577287
3.8590865
3.8053844
3.7906725
3.7589366
3.7819784
3.8935707
3.748943
3.6707602
3.791638
4.042676
3.8419814
3.927947
3.7424326
3.9034843
3.8169184
4.0756044
4.1932135
3.981666
3.9358957
3.849706
3.9949467
4.16519
3.7892528
3.7006269
3.7970984
3.9499586
3.9421349
3.7047555
3.7285445
3.7420082
3.837182
3.6814518
3.6804845
3.8690376
3.7735677
3.6471252
3.8004375
3.497579
3.8654308
3.6486342
3.561614
3.7051082
3.646854
3.6033826
3.6124501
3.6257048
3.547528
3.8316064
3.5289495
3.428841
3.4057505
3.3019657
3.1581528
3.1212363
3.1905785
3.122343
2.8750226
2.8528836
2.7877514
2.8937712
3.0094438
3.2795084
3.2632673
3.3483756
3.2870226
3.3858368
3.4421842
3.602384
3.6013129
3.8128636
3.6853368
3.8129423
3.5861933
3.4844103
3.593397
3.3868587
3.6001298
3.5116777
3.1718163
3.2651196
3.1404634
3.260652
3.4859746
3.4771428
3.4119668
3.2947743
2.9394023
2.9372225
2.7626767
2.9882622
2.7937074
2.9056897
2.720091
2.9878173
3.3233821
3.579303
3.3312118
3.0818052
3.3698092
3.2381113
3.6406212
3.4594333
2.932638
2.5165112
2.1296527
2.1497357
2.7279098
2.5591645
2.9128296
2.9857378
3.3956876
3.069601
2.153076
2.7207522
2.5869966
2.642274
2.63511
2.7189138
2.3662086
2.6494327
2.942785
3.2786145
3.305255
2.7684584
2.9333305
3.001394
2.5230227
3.0564566
3.8172941
3.3193526
2.2758367
2.3925297
1.2324014
1.6058893
2.4846842
2.657372
1.9850882
0.6534085
0.644929
2.2914636
2.5874162
2.83917
2.9168715
2.8705213
2.923374
2.8766708
2.4832768
2.6838796
2.8936546
2.9815247
2.8384976
2.6353896
2.6089678
2.4461577
2.3694327
2.628311
2.937738
2.8857327
2.8399572
2.9030445
3.3050644
3.8732011
3.3283172
3.2933095
2.8444684
2.9573984
2.417004
2.819918
2.817934
3.705179
3.7401257
3.6648283
3.3447316
3.2769017
4.1368074
3.9216263
3.1842308
2.6055548
2.502581
2.2261739
2.7685673
2.6832254
2.9143374
2.6129332
2.1008513
2.528087
2.7370708
2.9314296
2.9787834
3.125579
3.0273826
2.8836327
2.7675421
3.381715
3.242869
2.2885332
2.0801327
2.099527
1.7873662
1.8440046
2.0530887
2.1437938
2.2751114
2.4298022
2.0347779
2.7833707
3.2002106
3.1381648
3.450821
3.008717
2.8384838
2.719489
2.537639
2.5767398
2.308111
2.3385131
2.6283283
2.6864543
3.2795286
2.3956451
2.2905653
2.3286173
2.689804
2.4516299
2.9140148
3.4178057
3.025159
2.6683614
2.4391778
2.088172
2.0935333
2.4805462
2.364825
2.4527068
2.4196026
2.2260208
2.744701
2.5333385
2.4510746
2.5789464
2.7202299
2.9266598
2.6787372
2.4033706
2.3869624
2.8402517
3.0717292
2.913179
2.7252104
2.8441896
2.3474035
2.312794
2.7710936
2.792247
2.7287815
3.089714
2.9517698
3.0333996
3.285285
2.9798398
2.1450796
2.0529284
2.285124
2.4201384
3.1395
3.7510996
3.4033751
2.8465679
2.3401864
2.3553603
2.7644165
2.8728857
2.4642012
2.5992484
2.8562002
2.082164
2.783133
2.456132
2.5643308
3.2113352
2.90893
2.5655818
2.3230925
2.2033331
2.431509
3.0760071
3.034391
3.04306
3.198221
2.7986474
2.3026123
2.926017
2.7291775
3.0266051
3.976209
3.5120573
3.13095
3.1290984
2.829169
3.246529
2.83267
2.94583
3.387342
3.23754
3.3532898
2.915413
2.8767335
3.2320704
3.6162271
2.9464653
2.3988097
2.033602
2.2638655
2.4253
2.140041
2.2266917
1.9848229
2.4818702
2.4551578
2.0413237
2.666986
2.4416957
2.3986948
2.5960913
2.4909172
1.8993607
2.1189718
2.4179611
2.411471
1.5643868
1.8433636
1.7832808
2.5082426
2.5469048
1.6711768
2.5498922
1.9644245
2.340798
2.197854
2.099642
1.0484172
1.4027834
2.144986
2.6079957
2.5739238
2.9038515
2.4838655
1.9525999
2.7654967
2.7587109
3.0674365
2.828528
2.219913
1.9355576
1.8469007
2.062573
2.3811994
1.5570893
1.9996746
1.9852973
1.4030421
1.8293711
1.7339208
2.1460006
1.7653697
1.4289616
2.1205206
2.04937
2.5642724
2.1905107
2.2457528
2.6090238
1.8480859
1.8722906
2.2488546
2.20459
2.2685444
2.196299
2.3554406
2.4589224
2.889154
3.0055602
3.141327
3.3081481
2.8534048
2.7984421
2.113665
1.799517
1.7360445
2.0103195
1.890349
1.9934775
2.220874
2.222633
2.4887128
2.3130672
2.563151
2.460483
2.1967144
2.3532128
2.106773
2.685392
2.64629
2.9520347
2.3336792
2.3560596
2.5264726
2.3335538
2.9105055
3.0272186
3.4136648
3.275188
3.202198
3.4816585
2.4257665
2.1905096
2.3418336
2.3137386
2.8441112
2.6466136
1.4423349
1.6586419
1.2279446
1.3918711
1.9612839
1.7666316
1.4874132
1.7106234
2.262466
2.424381
2.4446526
2.4802554
2.3735387
2.1507864
1.6188436
1.9477469
1.798223
1.655129
1.8800766
2.1497643
2.4133108
2.3455315
3.0968542
2.611535
1.6936829
1.2519171
1.5933543
1.8255262
2.4812725
2.2797725
2.6928477
3.0282264
3.096493
2.1991029
3.0229049
2.9461486
3.1705744
2.5297322
2.2260203
2.5721693
2.5211244
2.49869
2.0020807
2.5735457
3.025934
3.1757822
2.728504
2.4161959
2.0352583
1.8469201
2.289008
2.5244853
2.175391
1.6884657
1.8603513
2.2899358
2.169791
1.6148053
1.7486258
1.5975134
1.445348
2.0269125
2.0257177
2.6259143
1.4386945
1.5234152
1.7413619
1.7894958
1.8716836
1.7561893
2.083108
2.1088202
1.7059944
2.0355284
2.2522497
2.193819
2.4725177
2.5371175
2.4293537
2.5656934
2.0855083
3.0193005
3.1988575
3.1216958
1.7913916
1.675493
1.701549
1.7510723
1.8374004
1.7675158
2.72253
3.2020805
2.8026152
3.4222693
3.316165
2.229287
1.4121498
1.9021453
1.9965407
1.8791523
1.9925387
2.0997617
1.95875
2.121146
2.0827668
2.0793564
2.1499097
1.8743197
1.7858667
1.6513612
2.0818136
1.9142207
1.6259317
2.0198674
2.3274512
2.8149529
1.9955399
1.1689413
0.88576883
1.5403405
1.9184836
1.6414274
1.70086
1.4330025
1.624758
2.2024732
2.4716122
2.4958088
1.7286509
2.1715405
1.7490766
1.465591
1.5540048
1.5800625
1.6218259
1.5068613
1.5056111
1.8459481
2.065517
2.101931
2.3134239
2.2108133
1.5953296
1.4835945
1.8648359
2.0844302
1.9209278
1.7679913
1.320779
1.6027765
1.6410757
1.8500695
2.1856568
2.2696104
2.2906678
2.3329706
2.0171585
2.184596
2.4324713
2.6719427
2.6445518
2.5405374
2.599091
2.7204428
2.6048996
2.6834393
1.5541549
1.8226666
1.8780271
1.9550666
2.097521
2.1310658
1.9662774
2.1052346
2.2471292
2.5593936
1.943991
1.3084195
1.3225783
1.7521303
1.8382182
1.4882853
2.2244596
2.7377722
2.500634
1.7938055
1.8672434
1.9148672
1.804918
2.0259948
2.0175784
1.8512127
2.2263746
1.5354713
1.5102248
1.7789997
2.1773062
2.1887763
2.017402
2.393512
3.337273
3.2371423
2.9936464
2.510541
2.0945468
2.021266
2.0823302
1.1731727
0.70718515
0.9201293
0.9727619
0.9507566
0.96805775
1.3348897
1.4037927
1.5957214
1.3212199
2.125523
2.9360049
3.179758
3.4350553
3.20623
3.2670808
3.0245945
3.0393596
2.9901876
2.643334
2.7342613
2.5386968
1.8516958
2.1292446
1.6050956
1.030922
0.9499957
1.0954744
1.2081009
1.6443571
2.1365736
2.1390216
2.1687918
2.3341722
2.4443636
2.6089277
2.9519544
2.455928
2.6624959
2.259179
2.2118955
1.7068522
1.3728961
1.6104349
1.3454332
1.2512367
1.6828884
1.6375523
1.7990626
1.8500742
2.147514
2.3222342
1.7929639
1.940471
1.8110883
2.0609496
2.0537577
1.1457967
1.1173595
1.298007
1.3755128
1.4749416
1.87257
2.0091314
2.0383556
1.7024218
1.6169362
1.7219514
1.8701
2.166153
1.7731225
2.090001
2.2752256
2.2708614
2.664486
2.481141
2.3265893
3.130145
3.4255333
3.3548183
3.0198402
2.3423254
1.8647305
2.7387853
2.6218023
2.6928716
2.6471245
3.4812472
3.5071664
2.520078
2.6634579
2.79609
3.1780534
3.2414536
2.9113522
3.3484492
3.4402804
2.8203642
2.7964234
2.7141023
2.8553033
2.7203414
2.580809
2.1110609
2.2883782
2.1977966
2.4843066
2.7915547
3.5327413
3.3545713
3.0926838
3.2532606
3.0730686
3.298183
3.4076724
3.6361027
3.7036042
2.879374
2.3701694
2.0729868
2.9076996
2.8742485
2.6388943
2.7562077
2.609801
2.504413
2.7871294
3.2357793
3.7500262
3.8147416
3.2438693
2.9868047
2.4457395
2.1376064
1.9759159
1.9173477
1.9085823
1.8363924
1.7464514
1.734495
1.6615137
1.6778947
1.9989246
2.3960257
2.3459752
2.6897843
2.5843422
2.5014153
2.6783385
2.5855808
2.2215638
2.358304
2.284109
2.0814564
2.2679224
2.2065892
2.234006
2.5536752
2.6899698
2.419631
2.7852173
3.2307563
3.3241029
3.421764
3.0211177
2.6259108
2.9045677
2.961367
3.5094852
2.8082204
2.8428276
3.8601751
3.343965
3.8906927
3.5508616
2.205666
2.2395039
2.4316728
2.558361
2.6345685
2.8127177
2.5731082
2.7375968
3.2243745
2.792031
2.7259896
3.2198966
2.9904084
3.4001026
3.4164648
3.2109277
3.0457475
2.9013753
2.8507967
2.5574932
2.818386
3.0304213
3.1756244
3.0781808
3.1812794
3.2416334
2.3196425
2.4253078
2.37845
2.7635822
2.8162487
2.9266186
3.0946422
3.0087051
2.9596713
3.000516
2.9551082
2.7514195
2.1743293
1.494616
1.3917205
1.1542169
1.2289547
1.52077
1.6390823
1.3989407
1.259614
1.5595781
1.3592747
1.1468543
1.1510847
0.98884857
1.2855934
1.3242126
1.1723793
1.4611157
1.1600752
0.99517804
0.9545154
0.67348576
0.80409193
0.949583
0.8926525
0.9566884
1.0991048
0.92674047
0.9622042
1.344758
0.8944299
1.0803403
0.88413393
0.96514
1.0652685
1.1928127
1.2563268
1.1057554
0.8945324
0.9540152
1.4239141
1.2153751
1.2907937
1.1583154
1.4347389
1.2593056
1.1846585
1.3181579
1.1767558
1.4356962
1.5306655
1.530382
1.4916
1.3282887
1.692138
1.3386889
1.3283726
1.2094963
1.6062416
1.4482106
1.2247483
1.4741153
1.4846292
1.3016226
1.4807724
1.6596581
1.6096028
1.479543
1.8641646
2.036927
2.266703
2.4252822
2.4194207
2.1143613
2.0850835
1.7630217
1.3223596
1.3471658
1.4017162
1.4750093
1.804057
1.6158875
1.2538192
1.1515425
0.93524873
0.9846027
1.1534891
1.21063
1.3395634
1.0882807
1.4537863
1.3574193
0.94535637
1.135323
1.1530867
0.93783134
1.6077546
2.2943084
2.411592
2.6688657
2.5310876
2.531141
2.4893937
2.491153
2.7067337
2.619718
2.5666184
2.366012
2.430718
2.5586154
2.833877
3.1611605
2.9727697
1.8143176
2.0449836
1.9193819
2.0442233
2.2076013
2.0384378
1.7479157
1.6181016
1.9026449
2.2017536
2.4014494
2.066923
2.1646152
2.0494218
2.5906014
2.4471574
2.549069
2.481289
2.402617
2.211793
2.0938053
1.5309384
1.6483204
1.8570708
2.1094167
2.1540196
2.143863
2.5954795
2.6185303
2.6994054
2.441798
2.2177277
2.4259667
2.2739434
2.1273112
2.515894
2.2825108
2.5570052
2.594148
2.5899541
2.5174546
2.5202162
2.4429166
2.4655144
2.4145138
2.4708536
2.4162803
2.8620985
2.4334571
2.549101
2.5500789
2.7808897
2.7031412
2.5379725
2.7933233
3.0398715
2.9641762
2.9081151
3.0419908
2.8073058
2.8865032
2.9623098
3.0966928
3.0534573
2.9210405
3.2335377
2.7401843
2.3776484
2.1122558
2.1816287
2.51334
2.711357
2.7609084
2.7576408
2.6717918
2.9680226
2.87356
2.7761528
2.8476734
2.6379912
2.9004512
3.0323408
2.9181416
3.2314112
3.0425246
3.08243
3.0233343
2.8741734
3.0427427
3.0469713
2.8775156
3.3514605
2.762084
3.1217022
3.4010556
2.904603
3.0504222
3.0768409
3.0845323
2.920065
3.253313
2.9819908
3.2778223
3.0619445
3.235224
3.0786953
3.0782783
3.1209927
3.0752802
2.9527378
2.7139103
3.0286908
2.8737812
2.8042808
2.9508893
3.084256
3.0771573
3.0745118
3.0739415
3.0327744
3.1929476
3.1086826
3.2048054
3.0844696
3.2004676
3.1327853
3.2554028
3.375006
3.2121797
3.3173063
3.2680943
3.4730177
3.242455
3.5524752
3.2865362
3.4184077
3.501765
3.538582
3.533607
3.6670895
3.6182132
3.546032
3.5643678
3.624177
3.5812175
3.6836972
3.8051217
3.8090203
3.6718879
3.8163123
3.8081274
3.8637934
3.8698268
3.7105398
3.7100525
3.602182
3.4223483
3.2505412
3.4334955
3.310052
3.3242137
3.1430352
3.3562837
3.3085976
3.507264
3.2544193
3.2441716
3.5582318
3.5830138
3.3704457
3.4674027
3.3907142
3.4581525
3.5199423
3.3715973
3.481379
3.467336
3.3103325
3.2595453
3.4729857
3.410247
3.4826002
3.6416821
3.4309723
3.527512
3.3120956
3.3778148
3.3421142
3.5030706
3.5208423
3.7049737
3.5915194
3.7331686
3.5586584
3.542756
3.5301843
3.5248308
3.599066
3.725422
3.5113802
3.7315304
3.664609
2.8198736
2.9017653
3.0683506
2.924424
3.461887
3.6360035
3.6735623
3.621879
3.6298153
3.6482081
3.7033198
3.8345346
3.6141267
3.4642801
3.1555095
2.693934
2.122179
2.220485
2.2833326
2.0500407
1.518805
2.7021103
4.0857215
3.952878
3.8244128
3.5063381
3.9282398
3.476894
3.0314522
2.6184914
2.7411697
2.324704
2.4653974
2.1743062
2.737097
2.3128352
2.164293
2.0601895
3.505056
3.3318353
2.9667754
2.5389662
2.957457
3.3128655
4.0383897
4.2945247
3.9654381
3.4095669
3.8657598
4.4437766
4.3733654
3.974657
3.9133697
3.5907853
3.1594872
3.67102
4.0545225
4.221685
4.0240507
3.2750764
3.3162193
3.5630429
3.650756
3.1699438
2.771677
3.023231
3.2334838
3.8207357
3.4876456
2.179722
2.0102165
2.141239
2.616445
2.0637882
2.6336415
2.705122
2.076399
1.7831817
1.5334861
1.8383902
1.2904205
2.0407007
2.7519875
2.6908789
3.3888693
3.0112221
4.053875
2.7318773
2.8898578
3.664218
4.0466046
2.361743
2.7792492
2.9006643
2.9885216
2.4303458
3.037682
2.1532154
1.6796147
1.8882136
2.6625595
2.256542
3.2754297
2.6869085
3.0032294
3.6621823
2.4296503
3.3560069
2.838239
2.2299175
3.2079334
3.1294048
2.63548
2.560715
2.0902061
2.6394937
2.6048014
3.0480013
2.817178
3.094467
2.7076855
3.2407076
3.4449642
2.0128043
1.234729
1.4887372
1.3392715
1.4304938
1.1369443
1.2405131
1.4866993
1.7548184
1.421822
1.5555067
2.073993
2.2047768
1.2013125
1.4781116
2.876726
1.8668551
2.4747615
1.7627418
2.1201878
1.8624784
1.4784021
1.9067323
1.1385629
1.0208323
1.1268404
2.8318987
2.8994515
3.154177
3.6977353
3.2548282
3.3049767
2.4890192
2.7540672
2.9788067
3.3262615
2.622108
1.5909114
2.0738168
2.205312
2.4140859
3.0840054
2.6232417
3.7433949
1.2445008
1.7568082
1.9851115
1.9836599
1.2515256
1.1144881
1.2946848
1.5815387
1.6694543
1.7277594
1.3845079
1.2281356
1.4900413
1.627386
1.6667248
1.5928944
1.743877
1.6847222
1.3116763
1.4954399
2.1642663
1.7892811
1.8022512
1.6583263
1.7988869
1.8030623
1.7195728
1.3071582
1.3625715
1.4269012
1.2803715
1.2896369
1.829295
1.5654552
1.546247
1.6895599
1.4210322
1.3985791
1.5621368
1.5318947
1.3247417
1.6845701
1.5283322
1.6806599
1.2378721
1.0704607
1.5540242
1.4590546
1.486035
1.2335542
1.5307602
1.7223195
1.657351
1.8087751
1.406992
1.4894466
1.458185
1.5899966
2.0157955
1.7454854
1.5955646
1.5992726
1.4460534
1.7893667
1.5650926
1.868899
1.4920701
1.2009349
1.1204175
1.0243223
1.3544352
1.5174357
1.1879023
1.2037435
1.1842389
1.2865152
1.3737226
1.3454199
1.4981489
1.6433381
1.568673
1.5455874
1.4572262
1.6638738
1.6059115
1.638351
1.5628456
2.0777879
1.6635046
1.4299672
1.8988281
1.8331039
1.8543124
1.9471269
2.454764
2.4689927
2.7720752
2.6021245
2.6100004
2.9527562
2.6158164
2.6128783
2.154762
2.038831
2.0339482
2.1258588
2.3756695
1.6901205
1.3726604
1.5083326
2.0544968
2.1745007
2.1374927
2.484369
2.1318722
1.9432056
1.8995612
2.3393404
1.4240464
1.0614101
1.2533091
1.4271686
1.4403694
1.8619254
2.0956998
1.8402765
2.4005435
1.8718085
1.6938436
1.654094
1.7832974
1.7087688
2.21425
2.1874535
2.212234
2.3992257
2.7322884
2.609723
2.8179042
2.9484258
2.5649989
1.8183335
2.0307167
1.9506954
1.943536
2.110952
2.1710634
2.222937
1.7836179
1.6530061
1.4786938
1.6875497
1.9949906
2.4606137
2.557396
2.430451
2.3078818
2.2661746
2.1091418
2.2675796
2.3320713
1.9442154
1.7617999
1.9331521
1.9251182
2.0820642
2.2504325
2.3378499
2.1935785
2.2885184
1.9861101
2.6403065
2.2647815
1.6022269
1.472248
1.49052
1.7633228
1.8808181
2.00861
2.1173038
2.3747878
2.5641603
2.6316683
2.6768818
2.6323228
2.4370418
2.0843983
1.9260232
1.8423607
1.8683126
1.916602
1.9936211
1.9705659
2.0072954
2.0649402
1.9423981
2.1665413
2.0927627
1.5859938
1.6596315
1.8468719
1.5131968
1.3244929
1.5877286
2.0147066
1.3608183
1.7824881
1.5509503
1.4517279
1.7727818
1.5526648
1.6068302
1.526481
1.5081844
1.5238929
1.6039029
1.5096306
1.8200859
1.6067439
1.8005333
1.6096382
1.7438853
1.7084436
1.5719156
1.6031338
1.6744735
1.5666738
1.9690386
2.137021
2.3760107
2.6684651
2.4279697
2.6862197
2.7426748
2.3839843
2.4832027
2.1906881
2.0809064
2.3843536
1.885206
2.0021524
1.7294393
1.7380874
1.8359895
1.8378137
1.8513978
1.6705521
1.8815839
2.1188018
2.2871761
2.6044436
2.6712027
2.596895
2.272768
2.5594623
2.4268203
2.5479982
2.71095
2.6417184
2.590351
2.3320022
2.284732
2.7286422
3.2825081
3.28307
3.1114426
2.952876
1.5174806
1.8981243
1.9950467
1.9323871
1.8035731
1.92606
1.4951998
1.6118804
1.9648086
2.7024605
2.3375216
2.9816678
2.2916186
2.777519
2.4033835
2.300436
2.666591
2.5198052
2.4762
2.429115
2.6508403
2.881167
2.385993
2.7126799
2.585308
2.0996103
1.7178643
1.803657
1.7136738
2.3333707
2.7200656
2.3269322
2.204276
2.3328795
2.5211048
2.4069111
2.3094954
1.9961597
1.5731014
1.6707957
2.444915
2.6816607
2.0249102
2.663579
2.2925043
2.799376
2.6616483
2.9032502
2.7120123
2.5345688
2.8268924
3.0569184
2.8354921
2.6196241
2.316008
2.525341
2.6477675
3.3296669
3.5444555
3.3659463
3.220572
2.91028
3.1154258
2.5696585
2.3762715
2.5557034
3.1130161
2.7077017
2.687845
2.4471328
2.4106064
2.2203035
2.585421
2.4133692
3.1124122
3.0363188
3.0708992
2.3083215
2.7400634
2.8044457
2.521912
2.8004012
3.1605005
3.214625
2.754208
2.523609
2.1935167
2.0757833
2.1985524
2.2174222
2.971374
2.7910366
2.8581583
2.8118966
2.7121563
2.9067557
2.6042402
1.9724351
2.402119
2.0527468
2.6608882
2.0576406
2.0085719
1.8395579
2.7165241
2.5066738
2.585413
2.703076
2.9199889
2.3238642
2.4341197
2.6902108
2.4897158
2.6719744
2.5121865
2.809827
2.9060462
2.841943
2.853546
2.517742
2.5819166
2.7202725
2.6313503
3.0613751
3.0439417
2.8605027
3.2662606
3.1975265
2.220478
2.2276359
2.0982442
2.5679722
2.1850743
2.8205075
2.904999
2.7041218
2.591184
2.2873366
2.1294065
2.4138618
2.2921762
2.3715875
2.2037702
2.0542278
2.6344068
2.9206321
2.7896667
3.3940363
2.986156
2.421682
2.2745242
1.9865843
2.184873
2.1315
2.62222
1.937725
2.1806805
2.2384057
2.301535
2.3039167
2.2854176
2.3469312
2.5121598
2.4757402
2.9719312
2.5025918
3.32259
3.0454988
2.3899775
2.485934
2.5131826
2.5474074
2.820742
2.5190096
3.2647645
3.0484538
3.460721
3.081657
2.5886889
1.8735293
1.9066312
2.4402752
3.12709
2.140936
2.8950615
2.5875947
2.6407585
2.477944
2.9718406
2.948526
3.493875
3.3969374
3.0598848
3.6970193
2.782323
2.3201127
2.1951785
2.7343822
2.8980742
2.4732058
2.6992974
2.1338568
2.5705776
2.7097404
2.6861525
2.5245466
2.782478
2.583219
2.1135764
2.5237432
2.8915477
2.7085042
2.6886904
2.7996612
3.8170857
3.3931518
3.9513507
4.5026364
4.134175
3.7224967
3.4878912
3.3126054
2.9698615
3.2296562
2.9816003
3.230071
2.9647696
2.582736
2.677307
3.0325468
3.5469258
3.3228843
3.4304488
2.8694363
3.022446
2.8015864
3.8658926
3.3892474
4.1048803
3.6713696
4.7179193
4.0223756
4.033587
4.069035
3.8716698
3.8829393
3.9278445
3.88312
2.9048328
2.833224
3.6682916
3.1520767
3.409101
3.384003
3.5064325
3.0873036
3.1661608
3.1307883
3.4495108
3.2944093
3.8221447
3.4534042
3.9735663
3.4710712
3.2618525
3.4646902
3.052021
3.0149512
2.9986596
2.683344
2.912683
3.1567774
2.7498891
3.1485271
3.1311316
3.1094108
2.7475932
2.7992094
2.9519374
3.29166
3.0851681
3.0326245
3.3623185
3.1438134
3.4228294
3.1403084
3.279686
3.017353
3.3347435
3.3113234
3.79641
3.2323742
3.4221845
2.8970535
2.9179883
3.1793613
2.3356225
3.2952476
3.5623708
2.9829285
2.3709671
2.5122766
2.8524888
2.7344513
2.3573186
2.7475348
2.877676
2.7852638
2.6332164
3.4918454
3.330159
2.9909916
2.9790816
2.9521027
2.8711004
3.0097537
3.1542304
2.8922894
2.9765058
3.3981843
3.2782583
2.9302015
3.2512093
3.4158242
3.4437528
3.6541307
3.7684774
3.534473
3.5170877
3.8405306
3.6866643
3.5213838
4.001255
3.6551461
3.63694
3.9070048
3.6438017
3.39355
3.6103315
3.6796715
3.5810976
3.705933
3.206966
3.640871
3.361439
3.555139
3.2412775
3.5269074
3.4553375
3.5500658
3.2011523
3.5360842
3.3695326
3.2004128
3.2099707
2.7515016
2.31229
2.4314747
2.52869
2.7488215
2.9231567
3.2592437
2.8617694
3.6633036
3.0403113
3.3630762
3.6994615
3.263411
2.8003764
2.9359677
2.9005406
2.8819098
2.7526186
3.166159
3.6898887
2.9171286
3.231455
3.561522
3.4326398
3.50766
3.218292
2.9538875
3.285561
3.476027
3.4890223
3.1746614
3.36379
3.7828097
3.180793
3.4298427
3.4140928
3.714388
3.7023168
3.7714376
3.3617105
3.3557017
3.0900679
3.6462464
2.8052406
3.6722074
3.4385443
3.1768818
3.6603174
3.6574411
2.5517216
2.2153764
3.3651628
3.2047935
2.8550167
3.0569675
2.3261597
2.8514063
2.863831
3.0574875
2.429843
2.0492816
1.2815424
2.257948
2.8712816
0.53087956
0.28175765
0.21479897
0.27921534
0.17354245
0.34134126
0.22532617
0.30567092
0.56039536
0.36968973
0.53491575
0.57461387
0.56399614
0.5571733
0.49053848
0.56245905
0.3309027
0.34096286
0.43162334
0.37721512
0.28007242
0.36685774
0.43743208
0.6232518
0.72127384
0.77367115
0.9331454
0.8441899
0.85390866
0.75662816
0.8059446
0.72821176
0.9061831
0.78478605
0.802634
0.8006772
0.9050279
0.9248091
0.7463171
0.78823626
0.76976955
0.52164
0.6742271
1.0456909
0.9534974
0.809742
0.77293193
0.7289767
0.9383925
1.0531127
0.60396296
0.8443997
0.7914218
0.79796463
0.7408751
0.6482418
0.5671357
0.8811091
0.90131056
0.82441914
0.89842767
0.85024273
0.95973957
0.7960239
0.82852006
0.8827801
0.8394508
0.79923785
0.990021
0.95399606
0.8758634
0.9879794
0.94911695
1.1693583
1.1950216
1.0809057
1.0704311
1.0777535
1.1380806
0.9891875
0.90576756
0.8499425
0.94971716
0.9811542
0.9103145
0.8965884
0.5209179
0.60243714
0.8812625
0.9087562
1.043656
0.9187015
0.7752618
0.7093921
0.58658576
0.48932067
0.4791284
0.3941163
0.37704504
0.45440874
0.32899338
0.2987296
0.26202974
0.3084493
0.61471486
0.46245903
0.39418188
0.41928163
0.32150152
0.4245346
0.35160562
0.41458306
0.4653076
0.450855
0.38468638
0.5482651
0.4717028
0.4151839
0.5159132
0.445571
0.45922735
0.45220205
0.5569753
0.5563216
0.5703837
0.45361927
0.37207645
0.45997262
0.52841604
0.47783193
0.4177786
0.5566849
0.4948684
0.5557814
0.5353252
0.42591837
0.5409255
0.38314036
0.45541424
0.50935155
0.6091821
0.4868067
0.55251354
0.66142
0.43507716
0.63481975
0.59563226
0.7282659
0.5328765
0.49913087
0.68817353
0.64116275
0.5070329
0.5324935
0.5691418
0.45437372
0.4081084
0.28568423
0.34414214
0.80088377
0.79528314
0.702211
0.74233496
0.66076434
0.6988476
0.7325457
0.6982785
0.77915066
0.6296171
0.65034395
0.5922841
0.6945668
0.83801204
1.1395212
1.1067115
0.89056325
1.90999
1.9307677
1.9219964
1.3806856
1.4904876
1.5960057
1.2662057
1.4961121
1.1457515
1.141989
1.1747564
1.3354546
1.2343262
1.3188896
1.1465882
1.3619986
1.1275253
1.2216585
1.1738546
1.1099912
1.1262369
1.3207355
1.2101252
1.2447557
1.2793442
1.509555
1.5693578
1.238075
1.2066784
1.2741075
1.191683
1.1998212
1.261525
1.2994922
1.0470277
1.2505372
1.1835309
1.280792
1.2139093
1.2233886
1.4239256
1.148507
1.3152789
1.7077894
1.5402137
1.375366
1.8121282
1.8483555
1.3038785
1.2314869
1.6352265
1.5422237
1.6861494
1.7617645
1.6258581
1.3707061
1.304317
1.1297045
1.0327297
1.1275017
1.3874447
1.340303
0.9753859
0.9840004
1.1292124
1.6005151
1.7021168
1.4098105
1.2542689
1.1978087
1.2208241
1.067448
1.2859138
1.2121766
1.2681556
1.3802328
1.3806912
1.2224282
1.2231107
1.3429809
1.1757964
1.3322088
1.2984092
1.293638
1.2717196
1.3092875
1.4130561
1.1260939
1.088382
0.8181182
0.8790401
1.1386695
1.1273879
0.8497225
0.7139297
0.8957203
0.98890793
0.84846145
0.83445734
0.6609485
0.799994
0.8640437
1.1202794
1.0441704
0.92164886
1.1162189
1.1247764
1.3118234
0.812968
1.4455326
1.2414988
1.2999439
1.8395569
1.9076409
2.1975114
1.4335498
1.1504842
1.3919036
1.4550575
1.5144054
1.6178707
1.6435826
1.6418729
1.8897382
2.0112813
1.7884951
1.4097221
1.4902642
1.3453269
1.5288337
1.5977995
1.5280477
1.6182954
1.5755107
1.9585152
1.9368436
1.7542747
1.7170614
1.4808425
1.982578
1.7151358
1.7817702
1.524484
1.7371075
1.7619001
2.3880625
1.9453341
2.3916957
2.5519886
2.574615
2.554867
2.2237341
2.756719
2.4839652
2.7866592
2.4515624
2.4622343
2.4632587
2.3675966
2.284587
2.517229
2.6084838
2.4265556
1.7902256
1.9366815
2.3714128
2.660249
2.9165823
3.509982
2.9334803
2.144751
2.0604863
1.8923447
2.0604906
2.0509448
2.3271828
2.3874989
2.834863
1.9592736
1.9458871
1.6548139
1.2543509
1.2661666
0.7120392
1.0884438
1.8642303
1.8765693
1.7905107
3.1530356
2.8829505
3.0897703
3.2297835
3.0611491
2.8559957
2.9617457
2.7126932
2.649007
2.7321897
2.8560681
2.6312044
2.3229125
2.713546
2.3560002
2.5735474
2.5435019
2.2429094
2.3443167
2.5972242
2.2508836
2.4119148
2.4369135
2.474739
2.2836878
2.3613899
2.0513713
2.145389
2.4395776
2.7855453
2.662168
2.5862827
3.0463657
3.430287
3.1336591
2.6198566
1.2746756
1.1537858
1.1854064
1.0994989
1.2208009
1.3553814
1.7982725
2.2399518
1.7179055
1.9832168
2.3970273
2.1121593
1.7314978
2.0877242
2.2282162
2.6567583
2.4177756
1.965996
1.752513
1.9713691
1.6558881
1.243355
1.7806159
1.5235031
1.3680445
1.7242634
1.3704423
1.2645686
1.134241
1.5009626
1.1996485
0.852553
1.2892675
1.5259895
2.0720172
2.2098842
1.6030424
1.9404691
1.9552562
1.94212
1.9216058
2.320947
2.0573218
2.0872335
1.9423602
1.9265286
2.1453424
1.9988562
2.0941548
2.085437
1.898618
2.6929722
2.3415189
2.0559397
2.2905078
2.320007
2.5452113
2.4856443
2.6059072
1.8714763
1.1684139
1.3283403
1.8880965
1.7930106
2.1542456
2.3362963
1.6435981
2.091444
2.277016
2.6568892
2.5211482
2.6838346
2.3849573
2.731624
2.2695446
2.1649392
1.7592498
2.3154807
2.3307319
1.9288808
2.5833936
2.0299883
2.5741572
2.4828715
2.597325
2.7643201
1.4803094
2.194997
2.4647365
2.5910108
1.4749882
0.87185776
1.1134046
2.0505946
2.1068177
2.087523
2.5568476
2.3294864
2.045006
2.984817
2.7052712
2.051393
1.0837084
1.1112608
1.36359
1.4351083
1.1828922
1.6175444
1.8060566
2.2305102
1.831074
1.9061811
2.0864437
1.5781782
2.1424966
1.8501445
1.7882457
2.0315952
2.7237647
2.0707502
1.9739212
2.213747
1.7854581
1.8763572
1.6751738
2.19162
1.9746963
2.1604102
2.2967775
2.6787665
3.0197082
2.1368077
1.8903214
2.284941
2.2385986
2.3391418
2.0967417
2.2877479
2.5348434
2.3299546
2.12774
2.0134385
2.1935377
2.2206404
2.4864879
2.2353435
1.3194652
0.6626726
1.0815512
0.73673475
1.1452621
1.3975661
1.1676826
1.2579608
1.74354
1.7193419
1.810326
2.18278
1.7218527
1.8549049
1.6725907
2.0626414
2.4264033
2.1225624
2.2706757
1.9392734
2.66195
1.6274153
2.4042385
1.5294572
1.8330543
1.7841942
1.6080332
1.8301821
2.430982
2.6545525
2.7436588
2.0748072
2.4533496
2.51458
1.8777814
2.0472531
2.0702887
2.222683
2.475117
2.4153533
2.4363167
2.5041742
2.8632088
3.1347525
2.8226109
3.0989485
3.054657
2.7932599
2.9676375
2.8980274
3.565422
3.9639707
3.522426
3.4266062
2.373177
3.085705
2.412086
2.6069684
2.2013235
1.7492203
1.802187
2.2663202
1.7076929
1.8837883
1.864754
1.8425035
2.2943354
1.9426434
1.8864303
3.1834688
2.6766672
2.6761088
2.6697693
2.3537815
2.432846
1.878506
2.2565994
2.6654124
2.4923227
2.5282261
2.362376
2.6256185
2.9380417
2.5302775
2.500457
2.2685735
2.362803
2.5718942
2.6788857
2.263687
1.8490325
1.8895389
2.1842504
2.0686677
1.9344523
1.7585561
1.876595
2.1583292
1.9183748
2.064489
2.2588546
2.4421492
3.0010028
3.3720613
3.3076854
3.0888135
2.7281806
2.0114894
2.2018378
2.540644
2.0720363
2.4543047
2.8919222
2.367581
2.7645745
2.5206363
3.6731367
2.1464071
2.07839
2.0994673
2.6634374
2.2142181
1.8841902
2.9237943
2.1002471
2.5528011
2.398328
2.31303
1.9747448
1.504033
1.9581716
1.9596746
2.2651026
1.9096549
2.0784378
1.893462
2.0957537
1.930387
2.0122817
2.1050134
2.0441837
1.37433
1.893542
1.733933
2.2277036
2.0547721
2.190384
1.8328668
1.9814016
1.9329176
1.9512959
2.021763
1.9066315
1.9749515
1.8068235
1.7083985
2.2085586
2.2727792
1.7658707
2.1168365
2.1862688
2.1431544
2.3431487
1.8064071
2.1361396
1.8038865
2.083062
2.0016913
2.4054787
1.7501351
1.7966446
2.0866365
1.8537784
2.3631153
1.6879377
1.9171216
2.2559276
2.2030575
1.9939483
1.4258591
2.0902245
1.7370541
1.8175038
1.631923
1.9024605
1.9933807
1.8250958
1.8701626
