10000
8.673185
8.520366
8.483446
8.587861
8.517717
8.541438
8.608681
8.540184
8.565333
8.623673
8.622707
8.639725
8.599839
8.726901
8.628069
8.673756
8.620039
8.605518
8.686219
8.729245
8.692423
8.7076025
8.673707
8.750481
8.661448
8.7900305
8.681705
8.760963
8.731803
8.727742
8.7743845
8.726503
8.632942
8.627197
8.602907
8.600972
8.57016
8.671744
8.570485
8.61491
8.488907
8.429535
8.441041
8.40162
8.319714
8.163045
7.9854627
7.687172
7.6284795
7.690138
7.4421525
7.529269
7.521066
7.60495
7.504021
7.4186263
7.344343
7.4730835
7.5444193
7.7073483
7.827725
8.066333
7.930849
8.026829
7.903256
7.7441835
7.260261
6.801048
6.819972
6.4489927
6.1448154
6.0004754
5.943232
5.8893557
6.0805445
6.09343
5.982228
5.720568
5.6940074
5.29606
4.9147863
4.732419
4.8154864
4.860601
4.8232
4.7958
4.809985
4.7933855
4.779524
4.7182636
4.7512975
4.885853
4.822419
4.8716793
4.796133
4.88801
4.9268723
2.403963
2.45039
2.4089189
2.4548385
2.3385537
2.2962968
2.3052735
2.38147
2.2254405
2.1396983
2.2999992
2.3562088
2.8076153
2.9424467
3.0233383
3.0766444
3.0119767
3.2804613
3.266019
3.5874093
3.704028
3.7082303
3.7456708
3.791673
4.107129
4.015647
4.1093464
4.10406
4.161117
4.1921763
4.580636
4.613474
4.680255
4.757351
4.9522805
5.0579634
5.003885
5.011187
4.8180003
4.5308614
4.284921
4.1011047
4.249581
4.5397787
4.575591
4.521162
4.4401393
4.545995
4.4960704
4.5355234
4.34846
4.3882265
4.441769
4.6196613
4.683907
4.5087647
4.543141
4.6054497
4.792491
4.728684
4.8856516
4.810332
4.6848917
4.738781
4.790229
4.9710836
4.952955
4.8943667
4.810716
4.8992534
4.892666
4.979785
4.7347736
4.8568463
4.7954698
4.744326
4.72069
4.6474442
4.7856946
4.7826624
4.6932607
4.7938194
4.656877
4.7384124
4.585181
4.3857737
4.5176287
4.3346286
4.207506
4.058821
4.1998625
4.1388507
4.198433
4.166657
4.317482
4.448045
4.474904
4.536258
4.7190523
4.8910184
5.04031
4.973299
4.969327
5.0969076
5.109002
5.148744
5.098579
5.148916
5.1879926
5.156629
5.09091
4.9800334
5.0594044
4.787288
4.5572915
4.562863
4.647422
4.8490963
5.0823245
4.434892
4.5845428
4.7232904
4.752197
4.601736
4.5904856
4.539215
4.5693717
4.4351497
4.4699883
4.470014
4.348902
4.2784066
4.3624563
4.2945576
4.3065367
4.3177624
4.251704
4.347541
4.3390465
4.142047
4.1644506
4.1902704
4.2685814
4.0917296
4.1530113
4.265117
4.179784
4.2307177
4.324747
4.3243933
4.2578983
4.273401
4.824572
6.1178274
6.125918
6.1775823
6.3363857
6.0650334
6.1856174
6.2933097
6.2821364
6.314552
6.2573996
6.3052793
6.4088387
6.4258394
6.3721714
6.374263
6.385055
6.3576307
6.4071674
6.397164
6.3648443
6.335182
6.563978
6.614214
6.664486
6.6446013
6.666856
6.6547565
6.5901346
6.632601
6.6144085
6.694564
6.759875
6.7995634
6.7505617
2.1046135
4.14748
4.2507744
4.217175
4.198847
4.2376986
3.9853196
3.9766495
4.3687077
4.2525015
4.292515
4.52407
5.2826715
4.344077
4.401131
4.0603123
4.0631824
4.201362
4.1720514
4.1923494
4.378206
4.3622537
4.479458
4.4682665
4.444027
4.564572
4.4865727
4.6044416
4.535019
4.4803963
4.6423206
4.4963036
4.4410815
4.3481417
4.2490287
4.478376
4.4166145
4.4595146
4.543005
4.4344106
4.65234
4.6493926
4.5310154
4.4230623
4.4826365
4.422299
4.3738503
4.1512547
4.091401
4.0298996
4.256916
4.2687283
4.101611
4.2872243
4.21512
4.251789
4.3469524
4.191162
4.248118
4.283161
4.3729224
4.644121
4.4916906
4.6256504
4.679917
4.70744
4.761747
4.750455
4.666528
4.809624
4.758295
4.8356223
4.866601
5.0293183
4.9778028
5.006179
4.7971954
4.8799863
4.785436
4.7124925
4.7105236
4.7944894
4.8414426
4.715566
4.6375046
4.5908947
4.464755
4.48243
4.539426
4.577878
4.445885
4.320611
4.4649105
4.438781
4.477749
4.4413996
4.54956
4.503156
4.467642
4.6379485
4.502577
4.3558245
4.4358764
3.413077
3.4256232
3.7415566
3.753516
3.7964585
3.7114432
3.6505842
3.5719185
3.6202466
3.5144775
3.6154969
3.7623396
3.8027427
3.7982876
3.9653726
3.9924002
3.9322026
4.025693
3.944352
3.7311277
3.8421154
3.695741
3.6179395
3.4936376
3.5101962
3.6975846
3.6099198
3.7681992
3.5038145
3.9830885
3.8572774
3.8815694
3.4396055
2.1766331
3.8980813
3.9142764
3.5381713
3.6823766
4.474722
5.075027
4.912998
5.026937
4.9084587
4.869572
4.9041886
4.9371195
4.763774
4.869856
4.6270823
4.708894
4.6739984
4.713706
4.5747414
4.684714
4.566899
4.618864
4.4450197
4.5027547
4.5061364
4.500426
4.515007
4.4763517
4.501932
4.3751493
4.487342
4.3665023
4.36681
4.4640036
4.6093245
4.700492
4.492017
4.5330405
4.6451573
4.765202
4.6184387
4.4359903
4.5202823
4.635318
4.498393
4.7580967
4.8011165
4.9142556
4.7513037
4.741014
4.7078304
4.8612666
4.994151
4.7733107
4.8584995
5.109643
5.121695
4.9888544
5.034887
4.904322
4.6701326
4.545978
4.450869
4.6541576
4.6604595
4.5823665
4.553316
4.4168744
4.5275784
4.3410487
4.2120543
4.3101873
4.389525
4.343667
4.4289026
4.442355
4.2634997
4.2420554
4.2082753
4.3749804
4.1599402
4.148486
4.07171
4.0449295
3.7279863
3.872365
3.8014588
3.8037357
4.1920533
4.531639
4.50667
4.5738225
4.383555
4.519508
4.5301356
4.443924
4.3789268
4.224173
4.184035
4.087613
4.2389045
4.2605624
4.1949444
4.2843857
4.0907197
4.1440816
4.1466846
4.235862
3.5881984
6.789234
7.0484405
7.147423
7.0624676
7.170838
7.037341
7.2457185
7.1948156
7.1902585
7.2585917
7.114222
7.1703815
7.0715885
7.1410246
7.1512604
7.071877
7.05843
7.156461
7.1241775
7.0668993
7.192478
7.0322623
7.053987
7.055813
7.1085424
6.9608893
7.0862713
7.0001063
7.111071
7.1515684
7.188989
7.1091976
6.9456463
7.00395
6.6448874
6.536421
6.485301
6.292563
6.337763
6.3186426
5.9756093
5.7821445
5.784979
5.854313
5.8114147
5.8345237
5.771923
5.63792
5.609036
5.687782
5.2417684
5.076479
4.8313622
4.835464
4.6900616
4.5525527
4.754631
4.9332943
4.86702
4.824191
4.8181276
4.8234615
4.656673
4.7077456
4.683361
4.6064024
4.620656
4.4345503
4.487837
4.36731
4.1848593
3.9035501
3.7422085
3.806449
3.7511747
3.822402
3.813422
3.6643245
3.690682
3.717644
3.61066
3.753281
3.8551347
3.8016229
3.8564181
4.026866
4.318675
4.4811473
4.5040784
4.612933
4.630556
4.3696413
4.342266
4.462261
4.3600044
4.2621317
4.277449
4.2175775
4.107471
4.1261835
4.155855
4.048384
3.8924794
3.887147
3.7973564
3.5250735
3.5339737
3.7152908
3.5883636
3.6041224
3.725879
3.5340781
3.5587282
3.5683084
3.516015
3.4946232
3.2360978
3.333979
3.341401
3.3992698
3.4902737
3.552485
3.6420858
3.7689245
4.00759
4.019436
4.0690827
4.2084527
4.1281424
4.1278706
3.9924474
4.099236
4.128385
3.9599774
3.9798074
4.0881877
4.30507
4.279374
4.4011893
4.3890343
4.6178317
4.8495064
4.8168936
5.0965996
5.2406497
5.329565
5.3675327
5.2677393
5.3301353
5.132673
4.878022
4.7850246
4.6912794
4.735258
4.5614886
4.59485
4.540805
4.4878387
4.544546
4.3364873
4.2968273
4.4446497
4.5483203
4.6200476
4.7882433
4.9340158
4.9504704
4.9217153
4.9914255
4.845518
4.9578514
4.687557
4.8075027
4.744466
4.783799
4.6802273
4.4764447
4.4685426
4.2407784
3.9773104
3.7625208
3.9065952
3.9630325
4.205255
4.179521
4.147384
4.091247
3.9888666
3.8715117
3.619966
3.3364687
3.2458189
3.2721763
3.3570635
3.3055933
3.4750984
3.5773213
3.6972983
3.8652446
3.9268782
4.1804147
4.3691463
4.2328672
4.359146
4.4824643
4.5249987
4.6185813
4.638437
4.605966
4.767176
4.8343186
4.8782797
4.8114076
5.0769157
5.099263
5.163874
5.2881374
5.2474627
5.3654723
5.457612
5.4206142
5.4397793
5.3720093
5.4486113
5.4378257
5.2375164
5.269213
5.3306227
5.518394
5.3281875
5.074069
5.1259365
4.9831033
4.846309
4.486764
3.4889467
3.464258
3.0926266
3.06538
3.0798483
3.118369
3.0962188
3.1748066
3.0729518
3.0517714
3.1809757
3.1679032
3.2489069
3.209585
3.2896216
3.1553466
3.2541795
3.3351803
3.2366836
3.2076173
3.2442596
3.3518991
3.3664484
3.325088
3.3349128
3.408772
3.328168
3.4258122
3.36088
3.422903
3.385437
3.5238595
3.4748592
3.4768395
3.3790548
3.3376803
3.3343868
3.294089
3.3878825
3.335457
3.3285694
3.2940454
3.351798
3.310133
3.2401514
3.2498574
3.2694826
3.147137
3.1582675
3.1089528
3.0643487
3.0999737
2.9707139
3.0232065
3.0545845
3.0312386
3.068431
3.0352712
3.0628912
3.0701647
2.961461
2.9994614
3.0083127
3.0363348
3.0621543
3.6337125
3.577275
3.493564
3.7679543
4.0466175
4.0865135
4.1424804
3.8635266
4.2735786
4.4362164
4.62269
4.590233
4.7123094
4.5840755
4.4423604
4.148249
4.0550385
3.942898
3.869573
3.770341
3.9924877
3.9534822
4.0160527
4.0198283
3.979741
4.0219817
3.9157052
3.9180071
3.8250797
3.9350243
3.9519143
3.911375
3.942473
4.094452
3.975035
3.8583455
3.8116496
3.759739
3.9654956
4.3266244
4.0970902
3.632758
3.6300075
4.077422
4.090079
3.8965127
3.952958
3.9275393
3.7592099
3.7440536
3.504231
3.4730954
3.5275333
3.2531266
3.4334192
3.4385178
3.5156002
3.5376935
3.4823005
3.5705378
3.480283
3.26944
3.383915
3.3540561
3.2205524
2.9651866
2.966767
3.0631027
2.866538
3.3619297
3.6188614
3.629408
3.3854656
3.288022
3.3322427
3.3680086
3.5337713
3.4717324
3.4100199
3.548045
3.710703
3.4401238
3.430735
3.5063467
3.6846952
3.5806105
3.6607738
3.6385217
3.6334658
3.7192302
3.9215462
3.7615721
3.8631146
3.7258956
3.6539226
3.592658
3.3714178
3.629518
3.6278296
3.5958455
3.4885368
3.5537338
3.6720433
3.538584
3.7922544
4.0163307
4.0912623
4.1849365
4.291771
4.5344048
4.45838
4.275658
4.2797546
3.9367182
3.6036267
3.5775652
3.623145
3.7275136
3.5554364
3.4866421
3.491016
3.9353495
4.0334377
4.1763186
4.0375786
4.1268315
4.0836067
4.137664
4.103946
4.201066
4.0738125
4.2990894
4.1127415
4.1065216
4.124709
4.0148144
4.066415
4.201727
4.299436
4.099275
4.0246067
4.1075153
4.019541
4.064917
4.116495
4.1082554
4.231551
4.128229
4.1000853
4.2414546
4.0868936
4.0731907
4.109988
4.106575
4.230345
4.0820527
4.1637836
4.0839972
4.202918
4.2699842
4.1704783
4.157492
4.175173
4.153615
4.129842
4.0057635
3.7202766
3.5649858
3.602955
3.549881
3.8244646
3.6976156
3.7680972
3.7299395
3.784951
4.0315404
4.1019416
4.271465
3.764286
3.954101
4.528561
4.5701838
4.685523
4.603466
4.683546
4.6169834
4.602455
4.5694423
4.6147428
4.577759
4.499425
4.5585456
4.4529085
4.6527195
4.617224
4.6630354
4.579425
4.598718
4.562678
4.6401653
4.645002
4.5328126
4.473026
4.5861197
4.5930653
4.7196455
4.491156
4.4968305
5.9283257
6.4746203
6.5612707
6.508898
6.2884064
6.238991
6.3781414
6.321147
6.389884
6.416663
6.3108606
6.3715916
6.3561068
6.2733717
6.307635
6.18699
6.137234
5.976987
5.758958
5.628002
5.3499675
4.960355
4.5155516
4.132311
4.1324024
4.1413703
4.108342
3.889529
3.8335357
3.7661357
3.9022589
3.8787427
3.9559264
4.5251393
4.4707475
4.673316
4.9390707
4.9401054
5.0755577
5.0280924
5.5638466
5.56714
5.8225923
5.99121
5.921991
6.097034
6.285568
6.348191
6.27805
6.30067
6.4300985
6.5145907
6.4731297
6.291743
6.2533836
6.2695055
6.250609
6.140703
5.9207487
6.014535
5.990286
5.9977994
5.908742
5.829764
5.871401
5.8484807
5.8047113
5.8160048
5.8577614
5.8659325
5.864524
5.8504086
5.888239
5.8832855
5.7559576
5.8686624
5.8960743
5.925884
5.848195
5.8549867
5.7718267
5.664018
5.56188
5.540433
5.562756
5.5397005
5.317115
5.192591
5.1185083
5.158393
5.026641
5.0403624
5.1255445
5.0367165
5.0308537
5.0275555
5.041154
5.024149
5.032976
4.9890203
4.9581256
4.953311
5.020018
5.0588584
5.100763
5.1507587
5.352491
5.283263
5.4058356
5.4767547
5.4473624
5.4962626
5.593405
5.718392
5.7673564
5.901483
6.0561657
6.066329
6.0831175
6.035663
6.1008177
6.094821
6.1018476
6.1681485
6.1067104
6.17355
6.0663347
5.957965
6.0646935
5.9804354
5.97813
6.048914
6.0492964
6.0949497
5.9300375
6.1705513
6.099263
5.9790516
5.9299164
5.962542
5.9055724
5.8120046
5.872531
5.918546
5.929089
5.806524
5.8820143
5.7842326
5.8196454
5.858495
5.802589
5.821834
5.7315187
5.9534836
5.931881
5.9511695
5.9939003
5.9365783
6.139875
6.090219
6.0911207
6.159954
6.164028
6.114196
6.1242785
6.205697
6.1559687
6.202994
6.041897
6.115671
5.883218
5.9557657
5.94023
5.9917502
5.8692183
5.8417377
6.0125775
5.960769
5.955735
5.8332973
5.915007
5.9565716
6.048474
6.088674
5.9812303
6.177387
6.113962
6.014957
6.037032
6.097827
6.11481
6.257668
6.1080627
6.2544084
6.127645
6.259972
6.0990057
6.1228724
6.1126275
6.1605287
6.080262
6.12215
6.0643215
6.047772
6.029483
5.99474
6.055761
5.956671
5.9308367
6.0199275
5.9660645
6.0021367
5.9746466
5.953632
5.925721
5.824074
5.8948145
5.8088226
5.723683
5.7339463
5.6504936
5.7447414
5.8013005
5.8170524
5.8198256
5.813716
5.926313
5.846794
5.9456744
5.8607044
5.928671
5.7531414
5.9240274
5.8495827
5.9057837
5.890015
5.8615785
5.913809
5.9006534
5.8686132
5.845394
5.9930453
6.128125
5.9986963
6.0416307
6.025383
6.0613947
6.1274757
5.9691863
5.957755
5.991504
6.0554376
6.250077
6.152451
6.1764703
6.1506004
6.0637646
6.2081547
6.245307
6.253681
6.2690277
6.1065664
6.0650277
6.0047197
6.0835395
5.915642
6.0818853
5.9021807
5.846543
5.99521
5.884603
6.0854597
5.740001
5.8958516
5.8243737
5.86542
5.7419357
5.9568157
5.965679
6.195978
6.022935
5.975737
6.1855006
6.0620546
6.053416
6.024944
5.9533486
6.0480742
6.0820913
5.9868517
6.1943374
6.0259914
6.005177
6.1270666
6.006242
6.074603
5.951412
5.926485
6.0094895
5.9906826
6.073534
5.938002
5.978875
6.1316905
6.0415125
6.1057367
6.1331835
6.0702963
6.1601157
6.1570845
6.1739526
6.0842133
6.1210585
6.1486955
6.2404423
6.0971274
6.0617027
6.0733147
6.070766
6.164502
6.092424
6.181855
6.143942
6.1720953
6.1773686
6.1695576
6.012006
6.065135
5.9093986
5.877387
6.0561757
5.927744
5.834885
5.9207497
5.91027
5.987196
5.9817696
5.9670196
5.8230753
5.7874026
5.6728334
5.618534
5.551776
5.62983
5.6104493
5.4264083
5.488039
5.5871754
5.7349143
5.749897
5.8125434
5.9597607
5.819127
5.6952276
5.739258
5.7739706
5.866346
6.019291
6.183297
6.224169
6.193088
6.13317
6.109191
6.025117
6.0413465
5.9051394
5.9090786
5.8969765
6.165515
6.057303
6.2165394
6.1916413
6.1596394
6.083374
6.066
6.042672
5.9953637
6.0497
6.172892
5.9905863
5.918221
5.569958
5.6384535
5.524121
5.4699645
5.463442
5.467136
5.4863863
5.475611
5.503319
5.575423
5.593561
5.9261875
6.188448
6.329964
6.129042
6.1364255
6.0941787
6.25304
6.016359
5.974855
6.0421367
6.074959
6.4149094
6.46833
6.3862853
6.42918
6.437372
6.410515
6.38616
6.426141
6.2121396
6.190028
6.186742
6.2065487
6.1805983
6.326251
5.796378
5.73732
5.665844
5.6469083
5.651072
5.683125
5.8389835
5.9246726
6.1699076
5.9117384
5.907343
5.7611113
5.843339
6.074401
5.8902216
5.767908
5.865415
5.924278
6.2024794
6.450485
6.1970325
6.18266
6.072467
5.8981943
5.570742
5.3153224
5.193588
5.2050843
5.2000504
5.191466
5.2966
5.492361
5.517324
5.7124677
5.8862796
5.5522547
5.149087
5.178831
5.3285155
5.4618244
5.2640977
5.240867
5.3511906
5.241273
5.4862437
5.60963
5.636698
5.690014
5.819216
5.768465
5.617386
5.647531
5.5616665
5.473674
5.555867
5.5361385
5.484021
5.598593
5.5712724
5.6959734
5.728152
5.8229322
5.896673
5.829985
5.9458466
5.895247
5.638875
5.5378404
5.2547913
5.2633204
5.218093
5.2283115
5.169569
5.3133373
5.2552524
5.3631325
5.320904
5.2745137
5.31164
5.413851
5.351467
5.1348825
5.201497
5.103656
5.0610385
3.8507693
3.877147
3.959429
3.793781
3.8794618
4.0371895
3.9263747
3.855159
3.867973
3.890552
3.9326448
3.9023242
3.9549258
3.8497696
3.7190573
3.4857152
3.5853658
3.535308
3.4247296
3.3916426
3.4224398
3.548955
3.5478654
3.6663735
3.906373
4.0052385
4.38219
4.4358025
4.151812
4.0706973
3.2772324
3.4187071
3.3439317
3.456968
3.6297207
3.557877
3.6545548
3.6644754
3.4776628
3.655731
3.7809472
4.022579
4.0957265
4.0994077
4.091829
3.973946
3.8397744
3.8410225
3.9918852
4.0310593
4.073667
4.078575
4.127272
4.314909
4.0724883
4.0392284
4.102906
4.0822387
4.2562532
4.173197
4.235875
4.187945
4.2486925
4.2269263
4.2780447
4.2558546
4.2453074
4.2462916
4.160342
4.2581973
4.165962
4.3117294
4.1722736
4.274273
4.157029
4.268203
4.154778
4.2606697
4.1603727
4.2672486
4.188785
4.308518
4.1703167
4.2690597
4.175676
4.3079824
4.1849008
4.323006
4.2738695
4.326304
4.202586
4.2659636
4.2538595
4.275994
4.265398
4.2677426
4.261264
4.235644
4.2488604
4.2534876
4.3085423
4.2398853
4.2785177
4.239589
4.274202
4.2171636
4.281061
4.2059784
4.246254
4.2227554
4.2737117
4.1923647
4.2671714
4.15889
4.2498455
4.2138305
4.2843013
4.2258635
4.168515
4.236307
4.241711
4.2396274
4.292892
4.257174
4.307286
4.308639
4.3119254
4.3169756
4.339122
4.3393536
4.237992
4.284195
4.2359214
4.2906666
4.257166
4.298699
4.257588
4.299855
4.248539
4.2712007
4.2561774
4.301323
4.238931
4.3179955
4.2587724
4.346714
4.2358985
4.3377867
4.366729
4.312226
4.34709
4.3283663
4.3632784
4.3373423
3.84335
4.174681
5.0610533
4.859507
4.760044
4.717726
4.842071
4.8213577
4.894449
4.938699
5.2173986
5.185631
5.393374
5.3460736
5.4541106
5.4086814
5.536826
5.40433
5.551485
5.326797
5.574821
5.383877
5.519
5.273988
5.343606
5.58135
5.381504
5.4085293
5.406837
5.3917255
5.255625
5.444083
5.4733086
5.507883
5.5892086
5.6552024
5.684726
5.701544
5.8963995
5.89344
5.90659
5.8904433
5.902303
5.870564
5.920584
5.819935
5.906783
5.8684607
5.837699
5.824463
5.8612547
5.862141
5.8960166
5.8089514
6.0313272
5.8974323
6.055926
6.00549
5.9644275
5.9761324
5.985607
6.0463033
5.996671
6.007762
6.012462
5.997533
6.067031
5.920944
6.1110353
6.0739565
6.090208
6.2835054
6.174181
6.1991835
6.190689
6.2548504
6.2759686
6.291429
6.3635635
6.2544484
6.2913327
6.339159
6.23203
6.257506
6.273369
6.2624674
6.2270107
6.269683
6.172404
6.2793894
6.29821
6.18769
6.1891384
6.131357
6.112806
6.1817093
6.1222086
6.074637
6.1078234
5.9865227
6.0657053
6.052556
6.0924907
6.0567236
6.2077866
6.1630754
6.1425676
6.0870166
6.058895
5.874078
5.8602066
5.796384
5.82756
5.8857236
5.70484
5.8687034
5.8518767
5.7524614
5.9724493
5.5935264
5.470195
5.2122707
5.3853436
5.231015
5.4761095
5.519308
5.5702305
5.5472426
5.609323
5.4279127
5.273999
5.675866
5.5789127
5.5868673
5.432566
5.672598
5.780696
5.7076497
5.932407
6.140393
6.2085495
6.262821
6.236098
6.186122
6.1380777
6.107745
6.1346235
6.073568
3.9846604
4.0798182
3.9317946
4.037912
4.0311227
3.8971722
4.1566544
4.042148
4.172075
4.231879
4.2464366
4.048137
4.363066
4.405326
4.481029
4.4828777
4.4954104
4.52715
4.54816
4.480649
4.6591716
4.7565694
4.772416
4.8153586
4.7472973
4.8726296
4.9501004
5.026097
5.1765037
5.027092
5.0910664
5.2033863
5.1759286
5.258381
5.2520742
5.3847666
5.4051538
5.390945
5.361553
5.3991017
5.305334
5.3787694
5.531061
5.4116015
5.470454
5.469533
5.526002
5.386275
5.377886
5.292825
5.377743
5.4066267
5.411876
5.447757
5.4282975
5.4846535
5.4730616
5.4740934
5.4878383
5.359051
5.3621726
5.407141
5.400397
5.437461
5.418952
5.4507213
5.345073
5.3370633
5.2966013
5.2731066
5.226993
5.280737
5.3429513
5.328394
5.3621755
5.2746773
5.253803
5.328125
5.390915
5.3437123
5.272271
5.162162
5.1580725
5.130183
5.179056
5.200019
5.0096745
5.0766907
5.0180545
4.9589043
5.0290895
5.0501113
4.96183
4.8977923
4.941577
4.907284
4.9503374
4.8982663
4.9919233
4.9788437
5.0293736
5.0429215
5.093996
5.2252483
5.1346874
5.0858173
5.0083966
5.155315
5.0494623
4.933125
5.105629
5.295577
5.406733
5.3021016
5.3156757
5.203903
5.283042
5.3165164
5.4569993
5.4249363
5.4880295
5.409408
5.5888715
5.531979
5.5856085
5.7493114
5.7769003
5.712952
5.748971
5.7031064
5.8449497
5.556399
5.4923954
5.605634
5.531657
5.816199
5.78495
5.717104
5.697245
5.664785
5.743054
5.6512737
5.753318
5.689889
5.6718144
5.581454
5.6699967
5.621583
5.768441
5.7004905
5.6520314
5.688259
5.7330422
5.5989866
5.6310625
5.537337
5.617015
5.7123313
5.5560083
5.6081634
5.609531
5.6531487
5.6163588
5.6745634
5.612383
5.5598044
5.6605363
5.7311172
5.6838427
5.7073298
5.621946
2.3234053
2.489385
2.4624443
2.6986623
2.3491604
2.3542483
2.5044096
2.5697021
2.5163162
2.498362
2.6589675
2.455917
2.3857136
2.4277306
2.418276
2.3467247
2.4032774
2.4220695
2.336598
2.3379583
2.354674
2.357985
2.4055526
2.3065364
2.3371048
2.2794805
2.2537503
2.1471627
2.34604
2.3720417
2.2600546
2.2896173
2.3064482
2.3921518
2.4304438
2.4159179
2.387596
2.374401
2.3289237
2.3650296
2.298348
2.5088987
2.45246
2.4927006
2.396664
2.6070106
2.5070133
2.6295824
2.5978093
2.603134
2.9004843
3.0575683
2.9260304
2.9975793
3.2297928
3.5804703
3.8052132
4.037338
3.8010824
4.500466
4.946535
4.9406104
4.9987946
5.036379
5.088266
5.335903
5.3763027
5.5281506
5.52553
5.6126065
5.764659
5.5522776
5.5273886
5.6017237
5.7199235
4.6738462
4.7873216
4.7123537
4.803662
4.932162
4.8969703
4.962744
5.0040894
4.987962
5.1327624
5.156549
5.3607388
5.4357104
5.5443244
5.457299
5.503006
5.543481
5.6839266
5.5472503
5.643884
5.5858316
5.772389
5.948888
6.0289135
6.209531
6.358282
6.27788
6.1777925
6.195612
6.096306
5.9922056
5.9533606
5.8678265
5.8707037
5.868469
5.8632045
5.7596493
5.760217
5.835508
5.843819
5.825044
5.827951
5.9410043
5.8170724
5.7902884
5.83271
5.75882
5.7518115
5.7235727
5.6294785
5.6485605
5.4916596
5.4337993
5.2789383
5.2209253
5.1003127
5.0426087
5.0404453
5.210699
5.020793
5.068671
5.1611395
5.16839
5.087624
5.161914
5.0564
5.079709
4.977724
4.8828716
5.0287313
4.981393
5.046734
5.065547
5.054389
5.0091968
5.051263
5.083749
5.0569844
5.054287
5.073968
4.9989047
5.169372
5.130828
5.134331
5.105956
5.218254
5.253873
5.2566466
5.2832475
5.2683535
5.3387117
5.241931
5.1744943
5.156434
5.1510916
5.2506037
5.279402
5.2881484
5.217727
5.227825
5.2593603
5.222598
5.3236213
5.296022
5.371942
5.259827
5.309166
5.2782717
5.270862
5.248431
5.239633
5.3096395
5.304941
5.3558493
5.303496
5.3368797
5.4141173
5.46247
5.373435
5.445388
5.49432
5.4764037
5.449962
5.4181604
5.473403
5.49663
5.3924866
5.4344535
5.4318795
5.5143185
5.4545164
5.51507
5.496514
5.5020475
5.4962883
5.551108
5.521207
5.577457
5.565418
5.6145577
5.6081715
5.5908794
5.6158977
5.613548
5.672244
5.7119317
5.7845755
5.6903615
5.7750854
5.6337733
5.615444
5.6250815
5.6755624
5.646431
5.6768312
5.717626
5.660973
5.6786375
5.6670456
5.6229515
5.746379
5.7724643
5.793645
5.7509766
5.8116713
5.775954
5.7940335
5.6542897
5.566597
5.5842004
5.353479
5.3715725
5.4354296
5.337373
5.4357023
5.22152
5.224557
5.2299647
5.319734
5.3247557
5.2225437
5.1669374
5.2390475
5.209502
5.251216
5.269659
5.143097
5.2426233
5.2553473
5.2363915
5.137475
5.1779733
5.0234585
5.1339116
5.0616255
5.1576757
5.1882033
5.2012625
5.34142
5.181356
5.355936
5.3667293
5.3841486
5.3907237
5.402715
5.4226084
5.3607035
5.4411335
5.3853955
5.4176974
5.383557
5.3933306
5.3775263
5.5008035
5.421277
5.4615655
5.359735
5.3705306
5.2651577
5.3505263
5.2796154
5.189646
5.2360506
5.085636
5.2158175
5.2015243
5.2247257
5.0789547
5.1604013
5.2423706
5.1944675
5.060795
5.1590486
5.1201487
5.127202
5.0860868
5.17726
5.297639
5.2298303
5.149414
5.0625753
5.171423
5.1704535
5.1204166
5.1774645
5.329775
5.342559
5.343668
5.4711614
5.5179377
5.6947203
5.6825814
5.762
5.900859
5.961623
5.9708776
5.9856477
5.950849
5.9569736
5.94534
6.007006
6.021649
5.9899993
5.9964666
6.018963
6.013277
6.130143
6.194555
6.276384
6.2912107
6.223468
6.21993
6.210354
6.2668695
6.270775
6.368275
6.30037
6.223867
6.3084846
6.1511445
6.2360835
6.16018
6.179112
6.205698
6.1716723
6.146195
6.1861873
6.179396
6.2044873
6.259342
6.1887264
6.219495
6.1967998
6.157017
6.202832
6.2513967
6.2052746
6.222924
6.172729
6.161853
6.240997
6.126737
6.176149
6.15166
6.186778
6.168713
6.1240835
6.11028
6.1276474
6.1193085
6.1141725
6.0254235
6.091907
6.091784
6.0910244
6.0868287
6.069507
6.057276
6.032916
6.0098267
5.9654927
5.896804
5.8931103
5.9379163
5.9079814
5.9817963
5.9881325
6.0527577
6.0322986
6.1119
6.138273
6.143753
5.9167104
5.8611646
5.7585382
5.7293916
5.5654407
5.4439626
5.4145374
5.0812654
5.058572
5.0402775
4.9657674
4.971047
4.9871993
4.8004913
4.9019656
4.880015
4.8415585
4.945856
4.8866673
4.7087855
4.6980343
4.7923527
4.7506266
4.733513
4.742442
4.816637
4.7462144
4.8796186
4.798863
4.9229417
4.910243
4.958534
4.873094
4.849793
4.8528204
4.887404
4.8458624
4.940199
4.9595184
4.9590154
5.006135
4.9457455
5.025713
4.977791
4.976818
4.958304
4.9253855
4.9698796
4.925085
4.9710655
4.945911
4.9692903
4.9837136
4.96752
5.006197
5.0162444
5.0100474
5.0432496
4.998309
4.995861
4.997579
5.0442286
5.0116153
5.006833
4.9975386
4.999183
5.0210896
5.012206
4.9742017
5.0204253
5.0431476
5.021794
5.0230107
5.011902
5.0013504
4.999368
5.0009513
4.9897366
4.978911
4.941163
4.9437428
4.962271
4.972228
4.9332304
4.8915133
4.904825
4.962362
4.928162
4.9637737
4.9166803
4.9336824
4.903334
4.8693542
4.913126
4.897802
4.8656893
4.9237814
4.8918076
5.0007234
5.1148562
5.2584534
5.213573
5.27249
5.333291
5.280756
5.204721
5.197721
5.1295414
5.08421
5.125774
5.1992974
5.1275797
5.2440295
5.1658263
5.236036
5.2014446
5.1654634
5.147924
5.2365146
6.3929734
6.3851876
6.458988
6.3488774
6.2496767
6.207389
6.191999
6.169255
6.2094097
6.048725
6.091502
5.997626
6.065796
5.991161
5.9683566
5.9776764
5.9182177
5.9295077
5.940834
5.9367504
5.8617973
5.8900886
5.8706913
5.85278
5.8895316
5.964292
5.963126
5.8728228
5.967964
5.915471
5.91018
5.8460937
5.8904696
5.8854933
5.8694468
5.91263
5.8983417
5.907003
5.9207683
5.9055223
5.8907332
5.8786182
5.8738832
5.8980618
5.910162
5.9381986
4.960444
5.0170527
4.918204
4.9696603
5.0445337
5.020018
5.0618744
5.152127
5.013522
5.2209954
5.0634665
5.193973
5.0864196
5.2643366
5.0445623
5.2824745
5.0971646
5.2566895
5.055204
5.2661877
5.091373
5.250055
5.1166415
5.3320785
5.1713915
5.3151975
5.1257143
5.342489
5.1515536
5.3278065
5.0545783
5.28086
5.17601
5.270531
5.137201
5.2555647
5.1374116
5.276764
5.1279488
5.332005
5.1359215
5.3296695
5.1268516
5.313804
5.138607
5.263132
5.145327
5.26963
5.0742416
5.2914248
5.1365705
5.3274426
5.1101775
5.3062863
5.1058908
5.2893987
5.0999856
5.3091936
5.101859
5.3341255
5.150861
5.358205
5.196458
5.3478503
5.174246
5.3801017
5.1900063
5.3455887
5.224037
5.3471856
5.205271
5.35617
5.275786
5.2666616
5.281648
5.352731
5.3120933
5.364079
5.2954583
5.205884
5.2517
5.181997
5.163204
5.202964
5.135268
5.217334
5.1393147
5.2142076
5.12544
5.2881155
5.124704
5.247843
5.1056514
5.3227935
5.1399474
5.316529
5.198608
5.262433
5.1980205
5.3049703
5.1944137
5.3210945
5.233382
5.3340034
5.2330513
5.2619495
5.2079926
5.306811
5.18519
5.317482
5.2307706
5.3176413
5.2440677
5.228326
5.228531
5.3039904
5.180008
5.201243
5.2224283
5.2042127
5.1888237
5.2814326
5.1882997
5.256732
5.155254
5.2409043
5.171132
5.240187
5.193089
5.2249126
5.1935525
5.230571
5.118923
5.220312
5.1242595
5.1032863
5.111008
5.1769376
5.153797
5.1594677
5.1344285
5.15902
5.1146126
5.1333985
5.1121764
5.157545
5.081157
5.13631
5.1127048
5.1685305
5.073168
5.159912
5.1690993
5.2160273
5.1815453
5.2317123
5.1495523
5.1850586
5.142767
5.2467914
5.1741757
5.207148
5.2052665
5.2182813
5.195658
5.1581116
5.231487
5.186119
5.2198825
5.1666555
5.183874
5.144383
5.203998
5.145528
5.1708703
5.162963
5.1609354
5.1062446
5.132795
5.1574416
5.085703
5.1663294
5.126972
5.187423
5.0688753
5.232142
5.0779376
5.1955614
5.071103
5.179539
5.093826
5.1312823
5.1128182
5.122437
5.0918765
5.1339064
5.087642
5.1970997
5.0930796
5.1772137
5.171284
5.1966424
5.169625
5.169631
5.2003403
5.161353
5.1572456
5.17699
5.1030726
5.185197
5.1956096
5.230938
5.2027445
5.245744
5.227293
5.2666826
5.2168813
5.89115
6.047541
6.0562654
5.85775
5.9856753
5.8751864
5.9813056
5.9395256
6.0088177
5.8950944
6.0492167
5.9392986
6.0565763
5.9455013
6.0558677
5.920472
6.0498705
5.9427814
6.067072
5.9389277
6.018681
5.925149
6.0239515
5.8713655
6.0042663
4.8213997
4.579468
4.625631
4.619315
4.633582
4.5881667
4.60235
4.718996
4.650964
4.6854115
4.625226
4.640022
4.632532
4.6119165
4.606673
4.5978365
4.601157
4.7111793
4.593513
4.597398
4.5950403
4.5527687
4.5993853
4.61137
4.6739655
4.599679
4.607372
4.575732
4.5948186
4.5789824
4.619551
4.621742
4.5761795
4.640051
4.5633106
4.5676436
4.5708127
4.5591183
4.58175
4.5290394
4.5911474
4.5195203
4.510507
4.5298443
4.5046244
4.5086055
4.4193687
4.449731
4.406251
4.493043
4.311721
4.464019
4.345122
4.4737763
4.33068
4.3751206
4.311939
4.296544
4.3567944
4.2457466
4.3749223
4.1062346
4.2395725
4.216501
4.124047
4.0257883
4.1752625
4.162579
4.227886
4.1787825
4.2076693
4.314953
4.3169928
4.3591013
4.4291954
4.5279164
4.6346736
4.69163
4.642101
4.695902
4.623143
4.6882195
4.5914955
4.64969
4.7392883
4.7928596
4.9855533
5.0018363
4.970301
5.0735164
5.2073784
5.133972
5.2187
5.150288
5.2136726
5.1885777
5.409712
5.361732
5.4596972
5.5092216
5.5598536
5.5896063
5.6080256
5.597806
5.5675936
5.732075
5.616982
5.6514726
5.670196
5.6612515
5.6460466
5.7078676
5.7047772
5.7333746
5.7317123
5.7437973
5.839534
5.746869
5.826769
5.8126388
5.892893
5.829623
5.848616
5.8106713
5.84781
5.837616
5.8603115
5.8758807
5.9064493
5.883842
5.911846
5.9431114
5.975019
5.907506
5.9798617
5.928951
6.0861197
5.964486
6.090068
6.037233
6.171981
6.044454
6.157346
6.1044054
6.123682
6.150765
6.2143044
6.090926
6.140204
6.1870985
6.2018237
6.185161
6.1296563
6.132097
6.079923
6.0821404
6.0345006
6.0677476
5.9365077
5.8839207
5.7428
5.7351685
5.6570024
5.626603
5.5426397
5.496698
5.417934
5.5246058
5.5353866
5.511339
5.613338
5.5811424
5.647592
5.5954423
5.569579
5.5580306
5.696055
5.58727
5.698226
5.605483
5.7357583
5.5929985
5.611813
5.5903125
5.636263
5.5555234
5.635998
5.589365
5.666208
5.572497
5.635634
5.5573297
5.641428
5.6522365
5.601643
5.617102
5.509613
5.610174
5.5397215
5.531172
5.5189114
5.499008
5.565305
5.4734674
5.406631
5.5169005
5.4538674
5.445443
5.3770795
5.4199963
5.4081354
5.3691325
5.402794
5.3541546
5.4102793
5.399261
5.397975
5.376681
5.3793993
5.3913813
5.4101076
5.417589
5.3972826
5.314228
5.3245974
5.298745
5.2725935
5.245493
5.2368875
5.2275267
5.24595
5.2051296
5.1036043
4.9851255
5.1129684
5.0890017
4.9636602
4.926467
5.1002407
4.8829117
4.9409738
4.9362326
4.8612304
5.043391
4.9039445
5.0151787
4.877422
5.0130997
4.836399
4.9244566
4.8695946
4.94333
4.8204856
4.93657
4.830806
4.9397717
4.808377
4.9176826
4.7769704
4.9120207
4.769271
4.9047933
4.762609
4.862867
4.722454
4.8069706
4.7520585
4.8269267
4.7567954
4.850226
4.7223315
4.7661633
4.7213755
4.7610874
4.7375445
4.755961
4.6838408
4.711568
4.7123003
4.7642446
4.6744123
4.740805
4.6785555
4.720969
4.6946745
4.7799053
4.6614065
4.6893773
4.65257
4.748234
4.7089996
4.818972
4.7696247
4.8177733
4.725643
4.806961
4.8271275
4.758506
4.8306146
4.768835
4.8664804
4.737334
4.868937
4.7575226
4.853205
4.8792167
4.9156713
4.8377733
4.899191
4.838019
4.931031
4.8840175
4.9148283
4.851445
4.8994274
4.7526693
4.872984
4.803059
4.7771087
4.800493
4.8975844
4.7853665
4.964101
4.8142405
4.8550243
4.8043466
4.849556
4.809888
4.887474
4.736773
4.88
4.7794275
4.823438
4.729662
4.8703666
4.703731
4.844019
4.6898074
4.8449907
4.675926
4.8088293
4.6707273
4.7851477
4.670582
4.8344193
4.6814995
4.8123074
4.726447
4.802765
4.700613
4.8080506
4.7009954
4.7892604
4.7201357
4.7902026
4.750204
4.807819
4.7280474
4.819638
5.7671294
5.882188
5.8475776
5.795501
5.8468823
5.793217
5.8538656
5.761239
5.8600235
5.7919054
5.8535876
5.75338
5.890437
5.8305917
5.850664
5.8141985
5.896682
5.8655386
5.9718413
5.850051
5.935835
5.8847733
5.960709
5.9287677
5.9650817
5.9056273
5.9458776
5.849124
5.9394493
5.8771615
5.8988905
5.8614416
5.9282293
5.914566
5.9156175
5.948959
5.9305286
5.894823
5.99683
5.961147
5.9783783
5.9132266
5.981418
5.9721556
5.946369
5.957519
5.964444
4.2286143
4.1918387
4.2225213
4.2228637
4.1781096
4.1408854
4.2091513
4.1313963
4.174173
4.211329
4.250565
4.2410665
4.2496896
4.2012134
4.090278
4.119046
4.211688
4.1135416
4.1938334
4.226622
4.1380877
4.2749233
4.2112017
4.1929736
4.2957144
4.261657
4.312046
4.205101
4.313303
4.2500987
4.2055163
4.230301
4.303719
4.304856
4.235756
4.3505707
4.3590946
4.386394
4.3219914
4.3198767
4.3939505
4.316739
4.3617806
4.369154
4.3649807
4.4022284
4.4153285
4.346909
4.3530436
4.328293
4.2788587
4.2629876
4.3062468
4.2491584
4.2687593
4.2604246
4.18998
4.3109317
4.2620773
4.307761
4.327732
4.349903
4.2905216
4.3603888
4.3614154
4.3453627
4.3120213
4.2938404
4.33005
4.2957387
4.2529116
4.271352
4.2735906
4.2638206
4.2144074
4.054575
4.178276
4.0710535
6.127854
6.232071
6.238011
6.1876707
6.2519946
6.1709595
6.2208934
6.2144165
6.265769
6.269544
6.2315493
6.189676
6.2157636
6.16409
6.2490892
6.227398
6.2746763
6.224348
6.31191
6.3427324
6.3012023
6.2905474
6.319663
6.325659
6.301318
6.300643
6.2487187
6.312868
6.2055864
6.2206345
6.250481
6.48763
6.8120046
6.949253
6.872773
6.8962317
6.817442
6.608052
6.452968
6.452205
6.346872
6.3001657
6.1861954
6.0479655
6.1785307
6.0507493
6.1650558
6.000575
6.070609
5.936259
6.001271
5.911684
5.9869256
5.916838
5.962367
5.927569
5.915089
6.010184
6.126748
6.0264225
6.21649
6.30834
6.3118677
6.369037
6.35007
6.4220257
6.4902153
6.4705954
6.562724
6.478122
6.6096964
6.601491
5.356643
5.279153
5.3975935
5.398958
5.389002
5.309033
5.2911353
5.2690945
5.4150915
5.31125
5.3970623
5.2917366
5.411024
5.2734656
5.3965287
5.339223
5.4461956
5.3535967
5.3727784
5.334215
5.426866
5.397559
5.4115896
5.372584
5.384727
5.4084744
5.482567
5.3820167
5.4502363
5.4290395
5.431214
5.4566436
5.4944897
5.3903465
5.4548407
5.465266
5.48617
5.4890547
5.3870773
5.4787035
5.4348793
5.5216985
5.454646
5.5167303
5.452075
5.519997
5.488735
5.576187
5.4619203
5.5653324
5.4650183
5.5722036
5.458891
5.542976
5.580224
5.624912
5.623768
5.5522656
5.6468215
5.643179
5.7125154
5.5994387
5.677886
5.6211443
5.700569
5.6446924
5.7968197
5.825707
5.7997518
5.7722993
5.726907
5.7328796
5.7247105
5.678326
5.7289195
5.679385
5.7162275
5.680543
5.7420816
5.6869993
5.7534666
5.672192
5.7502413
5.696911
5.741922
5.6625304
5.7341256
5.6960454
5.6923456
5.5665827
5.6523046
5.661276
5.6761994
5.630282
5.6771383
5.583908
5.599538
5.588726
5.6251802
5.57835
5.663434
5.6562185
5.7086306
5.7045984
5.7589073
5.762748
5.775672
5.704045
5.7700057
5.731502
5.767768
5.696855
5.768079
5.7234783
5.7457075
5.7690372
5.796302
5.7968664
5.822702
5.7897415
5.7874317
5.786501
5.691649
5.7840676
5.6864495
5.7730465
5.702137
5.7649536
5.7095695
5.7640133
5.7138605
5.6668606
5.691248
5.723257
5.6759324
5.6508927
5.6460505
5.635622
5.6534624
5.66176
5.6570044
5.68672
5.6610794
5.643094
5.6694446
5.640268
5.648092
5.678003
5.650155
5.6769476
5.654364
5.7018623
5.6291404
5.5985265
5.607143
5.672619
5.593047
5.61436
5.5776124
5.554882
5.546661
5.60216
5.540016
5.5290375
5.5324025
5.530214
5.5526223
5.529174
5.521099
5.5301557
5.4505615
5.5401506
5.4877925
5.5225754
5.4781756
5.5520787
5.5365996
5.614249
5.5598526
5.5115466
5.515516
5.5228457
5.5067554
5.471042
5.528427
5.4645185
5.509039
5.520992
5.4918857
5.4600706
5.421146
5.4537215
5.43448
5.397641
5.4397454
5.4472322
5.415844
5.4211726
5.484872
5.4515247
5.366502
5.313649
5.3557596
5.4260283
5.3725057
5.3400064
5.4213886
5.3704305
5.35532
5.334856
5.298774
5.3192368
5.3262653
5.275394
5.2772245
5.314664
5.3338656
5.3219166
5.3383856
5.322515
5.2967467
5.32941
5.3165636
5.3056135
5.281895
5.3755364
5.343772
5.3767815
5.324997
5.3885984
5.329869
5.3909698
5.30881
5.3768086
5.292658
5.408757
5.2631707
5.343527
5.2673106
5.4341173
5.3317733
5.4079347
5.3172507
5.448578
5.3417683
5.4125195
5.3587737
5.4146223
5.36378
5.4718547
5.4030995
5.4923434
5.398422
5.4356647
5.4503794
5.505089
5.4302635
5.46551
5.4314423
5.3978863
5.4412413
5.335433
5.4375215
5.3609433
5.433456
5.3923516
5.4952173
5.4378467
5.536019
5.5131803
5.5735593
5.4686484
5.640055
5.537719
5.6352324
5.5594516
5.6568747
5.499345
5.595803
5.5580254
5.605731
5.619858
5.6641407
5.7139235
5.7180524
5.6817775
5.666823
5.7404513
5.6405687
5.7404113
5.612888
5.6945972
5.642833
5.687323
5.636051
5.6775885
5.6314335
5.731861
5.672134
5.769559
5.643613
5.7483506
5.6967025
5.8214927
5.7377677
5.8893857
5.7225485
5.9230237
5.711069
5.869259
5.709501
5.6514883
5.797927
5.6300735
5.703676
5.5914574
5.740261
5.592413
5.7623987
5.59382
5.7656736
5.5787277
5.77386
5.5967655
5.692546
5.5488567
5.5257673
5.6320386
5.5708117
5.600712
5.594866
5.588776
5.515477
5.4981813
5.5140743
5.5932384
5.4747615
5.563167
5.44586
5.4639845
5.5473895
5.4734507
5.584484
5.53171
5.5831404
5.6475077
5.639849
5.644829
5.7156844
5.721254
5.738431
5.633265
5.7826343
5.7970605
5.8646107
5.776584
5.661694
5.683542
5.7494464
5.6933994
5.714018
5.666467
5.7033916
5.730052
5.7053127
5.781106
5.721887
5.6864824
5.7715845
5.7051096
5.7618237
5.6880445
5.798236
5.7789135
5.907963
5.84864
5.9478745
5.88537
5.9760513
5.8947086
5.936491
5.919007
5.930113
5.865838
5.8816223
5.9670973
5.8394294
5.7887864
6.0431614
5.9531713
5.9104443
5.7345457
5.932434
5.743518
5.878841
5.7614837
5.8614783
5.797296
5.8575487
5.8113794
5.7907486
5.819253
5.797202
5.7935
5.8109245
5.7629647
5.7661123
5.729923
5.7250156
5.7858677
5.715984
5.7682643
5.771015
5.706798
5.6450205
5.6352
5.736515
5.6918373
5.7573223
5.7133245
5.7244835
5.727254
5.726489
5.7310147
5.737653
5.8359942
5.8168073
5.807212
5.7859745
5.9487863
5.819663
5.9836173
5.854436
5.961889
5.740349
5.7857933
5.733161
5.813599
5.7761474
5.8011312
5.67171
5.7255564
5.670376
5.705269
5.7172823
5.818677
5.775015
5.7433815
5.824074
5.7817726
5.7966657
5.9064636
5.78813
5.7930136
5.7581944
5.732361
5.7359385
5.6940165
5.6215706
5.718091
5.6336846
5.5922084
5.5305605
5.5400276
5.5708423
5.4938912
5.521497
5.516262
5.588023
5.5475435
5.5808315
5.599375
5.445297
5.5904093
5.585355
5.565686
5.5854197
5.5710826
6.201968
6.302155
6.182935
6.261174
6.210785
6.3682237
6.4279895
6.494733
6.4759846
6.465538
6.602393
6.6268535
6.5559096
6.569308
6.667173
6.711986
6.7342463
6.902604
6.8161573
6.8471055
6.73668
6.681355
6.5608253
6.572421
6.4237485
6.4175396
6.3387566
6.2443624
6.3093247
6.2117753
6.286483
6.3827133
6.356043
6.3783345
6.303384
6.5036907
