10000
7.7511854
7.733629
7.474723
7.29123
7.189451
6.899268
6.5796366
6.540386
6.6750393
6.9069085
6.9860935
7.1260295
7.169151
7.1728883
7.251565
7.314821
7.158781
7.038637
7.1956167
7.1991615
7.6444273
7.7098775
7.595896
6.926892
6.2345133
7.2090306
7.5741563
7.577406
7.414347
5.995137
4.151941
4.1454506
4.70093
4.7016325
5.0813627
5.3294888
5.3361225
5.284317
5.2438927
5.1322308
5.0632715
5.1216145
5.463865
5.10674
3.5576272
3.627068
3.8833113
4.2037373
4.643874
5.0965242
5.4843636
5.9845033
6.1756067
5.790724
5.147087
4.868145
4.8047934
4.877398
4.798548
4.802861
4.804018
4.9721766
5.2520084
5.3099422
5.7531466
5.9252853
6.116726
6.04918
5.9340124
6.2179747
6.3951397
6.4206085
6.52617
6.802782
6.8785954
6.929844
7.2034616
7.404084
7.3064623
6.8566847
6.147573
5.080099
4.950959
5.3582826
4.7383294
4.40127
4.180306
4.2454333
4.1063833
3.5673454
3.9483514
4.38661
4.4156785
4.1055603
3.194937
4.0921283
4.537653
5.0633936
5.2555084
5.2081513
4.907134
4.169219
5.2416263
5.735814
6.509384
7.264428
7.9768467
8.164779
8.302408
8.204765
7.479878
7.46038
7.8707027
7.4888678
7.0973806
7.0762715
7.247628
7.744916
7.787547
7.4744186
7.3205166
7.214637
7.556436
8.000568
7.8780293
7.7603283
7.6668625
7.4925613
7.548727
7.4270587
6.9826374
6.0733614
4.408613
3.619962
3.5085478
3.1098034
2.5608773
2.556986
2.5761228
2.7936566
2.7931993
2.6109285
2.60962
2.8222528
2.5241053
2.7495854
2.7870424
2.630839
2.9316943
0.6076511
0.6422044
0.5964817
0.5979518
0.5863726
0.5749485
0.6097442
0.5365045
0.4907701
0.48554188
0.43568376
0.457099
0.4460968
0.43116513
0.4386387
0.46469453
0.5583147
0.52217567
0.51514643
2.5347617
3.1538227
3.6892989
3.6908245
3.3072786
3.6041124
3.424977
3.4897847
3.5486612
4.024188
5.2176423
6.6832714
7.5220957
7.2104306
6.9980946
7.389902
7.043866
6.640899
6.249525
6.516393
6.6635885
6.7781215
6.573185
6.262265
6.005001
6.101138
6.0574036
5.89968
5.6985283
5.8255777
5.7130737
5.6507998
4.0038366
2.8908267
2.4935424
0.2646387
0.2934808
0.30088377
0.29780394
0.3860295
0.3967717
0.39152458
0.37510577
0.31866992
0.3512244
0.3200682
0.34189865
0.38122714
0.3760493
0.4068133
0.3876566
0.39250946
0.40804315
0.41277376
0.3889371
0.40596262
0.46150443
0.47390917
0.52664614
0.5065075
0.5160998
0.554463
0.56194
0.5555768
0.53874236
0.54092664
0.5742543
0.5859975
0.53030187
0.5536032
0.51544875
0.5190945
0.44364104
0.5431124
0.5615621
0.38962856
0.3962983
0.38569292
0.3687868
0.35079712
0.38618326
0.3795178
0.39042735
0.38549668
0.40343744
0.35890976
0.3499735
0.30523312
0.3181575
0.37502238
0.33404037
0.33087376
0.29528245
0.31138963
0.37351167
0.37868032
0.3097173
0.3163123
0.3240664
0.34121192
0.3345967
0.3164297
0.33572394
0.3336586
0.26160392
0.27418146
0.2778333
0.24551818
0.25496268
0.27767748
0.28854576
0.33424097
0.30476886
0.28275797
0.27491045
0.29426458
0.26517278
0.28944007
0.2891475
0.27872008
0.3048938
0.2823354
0.30269405
0.2866463
0.3075317
0.28855592
0.3515635
0.35994047
0.40596387
0.37496135
0.37662277
0.32926103
0.34186867
0.32854962
0.32042676
0.31433818
0.34512892
0.35171592
2.2497838
4.1835737
4.455884
3.5784588
3.6511037
3.70786
3.2195425
3.9085152
4.10362
4.177148
4.166071
4.248416
3.4407902
3.1399035
3.1865168
3.3186588
3.2856872
3.143545
3.010784
3.47535
4.208014
4.375997
4.811104
2.7314992
3.09229
3.1952868
2.5989416
3.6257656
3.945189
3.3368793
3.2645931
3.454225
3.5156648
3.1048548
3.038006
3.3214293
3.4448123
3.2886727
2.985545
1.9220687
1.3225235
1.3469968
1.2615625
1.4991717
3.028766
2.7621431
3.434506
3.047517
3.6198835
3.713037
3.3997676
4.1395397
2.9353962
2.6463058
2.887069
3.0114255
2.8274498
2.9901662
3.3193426
3.4799554
4.329311
4.6369734
3.709457
3.9458218
4.3298
3.2079747
3.7473888
3.9023895
4.6047506
5.190432
2.4325662
3.65726
4.1493735
4.31773
1.3976889
0.480994
0.91491115
0.4735044
0.58517945
0.3713684
0.563068
0.30188
1.1945899
3.2053897
4.099968
4.4884973
3.8126783
3.784967
3.1619613
2.9283307
2.671023
2.647154
2.635711
2.343791
2.3892915
2.932839
3.2447262
3.1501703
3.13556
3.4339538
3.5572982
3.7427878
3.4068737
3.431352
3.7626686
3.4671357
3.1765437
3.5184226
4.922639
4.9790983
0.8222389
0.74133
0.8422501
0.8007446
0.73687387
0.94491196
0.70373005
0.8863926
0.7866289
0.7330569
0.7273143
1.7287996
2.8722897
3.6286922
4.289781
4.832033
3.7560453
3.340684
3.544419
3.6634438
3.0552156
3.1875565
3.2832415
3.6332912
3.4301722
2.6550698
4.690429
4.9346166
4.9552217
2.9754744
2.628869
4.0297117
3.1220179
2.7649887
3.790097
3.6765397
4.0513697
3.2471466
2.8640695
2.4477673
2.8602755
2.9432352
2.5053737
3.4355514
3.7311852
3.5498488
4.4897127
3.082441
3.4884536
4.2091875
3.8949852
3.952082
3.6876855
3.4238725
3.5304432
2.8446283
3.2717984
2.6257877
3.037385
1.1165564
0.66257244
0.75548804
0.9235445
0.9591472
0.9877756
0.8213579
0.996681
1.0284436
1.0066106
0.7906746
0.8705926
0.91418576
0.7853488
0.6837747
2.8120005
3.3005822
3.971327
2.6785526
2.792437
2.2798142
2.0866728
2.2795498
0.7904904
2.134461
3.116845
3.3487945
3.394294
3.4882088
1.9047185
3.4186826
1.8727071
2.1375375
2.0576699
2.1129985
2.3127148
2.4869857
2.3833163
2.4271195
2.3893487
2.4656734
2.6262548
2.5038874
2.4573107
2.2337961
2.0181015
2.0583508
2.38837
2.7054179
2.5859513
2.8464205
2.7740233
2.728372
2.7029197
2.678345
2.757629
2.869831
2.7447002
2.7088683
2.4733071
2.7791727
1.830983
3.179068
2.722819
3.1467323
4.0489664
3.1335335
4.262048
3.740561
3.7114162
3.403386
3.1542122
3.6928248
4.1486125
3.7368028
2.3978279
3.0075073
3.6093345
3.6619213
3.5193863
3.5739853
3.5884855
3.1093743
1.7196933
3.580094
3.0385194
2.8631692
2.5803037
3.0586553
3.2288482
2.4402554
1.8369673
2.2494462
3.3077774
3.5786965
2.8681748
3.2994995
3.0635834
2.8904996
2.984018
3.2915351
3.342517
3.498288
3.5131147
3.5285969
3.695683
3.6619055
3.8208942
4.0031333
3.9443798
3.4849453
3.1786616
2.997904
3.0313785
2.4812133
2.685133
2.7432723
2.5689735
2.5662231
2.4138505
2.7742572
2.982169
3.2343657
3.067413
2.7971258
2.778044
2.7888403
2.7435384
2.9436066
3.6710632
4.6354995
4.9601994
4.877345
4.9670763
4.9419065
4.441835
2.7104259
1.9253521
1.3734581
1.5383873
2.2592115
2.182291
0.93874395
1.7190415
1.7667109
1.5965132
1.8549216
2.069483
2.1407957
2.3933687
2.5131729
2.4700582
2.2311957
0.5132613
0.55316997
0.6158902
0.58642757
0.71026784
0.6746764
0.66245806
0.6545686
0.7285165
0.61778736
0.6214139
0.6195421
0.60475886
0.6000611
0.62076443
0.79376817
1.8561999
1.9205058
2.2429893
2.8405452
3.1210642
2.8181994
2.7495663
2.8000607
2.570402
2.3784626
2.5032773
2.9496603
3.3913245
3.3905263
3.5747623
3.0220375
3.507231
3.5930777
3.0677881
2.951178
3.069215
3.6873617
2.836567
3.8294377
3.3580592
3.1965327
3.3730457
3.7941947
3.540629
3.3847718
3.291632
2.9419067
2.4821868
2.8516123
2.3638268
2.6974742
2.3924863
2.4224145
2.8405464
3.090744
2.9197528
3.287927
3.2750485
2.9409232
3.2042048
2.5081315
2.503501
4.0228567
1.8481793
2.836755
3.1774127
3.1978016
3.4344347
3.5114927
3.466096
3.4574642
3.3359098
3.1772964
3.2494912
3.6521482
3.391564
3.529241
2.98505
2.3195941
2.7681832
4.184585
4.2755475
4.1583953
3.4639711
2.289771
2.1083846
2.4458954
2.581412
2.6887581
2.6944835
3.7418432
3.7207122
3.9103746
3.6585581
3.3379037
3.0557435
2.7693286
3.528182
3.2218795
3.3671255
2.4790812
2.9197466
2.9539096
2.00284
2.1916246
3.0811186
3.3965042
3.0145295
3.3835924
3.7803245
4.041507
4.134943
3.8376706
4.05046
3.728116
3.761007
3.5342264
3.286173
3.4961522
2.9664667
3.177529
3.4747996
3.8844569
3.3232322
3.5737922
4.2127595
3.804051
2.258242
3.0938525
1.8367325
2.4499726
2.8357258
2.730317
2.6106603
2.9680088
2.882379
3.1590455
2.8836377
3.2728472
3.792666
3.289884
2.887853
2.2935107
2.346564
2.7408752
2.8824682
2.8473775
3.195249
2.6429079
2.5104113
3.1339896
3.4761682
2.7316542
3.464494
3.0186274
2.5964112
2.5355146
3.1631205
3.145142
4.178292
4.1182914
4.4675975
2.39921
3.6691136
2.6496923
2.8256721
4.3977833
2.6971197
2.9171975
3.0466106
3.434326
3.4623785
3.621736
3.2237382
2.8972323
1.2634568
1.1379435
1.3986945
1.4303181
1.4972291
1.4086118
2.1075091
3.0129216
2.778596
3.6329262
1.2457433
1.2522268
1.228121
1.2002902
1.1925654
1.3348725
1.2086505
1.3600619
1.3340409
1.3610016
1.3957822
1.4495254
1.4953358
1.368222
1.3289722
1.4865332
1.468597
1.3519721
1.2594076
1.254558
1.145425
1.4188744
1.3607204
1.2552348
1.1371475
1.2013965
1.0313828
1.1063265
1.1344302
0.8571818
0.7186072
0.8341267
0.7343122
0.73071367
0.72521514
0.69197506
0.06749548
0.7655843
0.69415843
0.72257227
0.596979
0.58601534
0.6027097
0.7089732
0.7327493
0.70055777
0.75204754
0.72634876
0.7040415
0.6414986
0.7201574
0.8338148
2.7794423
0.78802294
0.9723137
0.85165524
0.8400652
0.6475225
0.8402563
0.9166783
0.7911436
0.6177592
0.7219295
0.7292286
0.6918842
2.7491288
3.2212784
2.7877975
2.4015894
2.0938385
1.9957323
0.49749285
0.4544459
0.4118701
0.51048756
0.33485648
2.3990705
2.5599134
3.357706
4.4972124
3.8993666
3.3422537
3.4620519
3.2263265
3.6785784
3.1837568
3.4857545
3.738887
3.72328
3.6630385
3.7441757
4.0348263
3.961522
3.9386754
3.8068807
3.6798017
3.4575946
3.3015585
3.3991752
3.2152145
3.1208441
3.4682007
2.9744802
2.9424381
3.0017805
2.9624534
3.1280127
3.1738164
3.120942
3.286747
3.4919116
2.8034883
2.6931758
2.8619888
3.3677378
3.5411339
3.7896767
2.9594033
4.003019
3.7121344
3.8891344
3.9758
3.5678158
3.8985639
3.319738
3.3336203
3.5887983
3.6189535
3.6435041
3.1702385
2.8076682
2.6923928
3.0454435
3.0354893
2.4509118
2.8845959
3.7958727
2.9271607
3.1956336
4.24689
4.827763
4.189234
1.1513374
1.1447644
0.99520266
1.1357702
1.1325222
1.1492896
1.1764319
1.1368631
1.1481123
3.6518588
2.3681245
2.0675266
2.8268647
2.0203948
2.5137117
0.5672702
0.53254616
0.5136509
0.87829417
0.96651775
0.9754447
0.8235314
0.784256
0.63872343
0.81188834
0.66393405
0.7063009
0.6614293
0.6317256
0.20689681
0.5650408
0.6749467
0.8186431
0.8186201
0.79585475
0.5656867
0.5624935
0.47624138
0.5385409
0.5170869
0.46764466
0.47888502
0.56863815
0.6156078
0.6227156
0.5749241
0.7146633
0.61671066
0.7586178
0.66467845
0.5676983
0.5610778
0.6506992
0.6445184
0.38289022
0.4435103
0.5100954
0.5192492
0.51595014
0.6149952
0.4216393
0.4275322
0.5948634
0.36595994
0.5431304
0.36890006
0.4846644
0.83957696
0.61738145
0.61594087
0.5435676
0.3407982
0.3705517
0.17970203
0.2785837
0.30036727
0.23619956
0.27816305
0.23525807
0.29290617
0.18401147
0.23388092
0.40309244
0.6173095
0.49095982
0.4434352
0.45563182
0.4031313
0.4983019
0.3972977
0.5707372
0.51778966
0.6033771
0.39103648
0.6265664
0.52257264
0.3814658
0.43349355
0.48553026
0.47637776
0.48152548
0.63413227
0.5240538
0.5553319
0.65697795
0.68386334
0.5832703
0.66032124
0.561759
0.70250976
0.7085521
0.71229535
0.7060421
0.7239754
0.59376574
0.70575815
0.95102835
0.89107335
0.99096644
0.7825459
0.8080493
0.9258156
1.8458908
3.0487113
2.0899034
2.6942053
3.284022
3.3291008
3.3790488
3.0402398
3.1322014
3.6487231
3.601145
3.6506212
3.6187243
3.5449977
2.7796636
2.9000282
4.3624406
4.165309
4.2274375
4.330482
4.3866906
3.5700727
3.6061826
3.5816984
4.0373025
4.196825
4.2360673
3.978944
4.7464404
3.3753753
3.0400312
4.6535854
3.4252493
3.8878224
3.7852688
3.4875584
3.2342305
3.155358
3.3192985
3.4130394
3.4503584
3.5559068
3.8581731
3.8400872
3.8002255
3.5784645
3.261038
3.1096716
4.2473974
3.5089638
2.880939
2.756244
2.3060484
2.362307
2.645086
2.4781566
2.747612
2.267165
1.6670494
2.2316904
2.5241828
2.066306
1.8921182
1.4113582
0.9363005
0.7949891
0.9039823
0.92035353
0.9971665
0.86356336
0.9803971
0.83933437
1.0704013
1.0318553
0.970874
1.0424267
1.03637
1.027231
1.0255859
1.0474877
1.0613127
1.0687174
1.0664696
1.0744114
1.0532537
1.056498
1.0488201
1.0071267
1.0102564
0.9758911
0.977963
0.9575171
0.9521549
0.885435
0.8857224
0.88884765
0.9065341
0.8909817
0.73868847
0.83711565
1.7797848
2.5773072
2.6472278
2.707133
2.9085088
3.0434303
2.84063
2.968357
3.1826212
3.4359818
3.5581174
3.1305842
3.1944823
3.2347312
3.2290435
2.6077774
2.4778395
2.5653756
3.058626
3.0954795
3.4011786
3.1646457
2.7267962
2.9501946
3.3217127
3.284668
2.9859886
3.152107
2.7760584
2.6799097
2.7007904
2.9263785
3.0866513
3.4095132
3.729862
3.6798348
3.6473756
3.469428
3.8131394
4.308409
4.233919
4.109586
3.8696718
3.712094
3.8550386
3.5789547
3.3640916
2.4317644
2.4032142
2.4261513
2.1422505
2.1339476
2.3354218
2.7425954
3.3692648
3.7658055
3.652992
4.0491138
4.908138
4.865562
2.8928344
0.45557666
0.40770024
0.5299746
0.5226386
0.81580573
0.7613096
0.7917945
0.8296144
0.89152616
0.8850043
0.9208274
1.1546932
1.0740705
1.125085
0.8165373
0.9679345
1.0410976
1.0437225
0.94519997
0.9520954
0.9506769
0.8756585
0.86581886
0.68664235
0.9007848
0.87011254
0.97159725
0.94347024
0.8706498
0.9734999
0.9435222
0.97078365
1.2949789
0.94674647
1.05936
1.0254465
0.9088851
0.90752566
0.89122075
0.8770414
0.86349225
0.9769376
0.90556806
0.9339324
0.8548967
0.8664266
0.727631
0.7666763
0.65727735
0.6746225
0.5587598
0.611507
0.5389498
0.549424
0.45398661
0.41545084
0.3818424
0.33383587
0.33373475
0.387795
0.37258643
0.28924128
0.31545743
0.101493314
0.2075852
0.26556766
0.31007028
0.31704965
0.57256794
0.53959894
0.5810838
0.8454999
0.56309557
0.6814949
0.51982915
0.48189953
0.521937
0.6086788
0.49286315
2.8814707
0.45656326
0.71316785
0.6635857
0.7309427
0.69092387
0.8651904
0.7751871
0.79630333
0.7568792
0.8631913
0.75766337
0.80580217
0.81362617
0.83862543
0.8068434
0.62586594
0.6346174
0.7279061
0.5638858
3.0585093
0.63858473
0.50080305
0.6337031
0.44706643
0.6371818
0.39072222
0.3371789
0.20099258
0.23366374
0.20408896
0.22163007
0.22509702
0.21052328
0.20453225
0.16267379
0.18161641
0.19440372
0.17154865
0.18473053
0.21978675
0.20063496
0.23814476
0.23565617
0.2473998
0.22995734
0.22555117
0.2431404
0.21213485
0.24605724
0.2195788
0.21331564
0.22866209
0.24518123
0.3002264
0.26506338
0.2918359
0.27885476
0.2929264
0.27343327
0.26762676
0.25110406
0.26332155
0.3416947
0.3793581
0.3183086
0.304151
0.5396654
0.41829506
0.42407593
0.47868204
0.48252648
0.5342596
0.4818552
0.55659515
0.4621984
0.5090253
0.4094094
0.55130947
0.52954274
0.43068033
0.42513436
0.45238024
0.6432191
0.5336151
0.67900014
0.36788064
0.36160156
0.30268633
0.24258631
0.18340224
0.17816788
0.64521027
0.13897198
0.18396498
0.20751105
0.2530979
0.17647406
0.1935587
0.11488139
0.14277871
0.15342744
0.28784826
0.24622504
0.22307895
1.1984704
0.21868354
0.20950142
0.21610337
0.17912357
0.18194953
0.2890021
0.2960768
0.3590555
0.33882642
0.31494603
0.39940158
0.35105062
0.361684
0.4220757
0.4217349
0.45025453
0.3975283
0.47049844
0.39628914
0.43021178
0.5210517
0.491357
0.55974567
0.4422989
0.5144409
0.44559103
0.5100011
0.45460808
0.4942127
0.47523627
0.41408214
0.4627602
0.39149675
0.5781723
0.49658474
0.66197985
0.6173874
0.6744523
0.43870464
0.41609156
0.28058428
0.2807603
0.30813074
0.23673737
0.23612508
0.43605143
0.9860544
1.2416052
1.5311834
0.77266747
1.1246325
0.72182584
0.667616
0.7373713
1.448568
1.7438037
1.2099944
1.1906682
1.2237184
1.4170921
1.3761263
1.1950113
1.0463843
1.0424597
1.2528889
1.2676116
1.6580828
1.1606338
1.0943427
1.4834899
1.6710947
1.3111299
1.7185862
1.0740074
1.1234223
1.3539532
1.2438427
1.3277911
1.3831459
1.5666466
1.7671782
1.4990277
1.5758984
1.2689162
1.1960434
1.2786343
1.6030948
1.4763312
1.5402737
1.5008972
1.7249328
1.2893642
0.5726475
1.4250638
1.3242184
0.9960801
0.87306553
0.841759
1.2401776
1.364036
1.4784745
1.6192685
0.80357236
1.3153195
1.3024416
1.0368288
0.9633429
0.6680391
0.6637527
0.73934215
0.6201037
0.6975705
0.6845524
0.64970505
0.6124933
0.6577509
0.56018746
0.63022137
0.6010785
0.55618656
0.4971354
0.560452
0.51495165
0.583024
0.53680235
0.6384776
0.5647281
0.65199643
0.5571242
0.63020706
0.5483161
0.6154716
0.5480141
0.6154063
0.5481341
0.6288777
0.49944407
0.57162154
0.51348966
0.57865566
0.5218286
0.7153565
0.6186179
0.7058272
0.7246124
0.64562607
0.6487416
0.6186267
0.73370135
0.6870123
0.65469766
0.6111284
0.76652414
0.7623277
0.58053476
0.76655525
0.8361097
0.92250997
0.87843144
0.74270725
0.9201512
0.667988
0.52177745
1.5544227
0.5999425
0.38265243
0.75239295
0.7030145
0.8160611
0.7508436
0.7771175
0.74882096
0.86048007
0.7597981
0.87240267
0.8440363
0.8308985
0.9064524
0.80201775
0.88337547
0.8396358
0.9685783
0.8464335
0.96496946
0.8305323
0.9141983
0.9696773
0.98676366
0.9354195
0.83385986
1.289641
0.89339364
0.8185459
0.8697015
0.8570602
0.79534507
0.76971895
0.7694985
0.8700402
0.7324458
0.84823704
0.7748596
0.7921005
0.6892505
0.788095
0.59428537
0.62792337
0.61868644
0.48429143
0.487992
0.63073653
0.5015987
0.5799155
0.49909118
0.54954344
0.50466293
0.57428336
0.49315587
0.6071771
0.50853753
0.5731645
0.5305257
0.6055441
0.5421046
0.570961
0.54410154
0.5890505
0.5936674
0.5620031
0.5958453
0.6680528
0.57541835
0.6536107
0.5877029
0.6675872
0.58040965
0.66098726
0.57591796
0.6255326
0.48963723
0.51529515
0.60188395
0.5478642
0.619904
0.6043682
0.6826608
0.6314534
0.7141141
0.7094562
0.74728024
0.5997762
0.61997986
0.55332804
0.614621
0.5782476
0.65534633
0.57672524
0.66973203
0.5869341
0.67964756
0.5784857
0.6346467
0.5714319
0.67271525
0.62003005
0.6944215
0.6038958
0.6889871
0.5935011
0.6721234
0.6282538
0.6868884
0.5971524
0.66500205
0.57340145
0.65270317
0.54949516
0.6610509
0.5998821
0.6451154
0.5643721
0.6348295
0.747479
0.6563572
0.6610381
0.57759744
0.6705152
0.7547192
1.4375945
1.734614
1.2922091
0.66766584
0.5632002
0.6773447
0.7297679
0.56388855
0.6458866
0.5949583
0.6658508
0.62814194
0.70421565
0.57448924
0.7825612
0.9928292
3.7225919
3.8580465
4.3542347
2.4180772
2.3086581
2.7521696
2.7417464
2.9051507
2.7629795
1.9002715
0.6481539
0.65019095
0.76605016
0.69865686
0.7514448
0.6282638
0.7447524
1.354256
1.648269
1.9150513
3.6122108
2.6505437
2.7846925
2.6189768
3.1431482
2.5663102
2.5632644
3.147762
2.6000519
2.2186024
2.138186
2.715124
2.6873322
2.6535845
2.4351993
2.9274437
1.3046201
0.75869274
0.887582
0.9167092
2.4800544
0.8083944
3.938234
3.0303168
0.79354
0.75854856
0.7888963
0.7110861
0.80559516
0.73933005
0.825957
0.8080741
0.7767599
0.76316094
0.7681969
0.7781037
0.80863607
0.80495477
0.88380384
0.7224797
5.653245
5.608227
0.527443
0.575743
0.5472464
0.6444728
0.61514086
0.57266474
0.6780191
0.5466355
0.66992974
0.53820086
0.5693406
0.61268187
0.6789937
0.6475737
0.6397993
0.6675366
0.6849067
0.716577
0.71069634
0.6206628
0.64510083
2.2449756
2.8919897
2.6391966
3.7126312
4.5023084
4.8229885
4.4628453
4.145959
4.2415023
4.366475
4.5036187
4.6003227
4.6302404
4.6818194
4.7735243
4.6994133
4.9930835
5.1221714
5.0484853
5.1020617
5.0198655
5.0606394
5.224555
5.041272
5.0016055
4.888172
4.9410295
4.995175
4.8374743
4.9594502
4.881595
4.8680434
5.1452317
5.1948433
5.2049785
5.299285
5.29447
5.52106
5.573189
5.5087104
5.196761
5.144166
4.9976587
5.0036716
4.976192
4.9872255
4.9244623
4.974045
4.7094283
4.5910444
4.752511
4.72651
4.800404
4.7122283
4.812378
4.742677
4.719602
4.791436
4.765491
4.572324
4.721573
4.7405343
4.473758
4.6080008
4.6409774
4.3681636
4.475002
4.612629
4.785243
4.760387
4.890482
4.6081057
4.4484854
4.29688
4.1461926
3.8433795
3.6187062
3.5005844
3.4900217
3.4336257
3.5815759
3.71412
3.9678094
3.8887105
3.804132
4.072404
4.3003826
4.478386
4.515149
4.66642
4.3911777
4.02223
3.7202287
3.723494
3.5269861
3.2142887
2.9315164
3.02434
2.8365211
2.8877692
3.0578566
3.2763996
3.9829657
4.70251
4.712109
4.6542606
4.426817
4.058022
3.6931973
3.4216561
3.431017
3.5097346
4.0522194
5.0724163
5.3355074
5.3408246
4.9402905
4.555562
4.0357103
4.01871
4.373754
4.255414
4.5284853
4.229555
3.9763675
3.3833935
3.1239672
2.7308443
2.6723194
2.8014817
3.060921
3.2670555
3.4267383
3.9291115
4.3421426
4.8083706
4.3191004
2.783921
2.564596
4.1674585
4.1152487
3.930242
4.295494
4.380058
4.3350587
4.299775
4.1060023
3.6887212
3.666604
3.558804
3.789207
3.8632972
3.8800979
3.7873607
4.0567036
4.2073684
4.201043
4.3571033
4.502392
4.4421954
4.3798127
3.493588
3.4173365
3.625547
4.636677
3.6662247
3.6542935
4.221493
4.3073554
4.108533
4.095022
4.1271167
3.8864632
4.0780582
4.039798
3.970821
3.920219
4.4538145
4.1488347
3.7691417
2.8253438
2.3060591
1.9224895
2.5266962
0.33331594
0.33730954
0.3444447
0.38605654
0.42343944
0.39257675
2.4799998
2.0108047
2.8776848
3.851883
4.124995
3.5929072
3.3868937
3.6713047
3.6002567
3.3734105
3.2655787
2.9805188
3.243136
3.2208676
3.1348042
3.0685728
2.9824202
3.02546
2.8864648
2.9452114
2.8511264
2.9200904
2.7627077
2.693459
2.759573
2.3594716
2.3795326
2.8187253
2.1408916
1.5426092
3.4637036
0.42124397
0.28819427
0.18125647
0.13043444
0.120696984
0.25383657
0.38063425
0.35574877
0.28601715
0.80466354
0.65567696
1.9880755
0.61477554
0.6470231
0.65849274
0.23526235
0.12983829
0.13554977
0.29582024
1.0884997
0.1577946
0.15454327
0.17434824
0.142357
0.25177166
0.21968234
0.25951713
0.18952085
0.24126707
0.27313507
0.29372773
0.3040584
0.2535853
0.27379456
0.24511161
0.24699815
0.2902991
0.2634426
0.23323834
0.21957414
0.23440501
0.22000311
0.16385792
0.12127307
0.24385542
0.24779952
0.25997907
0.27890858
0.21692418
0.17444296
0.23608813
0.22823216
0.22134198
0.24888559
0.3031389
0.28022715
0.3088408
0.3008737
0.3016549
0.2997872
0.29978123
0.29944023
0.29376492
0.29964328
0.29620436
0.3030023
0.2992126
0.30361393
0.30280006
0.3765602
0.3330712
0.26361847
0.27362323
0.266675
0.21543524
0.1494745
0.35287505
1.4737322
2.9142463
0.5578874
2.24907
3.0673313
4.375049
4.2057076
4.1752295
3.0934594
3.4752893
3.616319
2.6535654
2.8404713
2.7965157
2.575752
2.3003118
2.5457163
2.6495886
2.9528909
3.1177456
3.6201513
3.764452
3.2818089
2.5473354
1.9534043
1.7765574
2.0644586
2.1934743
2.4368029
3.9192057
3.3672042
3.991641
4.212544
4.2448573
3.9833064
3.8175972
3.333155
2.792983
3.647291
3.6404114
2.3117163
2.5266159
3.5710142
3.2025278
3.6572669
3.5052116
3.9077442
3.2182107
4.3581233
4.8990145
4.372536
4.9061756
3.528981
3.7062995
4.29841
3.5517898
2.904562
3.002687
3.6450863
4.146706
3.616805
4.35446
5.282326
5.0164037
4.5230446
2.3519971
1.9352709
1.261483
0.829904
0.6926929
0.71878535
0.7334009
1.1317366
1.1470975
1.2895521
1.1312283
0.74391156
0.7267926
0.73019487
1.0377443
1.7267475
2.4738243
4.0326786
3.94767
3.704903
3.6958542
3.6997647
3.582959
3.6255574
3.8112087
3.5700312
3.574556
3.3882866
3.507735
3.4500363
3.559428
3.4548874
3.54518
3.6744206
3.5352905
3.7136867
3.7124145
3.9940295
4.0076785
3.7938228
3.9363072
4.1297507
3.4442153
3.5176353
3.5515497
4.7462926
4.694148
4.5446324
4.2198687
4.169035
4.0189257
3.7422698
3.5096278
3.52636
3.62541
3.8757968
3.8504477
3.8181744
3.752737
3.6186125
3.6430573
3.3732975
3.2907467
3.3072238
3.472721
3.6080422
3.417241
3.5450578
3.5761957
3.7606196
3.8682005
3.4902406
3.4208112
3.2684786
3.274404
3.200283
3.449552
3.5098917
3.514324
3.5378458
3.7616045
3.9196098
4.1608014
4.2307243
4.4934487
4.4301414
4.7914553
4.6719723
4.83901
5.0509553
5.2116003
5.4048905
5.4216075
5.536658
5.5660167
5.537971
5.487619
5.5406294
5.469952
5.4158883
5.3812857
5.702811
6.267622
6.1096497
5.291815
4.0746865
3.0832682
2.1485727
1.7653077
1.9879477
2.2065618
2.2663794
2.3597124
2.4067824
2.438353
2.539553
2.6318448
2.4566028
2.3314402
2.179764
2.1998208
2.0960288
2.1521559
1.7995871
1.3187188
1.1805997
0.9391532
0.7707251
0.86857957
0.9329349
0.95599854
0.95646334
0.96629965
1.0052239
0.99292654
0.9986161
0.9917799
1.0029022
0.99147236
1.0196638
1.0220603
1.0182056
0.9903686
0.9942586
0.9528123
0.92946535
0.95149577
0.9018386
0.9356347
0.8738468
0.8891
0.88097656
0.8849274
0.88553584
0.8812978
0.8673133
0.76087564
0.7805523
0.8427547
0.7313078
0.7208464
0.7390617
0.81760633
0.72563285
0.6915131
0.683741
0.6789614
0.6256773
0.6726013
0.5763418
0.5291636
0.5601585
0.48916852
0.523628
0.5145719
0.5469142
0.48531654
0.48056537
0.4943836
0.5709069
0.5780964
0.59497553
0.5177261
0.50205433
0.5763746
0.6623751
0.6149596
0.6095155
0.6030743
0.6736761
0.80769587
0.76516336
0.8573534
0.8269018
0.8139459
0.8033485
0.8668552
0.89216757
0.87248135
1.0177889
0.85685974
1.4135239
1.782098
1.9441429
1.8743628
1.954019
2.1667404
2.019615
1.975012
2.337765
2.1889384
2.2009845
2.3347256
2.3412998
2.3020465
2.2744653
2.2359474
2.3830948
2.3130057
2.3066998
2.3168786
2.422419
2.2896266
2.2511652
2.2038355
2.107572
2.1654336
2.1003473
1.9908103
2.006151
2.0097954
2.0089839
1.9694346
2.0585802
1.9959443
1.9585742
2.0557442
2.1767204
2.30742
2.3666604
2.5243013
2.569232
2.646042
2.5579467
2.5916803
2.5272293
2.444001
2.4419522
2.612376
2.3350487
2.1872854
1.9913735
2.254048
2.199851
2.747809
2.7515986
2.8929536
3.1919498
3.6064382
2.8648634
3.150761
2.9340317
2.7085361
2.09401
2.2271323
0.9562707
0.28319055
0.36986005
0.4110574
0.37085637
0.32720333
0.30750644
0.31302637
0.27821934
0.29756686
0.31338868
0.3635017
0.37280777
0.33339074
0.33631322
0.34307742
0.3161459
0.29702595
0.28387776
0.2764276
0.29335198
0.30901402
0.29570276
0.56292444
1.1827048
1.365156
0.29468808
0.29499498
0.29517525
0.30941305
0.3252388
0.31234363
0.2977237
0.3018356
0.30423942
0.2991287
0.30205137
0.3193158
0.30217376
0.2965774
0.29722315
0.2989394
0.30430245
0.32862383
0.31479338
0.42453584
0.5006252
0.43154317
0.33794585
0.32533076
0.31266996
0.32735285
0.33746877
0.31267902
0.3091403
0.31244174
0.3060831
0.3142237
0.29836503
0.3135442
0.31646964
0.3188143
0.30783823
0.32052746
0.32826853
0.33654127
0.33279923
0.3432271
0.33993074
0.34423295
0.34246948
0.3386926
0.3337049
0.36758476
0.38505498
0.38137832
0.39530188
0.37663788
0.36862573
0.35064897
0.3424313
0.3534151
0.35994273
0.35511246
0.39204103
0.3884759
0.38192797
0.39791152
0.4028727
0.39457566
0.39596584
0.38668844
0.38221326
0.37660083
0.38311604
0.37860367
0.41037118
0.4275091
0.40314198
0.42473158
0.4306597
0.39953583
0.38690734
0.39196056
0.3710517
0.35940674
0.3816497
0.3896956
0.37432158
0.3722152
0.36450642
0.34664425
0.34400588
0.3417934
0.3468776
0.36941755
0.35489786
0.35611
0.37004745
0.3563687
0.3637886
0.37560853
0.35451537
0.36078662
0.37109178
0.36461446
0.38191152
0.4060199
0.38953945
0.42344895
0.42771953
0.41961825
0.44748116
0.4441942
0.41512597
0.45906726
0.43065792
0.43256497
0.4535868
0.45031002
0.51173365
0.49337757
0.51803374
0.515255
0.57241285
0.5181134
0.512355
0.49795815
0.4987484
0.5213955
0.531818
0.5336629
0.5004503
0.4983951
0.5116152
0.48804906
0.49173567
0.4950182
0.5104239
0.4766899
0.4896475
0.5029968
0.49117276
0.49622643
0.4893926
0.48769802
0.47875974
0.48039863
0.43926746
0.43815663
0.48922783
0.49121156
0.48475298
0.49132544
0.5023799
0.47839943
0.4835616
0.48255685
0.48943132
0.48758015
0.4880118
0.48039645
0.52636206
0.5356169
0.5272145
0.52210796
0.53817254
0.55087173
0.5836939
0.5275779
0.5472743
0.54660195
0.49685493
0.5037506
0.4796035
0.4548451
0.41549516
0.41095212
0.4183427
0.3855581
0.4070679
0.4469209
0.45190802
0.44619143
0.38453785
0.40432274
0.38679624
0.42993754
0.41571832
0.40045694
0.45196792
0.43602124
0.41768813
0.43793058
