10000
9.1277895
9.237332
9.1929245
9.400263
8.924655
8.979168
9.303606
9.143329
9.288074
9.190888
9.101279
9.146955
8.960727
9.052375
9.050733
8.948598
8.835317
8.651081
8.737588
8.808565
8.737009
9.031335
8.938587
8.669897
8.63795
8.496954
8.63034
8.524172
8.505778
8.263141
8.21165
8.155888
8.358324
8.497121
8.436258
8.527554
8.633082
8.384255
8.866008
8.652439
8.649445
8.383409
8.490875
8.619668
8.7344265
8.451988
8.339082
8.744357
8.7487135
8.735387
8.870138
8.829734
8.85477
8.828057
8.762333
8.773755
8.789801
8.881708
8.794482
8.781959
8.784883
8.85029
8.764454
8.74542
8.815356
8.720585
8.679257
8.693671
8.568507
8.687879
8.645634
8.500793
8.796102
8.675665
8.780854
8.703583
8.829664
8.815727
8.883272
8.845202
8.831335
8.83473
8.691309
8.731335
8.723713
8.620277
8.662737
8.6671295
8.664998
8.720907
8.706741
8.708516
8.578757
8.590678
8.566037
8.644251
8.614129
8.6049595
8.54435
8.35892
8.467911
8.400192
8.760513
8.588142
8.457735
8.557281
8.584904
8.535763
8.596869
8.643659
8.58248
8.647245
8.694017
8.677552
8.76608
8.806229
8.771421
8.7803955
8.623199
8.609903
8.5564785
8.389732
8.422101
8.456353
8.372911
8.339329
8.47049
8.620369
8.534651
8.511653
8.535323
8.557389
8.496236
8.367112
8.4349785
8.431686
8.456921
8.40626
8.499342
8.472479
8.594537
8.715669
8.780939
8.84952
8.661636
8.822109
8.87819
8.889344
8.78209
8.750102
8.743692
8.70978
8.844475
8.745006
8.847872
8.4854555
8.318562
8.265935
8.340084
8.5062
8.537751
8.72778
8.796765
8.827262
8.850616
8.70761
8.845159
8.891994
8.873931
8.818893
8.62835
8.694805
8.643461
8.565094
8.470387
8.502609
8.369918
8.504977
8.52401
8.419136
8.414891
8.405288
8.387105
8.500765
8.466926
8.519145
8.586746
8.71049
8.562936
8.671992
8.849226
8.776607
8.71143
8.558472
8.3658285
8.361824
8.357147
8.460425
8.323721
8.646446
8.40985
8.511316
8.3836355
8.296762
8.128908
8.088095
8.06209
8.071298
8.11799
8.012058
7.9817123
7.828605
7.8370256
7.7781916
7.753168
7.758855
7.838552
7.8287654
7.9241586
8.05841
8.142305
8.017147
7.977363
8.012462
7.833706
7.771202
7.6978106
7.701041
7.627022
7.6980886
7.694092
7.7244563
7.8138447
7.844395
7.9378333
7.8499813
7.8218036
7.8232074
7.91844
8.049483
8.134426
8.0157795
8.129338
8.053054
8.017731
7.994607
7.893817
7.940632
7.895902
7.525654
7.784947
7.5812173
7.85143
7.6814184
7.8643003
7.918103
7.849201
7.9121833
8.055624
8.030128
7.990498
7.9033923
8.086821
8.055787
7.891969
7.99156
8.118209
8.054353
8.091428
8.290122
8.431801
8.3812895
8.43916
8.355874
8.468563
8.274609
8.200719
8.201264
8.147515
8.219773
8.216751
8.420252
8.44499
8.419149
8.593325
8.398244
8.124974
7.9586296
7.9273705
7.959092
7.931304
7.9954596
7.9589715
7.9782414
7.9974117
8.108935
8.018593
8.223171
8.268415
8.229865
8.261657
8.118758
8.2567425
8.138025
8.042206
8.017878
7.9808254
7.9311123
8.099628
8.004583
7.8270893
7.74297
7.7168546
7.8742323
7.8661585
7.626312
7.89851
7.7424984
7.8761296
8.013558
8.20089
8.100248
8.107598
7.690962
7.463102
7.4035783
7.4186816
7.5052137
7.6039457
7.711643
7.655026
7.5658145
7.390771
7.5245023
7.6180396
7.544387
7.5341134
7.552492
7.734207
7.673466
7.588255
7.4964213
7.5214963
7.492511
7.5673494
7.6849556
7.884242
7.9745393
8.201443
8.144332
8.259205
8.327935
8.391156
8.324767
8.349377
8.253005
8.243069
8.276353
8.253696
8.186645
8.27139
8.111694
8.133134
8.003207
8.003019
7.899177
7.880609
7.873355
7.688878
7.467741
7.5849304
7.487035
7.271591
7.37793
7.3203077
7.4463644
7.3338532
7.3884983
7.4935193
7.327348
7.5470896
7.6403356
7.615507
7.73707
7.717733
7.8798637
7.9715962
8.019771
8.090391
8.054011
8.088376
8.009941
8.0096655
7.9355464
7.7669234
7.6930485
7.964575
7.6727867
7.584574
7.8285203
7.9835577
8.108904
8.252743
8.384738
8.443631
8.302243
8.247438
8.015532
7.851331
7.713515
7.440187
7.487628
7.4432487
7.2829323
7.364442
7.392058
7.386105
7.460196
7.550854
7.6467333
7.695237
7.663326
7.5185285
7.4718966
7.491186
7.4515157
7.5173764
7.6844473
7.3261547
7.457934
7.5449657
7.478551
7.6184635
7.2056847
7.269383
7.408791
7.1600413
7.1382656
7.087734
7.4358096
7.203278
7.150066
7.0371933
6.9015946
6.917413
6.801946
6.5651064
6.4717484
6.210549
6.251491
6.2496533
6.1588087
6.298435
6.2424526
6.396413
6.4667554
6.621052
6.727249
6.6310487
6.6300445
6.487052
6.443962
6.361893
6.339941
6.475234
6.2755103
6.248
6.400342
6.7967997
6.6852307
7.012203
7.253031
7.045229
6.864476
6.606897
6.23648
5.9598036
6.0370965
5.9213023
6.0401335
6.414436
6.2322717
6.17987
6.4285226
6.261461
6.365039
6.3944273
6.1711116
6.13859
6.1573324
6.2098536
6.1663947
5.9779835
6.225162
6.0581465
5.817881
5.7122755
5.5281343
5.295152
5.1425786
5.209781
5.1620083
5.3047705
5.2422624
5.1745167
5.434362
5.455943
5.3752146
5.4577475
5.509711
5.4159036
5.416341
5.3070774
5.243494
5.2539577
4.9319057
5.4138
5.2785463
5.4094024
5.4089317
5.2117295
5.372614
5.622845
5.3841753
5.5145893
5.290589
5.385894
5.1029406
5.1475215
5.2988553
5.553115
5.5883884
5.971884
5.8660803
5.9928803
6.195128
4.673035
5.2549796
5.319566
5.4441743
6.061211
6.40734
6.24966
6.436651
5.938796
5.958623
6.075713
6.1277213
6.39916
6.592281
6.6336246
6.5489874
6.502096
6.5824437
6.5374804
6.6841197
6.9928794
6.536573
6.538898
6.316116
6.0260415
6.3622804
5.615152
5.862694
6.214052
6.338759
6.106268
6.326926
6.224594
6.248055
6.2095504
6.307634
6.396131
6.231777
6.1494675
6.1194043
6.478675
6.659648
6.890748
6.7100353
6.3379
6.337567
6.366516
6.3411007
6.058302
6.0085034
6.0379906
6.1363564
6.088747
6.241247
6.191165
6.0119944
5.871993
6.034135
6.0754256
6.219841
6.333268
6.2454805
6.329818
6.4156995
6.5786552
6.697261
6.5388784
6.6648283
6.6527023
6.5125704
6.3661532
6.4231973
6.225703
5.9470234
6.008227
5.842184
6.287991
6.214947
6.5299
6.447777
6.5474005
6.629906
6.9616456
7.0324345
7.059728
6.8148437
7.1936693
7.223168
7.08749
6.730454
6.764739
6.768646
6.8543844
6.4722548
6.5511913
6.51862
6.5797143
6.496703
6.458072
6.601293
6.377567
6.4078913
6.424416
6.604541
7.037248
6.950733
7.053721
7.0346556
7.3077426
7.0527973
6.880391
6.852318
6.929809
6.809731
6.5668464
6.440498
6.639308
6.470606
6.65341
6.8513036
6.914283
6.7731123
6.662504
6.8331
6.8062634
6.668359
6.9682255
6.49675
6.6647663
6.4818525
6.5057645
6.6534357
6.9268227
7.013798
6.859095
6.468662
6.1771936
6.217493
6.147132
5.868824
5.7786345
5.619033
5.4535785
5.2230425
5.1134615
5.207876
5.4469767
5.598954
5.3424544
5.2928014
5.5075817
5.7009296
5.6346836
5.291413
5.176831
5.6211066
6.2079573
6.447203
6.6057777
6.278684
5.945631
5.664318
5.2071185
5.1898994
5.0583887
5.0660105
5.3307
5.6332912
5.725277
5.847331
5.9478946
6.2519574
5.9760084
6.1702957
6.120882
6.6685133
7.0321794
7.1893616
7.1353855
6.982691
7.1944056
7.5035715
7.56727
7.4942155
7.516999
7.3432846
7.3162937
7.1877065
6.9753904
6.7752423
6.807067
6.630008
6.4615917
6.172983
6.3876367
6.4339476
6.244915
6.41811
6.263308
6.2384195
6.1695414
5.865484
6.0153437
6.2042217
6.3499174
6.267146
6.398431
6.5759974
6.4265785
6.6374626
6.437334
6.4282265
6.6329026
6.739869
6.853866
6.9108577
6.8607574
6.4457912
6.0624504
5.8834615
5.8551645
6.2029715
6.2458696
6.3153677
6.3934674
6.3838167
6.5620527
6.423152
6.292304
6.530059
6.266774
6.293227
6.108845
5.8948474
5.602514
5.5247827
5.696861
5.758539
5.8198953
5.123682
5.0450897
4.771313
4.910558
4.9386983
5.338057
5.4414215
5.386708
5.3818164
5.428361
5.659244
5.6518917
5.4239006
5.86275
5.5744247
5.4378786
5.385328
5.3744016
5.6029696
5.4706287
5.6106143
5.7017593
5.9864
6.019414
6.1782436
6.296656
6.0115266
6.2743754
6.1340017
5.867386
5.7465124
5.8327894
5.971121
6.0063205
6.0442595
5.930306
5.8466244
5.838834
5.7243443
5.7574964
5.645298
5.906516
5.819395
6.3144436
6.0497217
6.072022
6.141618
5.9666934
6.1172624
6.2909107
6.3924694
6.6330233
6.6674232
6.357507
6.388195
6.163946
6.185726
6.4334607
6.3398046
6.1990023
6.461222
6.0468707
6.4145308
6.6791267
6.6857834
6.709878
6.7315803
6.803293
6.9620857
6.8676214
6.7200375
6.989777
6.7560916
6.9193764
7.070567
6.974917
7.1539335
7.1827836
7.2336607
7.3348055
7.400898
7.401683
7.318941
7.3653936
7.4659595
7.1608458
7.2526894
7.0749736
7.123913
7.0400853
7.2048016
7.04565
7.1760836
7.1728373
7.2385907
7.211616
7.2208157
7.190102
7.1932073
7.3071785
7.2507863
7.1707635
7.0590906
7.1057005
7.048238
7.135109
7.178438
7.270034
7.2797136
7.2017717
7.257825
7.158532
6.8723173
7.316881
6.768524
6.614431
6.303505
6.0138364
5.8570714
5.983492
6.042937
6.2033563
6.0921793
6.1435385
6.0200925
6.36821
6.270935
6.4399977
6.449076
6.522399
6.3953843
6.688712
6.5452967
6.7477417
6.606676
6.788312
6.8497543
6.670561
6.7651167
6.8159513
6.9686155
7.3034954
6.9494677
6.916435
6.851896
6.8557
6.6166553
6.5556355
6.753414
6.516017
6.6155453
6.750268
6.9481716
6.7873716
6.87908
6.8977203
6.7701764
6.9107275
6.803562
6.8695717
6.8977156
6.905139
6.8388214
6.8872204
6.869547
7.0221148
7.1385455
7.2453923
7.145812
7.0347557
7.081697
7.302884
7.340392
7.462223
7.549155
6.953219
6.9007893
6.9275427
6.969444
7.0861554
7.177528
7.09959
7.1718163
7.164365
7.015666
6.8826966
6.5863066
6.544552
6.666964
6.712811
6.3902073
6.485774
6.446447
6.85066
6.7000313
6.5146327
6.5240407
6.595744
6.905427
6.89055
6.8611174
6.5808954
6.0780654
6.1117697
6.215337
6.780099
6.7991257
6.9378943
6.8503146
6.784359
6.7822776
7.0673714
6.9532366
6.911071
6.964123
6.882668
6.6395435
7.0006347
7.0990663
7.35595
7.2387366
7.1205378
6.924532
6.979643
6.8657537
6.578267
6.663765
6.8659344
6.7658625
6.590513
6.650912
6.5159225
6.6116824
6.620551
6.4609175
6.764889
6.6315184
6.7966757
6.7939982
6.8597193
6.6665964
6.7822075
6.858618
7.100996
6.9607725
7.0173845
6.7944474
6.635563
6.5381074
6.3134317
6.3932443
6.3342257
6.5188856
6.5623717
6.4484024
6.5507336
6.591312
6.716978
6.7932777
6.591415
6.7788115
6.6839857
6.824408
6.7932453
6.784134
6.7293177
6.679455
6.6968203
6.712668
6.833578
6.859728
6.9815044
6.7790627
6.8278046
6.709256
6.8118525
6.6436396
6.7329693
6.640064
6.8584137
6.4570465
6.4177217
6.3598022
6.383773
6.198813
6.1768675
6.0904055
5.6931973
5.5855274
5.7226963
5.6191473
5.755818
5.6614013
5.9622416
6.5197396
6.8505073
7.120677
6.688381
6.722825
6.7425513
6.853118
6.9243155
7.0006576
6.9593325
6.7710905
6.4522295
6.185458
6.3183603
6.263732
5.9074736
5.950423
5.864485
6.0239477
5.878869
6.0382223
6.116585
6.9388638
7.0244637
7.001608
6.8155956
6.6866994
6.8216667
6.9003434
6.999193
6.862653
6.9232965
7.0792837
6.792736
6.828371
6.702079
6.676689
6.9481926
6.8819304
6.434572
6.0306206
5.602084
5.3278136
5.380559
5.6062593
5.82957
6.1960115
6.15698
6.1921363
6.265209
6.298819
6.1609936
6.31527
6.1528416
6.552585
6.6989055
6.640694
6.5160456
6.452299
6.493284
6.5045605
6.4918385
6.5096917
6.6228666
6.735711
6.697017
6.8327556
6.8308973
7.045068
6.969703
6.947832
6.9263687
6.8470163
6.7084703
6.6272717
6.6123085
6.729968
6.77943
6.7712564
6.6218286
6.4264774
6.4156294
6.3846664
6.243931
6.0556974
6.2650194
6.068261
6.0595536
5.9133215
5.912038
5.950508
5.7084618
5.7405033
5.8131213
5.847309
5.909307
6.021717
6.0748796
6.422226
7.059825
7.307513
7.0370893
7.0249414
7.0156207
6.9663744
6.7888603
6.617215
6.545349
6.5457144
6.3647385
6.5215473
6.5748825
6.5706873
6.780871
6.7243714
6.7587523
6.824483
6.8388934
6.816457
6.797518
6.9514875
6.959933
6.830037
6.9539776
6.7335935
6.756139
6.629297
6.6959314
6.6960583
6.5897374
6.764058
6.833749
6.82716
6.779518
7.0351915
6.862789
7.005911
6.7093477
6.6973534
6.6605444
6.724064
6.766498
6.9858704
6.918884
6.9456596
6.8715363
7.023675
6.9046183
6.7620363
6.7714825
6.6655264
6.7554865
6.8920603
6.811578
6.8225117
6.883039
6.9487925
6.985142
7.0177956
7.1828384
7.017476
7.258156
7.1327453
7.2804193
7.439069
7.4910126
7.3054814
7.338552
7.343832
7.3702607
7.424586
7.3819227
7.5921826
7.546859
7.6171994
7.207237
7.1810417
7.3053627
7.3196445
7.2720857
7.257348
7.2303777
7.0772176
6.855592
7.00317
6.8199663
7.03441
6.824655
6.7020574
6.5554714
6.6553636
6.62593
6.8718977
7.2746468
7.2319055
7.201169
7.113223
7.09181
7.0465755
7.08431
6.9849567
7.1735864
7.0430965
7.076486
7.140387
7.1351004
7.0461717
7.052696
7.029483
6.998676
6.977263
7.0214586
6.9437704
6.81088
6.7874737
6.692269
6.7033057
6.8225236
6.565831
6.495689
6.363692
6.3352356
6.309144
6.24898
6.28585
6.351061
6.2845764
6.102374
6.1917768
6.178723
5.9137716
5.756568
5.5446424
5.727686
5.8034825
6.0022907
6.152777
6.290416
6.1958866
5.921505
5.964481
5.9084816
5.973226
6.015127
6.2804904
6.5704355
6.6170263
6.3923993
6.320959
6.5214734
6.4809628
6.6471076
6.445251
6.5342026
6.499245
6.951096
6.7314453
6.3924403
6.5659046
6.552743
6.589304
6.7013354
6.464977
6.1220083
5.948501
5.873368
5.983993
5.77906
5.964143
6.168207
6.0708156
6.016566
6.070308
6.068844
6.251106
6.317796
6.404465
6.424602
6.555393
6.8284745
6.6997266
7.036098
7.0612516
6.673317
6.6415524
6.588844
6.779168
6.6367836
6.569244
6.5400896
6.675105
6.5624237
6.609653
6.450244
6.4925814
6.469419
6.5286913
6.516797
6.729994
6.7569275
6.7021766
6.5101886
6.4623537
6.2254
6.53194
6.6513753
6.66609
6.6545153
6.8186955
6.688486
6.526942
6.4078784
6.3147306
6.382342
6.370551
6.404771
6.3468814
6.3160534
6.507829
6.577821
6.6202517
6.6485715
6.5709395
6.3818784
6.279486
6.355112
6.3435793
6.233573
6.118528
6.1605287
6.523374
6.3322597
6.3911557
6.447989
6.1651263
6.107724
6.3090153
6.439232
6.3052874
6.3834944
6.0671234
5.999568
6.0800614
6.2756767
6.286999
6.4039297
6.321001
6.317843
6.268507
6.377882
6.397036
6.418808
6.435963
6.376703
6.266195
6.159663
6.072115
6.051951
5.9549537
5.901587
5.8795176
5.837392
5.7876954
5.8488145
5.7881465
5.806285
5.6947465
5.7371864
5.727107
5.8546677
5.7937217
5.7361403
5.664483
5.264064
5.3296094
5.16322
5.1589513
5.1462593
5.2937756
5.1945596
5.3160505
5.635435
5.9202433
5.8819637
5.914616
5.8281093
5.8689404
5.8713408
5.749592
6.2455072
6.400722
6.2214594
6.1474533
5.9829173
5.6579604
5.635492
5.639708
5.7457256
5.657195
5.847897
5.503927
5.4557467
5.0039206
4.937332
4.7202463
4.92115
5.2126484
5.5156302
5.176661
4.9280934
4.7149463
4.6922274
5.040656
5.364028
5.4303846
5.5276117
5.45286
5.362058
5.4136386
5.493099
5.5538054
5.5888734
5.548634
5.5105276
5.414834
5.2700887
5.210191
5.1754713
5.114311
5.1959887
5.097563
5.1423182
5.1333857
5.0932393
4.909513
4.818245
4.7760415
4.8362403
5.0052695
5.1086183
5.26688
5.3161955
5.324584
5.4158216
5.504647
5.648287
5.7061424
5.496095
5.4028664
5.472063
5.52126
5.3101683
5.5802555
5.65792
5.7247977
5.522494
5.460338
5.113075
4.9133277
5.0082016
5.0029926
5.0619435
5.112318
5.0613165
5.1796436
5.143363
5.1648073
5.208625
5.020573
4.9133286
4.968504
4.7506294
4.751079
4.785218
4.735895
4.522486
4.812888
4.804243
4.5613384
4.7584543
4.7067738
4.931373
4.969082
5.049528
5.0088778
4.902976
4.7724633
4.6495047
4.5893264
4.5115438
4.4779654
4.368693
4.4149876
4.5457864
4.354121
4.4684496
4.387939
4.4472456
4.621524
4.6594596
4.7533736
4.6272264
4.6506805
4.4704304
4.504652
4.669732
4.812616
4.7389073
5.098203
5.306189
5.4476166
5.392374
5.5971074
5.5149217
5.4801164
5.477062
5.378516
5.5260134
5.51009
5.382035
5.332351
5.59615
5.1158156
5.2843018
5.5990314
5.614809
5.8823853
5.898604
5.780788
5.683124
5.642798
5.6485324
5.5279355
5.660957
5.4358554
5.8214436
5.9930787
6.0751443
6.1561756
6.1577635
6.1239977
6.1717553
6.019037
6.1184025
6.019609
5.988849
6.101023
6.026502
6.2127476
6.053538
6.027093
6.262006
6.26807
6.07743
6.2593713
5.745455
6.12996
5.963212
5.990999
5.8004627
5.7748675
5.6151094
5.8936844
5.9349823
5.970611
5.9153447
5.904551
5.9259
5.835291
5.9930468
5.987598
5.9600105
5.9421406
5.982675
6.0569344
6.008563
5.940136
6.0784516
5.72285
5.698354
5.5943966
6.0398397
5.873575
5.838114
5.80229
5.985728
6.233828
6.563629
6.617261
6.5768805
6.2759614
6.4733124
6.7798543
7.3004227
7.211172
7.230941
7.262553
7.063368
6.732211
6.7509913
6.7300177
6.5725827
6.4451895
6.5972037
6.7059603
6.607138
6.358021
6.1769047
6.0725913
5.9584846
5.9769073
5.8035226
5.7369924
5.6676493
5.6044497
5.4107537
5.3763785
5.4645796
5.5211616
5.6904035
5.8126907
6.033872
5.977914
6.1030326
5.8836555
5.7281137
5.6562753
5.829137
5.9642158
6.0965323
6.2241917
6.191129
6.1250014
6.4441905
6.7379136
6.8619895
7.0165195
7.2428746
7.3099027
7.7070727
7.7766047
7.9814672
7.645632
7.2243605
7.1651692
7.20321
7.2592106
7.1427226
7.039375
6.947097
6.971043
6.917323
6.93786
6.8188534
6.7364397
6.4393926
6.2774
6.208047
6.2259846
6.0578804
6.0327716
5.807578
5.8313437
5.5437503
5.4554987
5.4585567
5.638163
5.8879876
6.0524154
6.2903767
6.5634947
6.4567475
6.8138876
6.8971915
7.216863
7.384558
7.2383623
7.4290276
7.407415
7.5926404
7.674593
7.93202
7.913381
7.730166
7.340772
7.20852
7.224254
7.404475
7.4775243
7.68226
7.6210947
7.5951066
7.5319033
7.6173286
7.460973
7.6442013
7.3033237
7.3532286
6.9736905
7.121236
6.870509
7.15342
6.962114
6.9729705
6.79726
6.892391
6.4741926
6.4872565
6.2463236
6.2370143
6.3327656
6.631879
7.0289545
7.174056
7.2738514
7.2234926
6.9352884
6.953688
6.687425
6.627834
6.9022803
7.1079025
7.3090453
7.1366634
7.280412
7.537155
7.7955365
7.928044
8.102184
7.8711524
7.5398793
7.3425093
7.346016
7.758618
7.823308
7.7611275
7.6424203
7.610112
7.6566343
7.411322
7.391373
7.362408
7.027981
7.024558
6.711511
6.888791
6.447672
6.6326785
6.2411838
6.2641034
6.2100515
6.2656727
6.249414
6.2230406
6.1329494
6.243588
6.309053
6.764267
6.9824643
7.212519
7.159949
7.044903
6.7254915
6.827482
6.7688565
6.756898
6.61914
6.7182903
6.509634
6.397002
6.189563
6.355159
6.2006955
6.1863394
6.1085653
6.204897
6.515657
7.049693
7.2192426
7.1548424
7.221716
6.8864512
6.544443
6.4473686
6.267485
5.89978
6.132649
6.5301156
6.7394037
6.4388843
6.5459886
6.3761373
6.7060657
6.936928
6.9258814
7.041532
7.091797
7.055846
6.8369217
6.9559903
6.9964337
6.9949226
7.0240674
7.022844
7.130603
6.9844627
7.072281
7.0410233
7.0811143
6.878966
6.5266366
6.4925566
6.6734533
7.135422
7.082143
7.378054
7.4157495
7.5688515
7.6992817
7.778795
7.6879616
7.749389
7.4998884
7.496108
7.649636
7.736736
7.866388
7.8812037
7.6815815
7.6218014
7.73656
7.7636547
7.599135
7.608124
7.421554
7.7315626
7.4775963
7.7719088
7.5607266
7.3937426
7.3613567
7.3562202
7.3739767
7.2007494
7.164685
7.026239
6.9643354
6.757369
6.7101746
6.708731
6.7545443
6.667188
6.4650764
6.241731
6.4618177
6.248509
6.452341
6.721856
7.3749413
7.1183634
7.424355
7.2534084
7.422378
7.433122
7.7120676
7.6399918
7.77226
7.782933
7.84738
7.848658
8.080887
7.940804
8.140544
7.7515473
7.4425025
7.099286
7.0026536
7.130706
7.0608544
7.1857476
7.1786475
7.078535
6.8988757
6.9914765
6.588973
6.6808853
6.552477
6.7417903
6.5042253
6.3656917
6.5377355
6.406584
6.3606124
6.829794
6.56854
6.698478
7.039401
6.6146955
6.594041
6.5248027
6.604557
6.6809855
6.803078
7.019748
7.125286
7.1444187
7.345962
7.4286256
7.526972
7.7130446
7.7164264
7.7335835
7.6083746
7.569943
7.401072
7.4894533
7.0997825
7.230781
7.0509915
7.2563457
7.281282
7.08626
6.982762
6.898454
6.835071
6.8589478
7.141209
7.0238132
7.0765467
7.2343025
6.8277726
6.7723713
6.7243586
6.6500688
6.5444813
6.2804155
6.2811546
6.314999
6.3468122
6.4241138
6.059066
6.1510406
5.9094434
5.7657347
5.8889866
5.782761
6.1058917
6.2782974
6.5377874
7.0854664
6.7921705
7.035457
7.3206463
7.5855856
7.176344
7.369436
7.2145996
7.2015004
7.1906023
7.337867
7.1378284
7.0302687
7.070945
7.2141895
7.142263
6.9430017
6.900469
6.75205
6.7386556
6.4784293
6.319533
5.926648
5.7912054
5.880485
5.931483
6.090031
6.1334677
6.1894016
6.306835
6.094636
6.2439933
6.0845356
6.0069237
5.842957
5.9060054
6.137081
6.2840223
6.584044
7.0114956
7.075532
7.0839157
7.265725
7.358136
7.5731974
7.581869
7.5549183
7.864396
7.816363
7.9505086
8.016777
7.8039737
7.5792813
7.448717
7.7160325
7.514182
7.4394846
7.2583184
7.125931
7.034382
6.9964895
6.988242
6.570624
6.2877007
6.3321404
6.223375
6.155118
6.241577
6.1745114
5.9196234
5.712327
5.5286365
5.658425
5.398865
5.6439075
5.5208755
5.5577826
5.6500955
5.6556964
5.881804
6.2946334
6.525465
6.654994
6.8962145
6.7561293
6.961788
7.1775947
6.7870703
7.267589
7.5510907
7.795189
7.583619
7.779862
7.786073
7.8952627
7.8254504
7.387807
7.524375
7.1751003
7.150702
7.090069
7.0248075
6.8976445
7.0437818
6.8348894
7.0214787
6.992346
6.923787
6.856431
6.8171496
6.737604
6.6618757
6.716363
7.1375713
6.92731
6.9989543
6.9055667
6.745403
6.693657
6.3861527
6.363446
6.1198025
6.085269
6.219097
6.361973
6.4624305
6.699113
6.79541
7.0879626
7.2696543
7.2462916
7.2364182
7.160142
7.4276476
7.362831
7.525521
7.456535
7.224934
7.1618147
7.0947847
6.772887
6.063534
6.3795238
6.268168
6.355828
6.3315287
6.299612
6.252695
6.3101907
6.3019094
6.7536864
6.407015
6.3011904
6.056345
5.9959173
6.1795216
6.2483273
6.468692
6.039047
6.008812
5.9347606
6.205216
6.081391
6.4630704
6.4600644
6.6198506
6.5078874
6.9464874
6.8149967
7.069556
6.843967
6.9790616
7.0734863
7.046179
7.007805
6.8858447
6.439784
6.32698
6.492146
6.5782037
6.5733294
6.296057
6.4598184
6.400028
6.4108553
6.011225
6.2179923
6.0403347
5.7410016
5.574934
5.6923976
5.8315625
6.041559
6.0602436
6.130542
6.226078
6.3297553
6.476749
6.4359927
6.5377073
6.5617833
6.505487
6.8316875
6.6953273
6.9037204
7.049871
7.079545
6.8570757
7.0789666
6.9587455
7.0163608
6.93737
6.9161987
6.2187333
6.4044075
6.459996
6.4051538
6.4135714
6.310445
6.281477
6.2048545
6.3202605
6.1992626
5.823731
5.9755173
5.731645
5.506627
5.9706993
6.039842
5.979203
6.245557
5.9361095
6.487059
6.3230343
6.295925
6.0132527
6.0432134
6.0211673
6.0825224
5.7369304
5.98832
5.471292
5.3738766
5.2250986
5.5508933
5.837933
5.8374443
5.8642025
6.2855077
6.2255106
6.1871247
6.0416336
5.992546
5.8026323
5.848599
5.8116164
6.112924
6.0762496
6.495697
6.4538817
6.583384
6.6109133
6.530955
6.320398
6.4341063
6.457984
6.4167223
6.2695065
6.301328
6.1671915
6.278743
6.299802
6.5349507
6.3788843
6.2523446
6.5296736
6.4847856
6.4500113
6.4376907
6.318263
6.2637324
5.9905033
5.944975
5.9323587
5.907851
6.0077453
6.193866
6.452251
6.4960628
6.760259
6.7554865
6.8910923
7.139568
7.4130216
7.3335204
7.1812534
7.1795416
6.9125834
6.589142
6.4925194
6.497386
6.4642115
6.9735446
6.7988763
6.804739
6.441416
6.3410707
6.5062413
6.609891
6.613476
6.1862297
6.190263
5.5771165
5.898607
6.5584545
6.6591697
6.50936
6.996836
7.076482
7.1812763
7.1731434
6.9036574
7.158757
7.0982327
6.9003196
7.235744
7.137429
7.121676
6.8011727
6.96397
7.4053144
6.9880633
7.0071907
6.316202
6.5662546
6.1683483
6.8817754
6.896685
7.1359386
7.542
7.271489
7.2912645
7.0909915
7.2540445
7.2369
7.047118
7.342573
7.0541096
6.764179
6.853804
6.8346004
6.880892
6.763178
6.82796
6.918084
7.0705895
6.885048
6.8554997
6.69283
6.8576646
6.668486
6.6571627
6.874235
6.683773
6.8580008
6.6844296
6.630936
6.6386366
6.664041
6.670923
6.677591
6.5555925
6.878836
6.6983757
6.621165
6.664296
6.7800536
6.892159
6.6454897
6.9408946
7.1355867
7.189236
7.3053093
7.1911535
6.8817816
6.6958447
6.870362
7.058338
7.0689893
6.606423
6.725698
6.48436
6.290793
6.5524526
6.7189426
6.492107
6.4404874
6.3604474
6.4763126
6.1388683
6.0862145
6.2497363
6.2241187
6.1585245
6.15897
6.0793076
6.2808547
5.912422
6.3630033
6.536084
6.4198813
6.1311483
6.051841
6.3062105
6.158772
6.75453
6.869197
6.9170074
6.951357
7.012082
7.079502
7.331188
7.152849
7.203926
7.100472
7.2309275
7.5407014
7.507973
7.1523247
7.0080748
6.8548365
6.666883
6.477312
6.711006
6.565053
6.3799977
6.2261486
6.128888
6.0575104
5.945041
5.9712486
6.031475
6.098569
6.1826572
6.1417146
5.9465895
5.964825
5.8070426
5.9304104
5.9381194
5.796142
5.701736
5.6954985
5.648447
5.4049387
4.9198647
5.147947
5.237019
6.2067027
6.951902
6.9922037
6.985787
7.0834293
6.6847267
6.958624
6.891343
6.874046
6.75325
6.2936783
6.0549936
6.024194
5.933098
5.7073708
5.587415
5.4712086
5.5217476
5.667358
5.7812524
5.562467
5.558362
5.636041
5.951214
5.8964396
5.9605446
6.118205
5.8962026
5.6807623
5.1326914
5.0969653
5.038056
4.987085
5.2008924
5.5203557
5.4386997
5.1239
5.307911
5.28553
5.3186984
4.8122644
4.3939304
3.4708853
2.792557
2.3010812
1.5317025
1.8364735
1.8882623
2.070754
2.226277
2.2974231
2.3704865
2.3816345
2.3292096
2.5427072
2.3444827
2.3604848
2.375517
2.2826054
2.2433937
2.1374097
2.035577
1.6609765
1.7379695
1.5927187
1.9192677
1.5772613
1.8989305
2.1061518
1.9175608
1.4565974
1.2884789
1.2874581
1.3252833
1.3431932
1.4711821
1.3032196
1.240958
1.5103004
1.4205922
1.4980677
1.4052565
1.4416817
1.3531054
1.2572318
1.2897716
1.2260869
1.2468419
1.1933303
1.4608274
1.5262492
1.4975275
1.4022799
1.3288687
1.4363029
1.3225704
1.5267023
1.3141209
1.2250013
1.2219709
1.3886951
1.2402587
1.5344397
1.4158349
1.3202341
1.4381679
1.4259534
1.3172959
1.3238546
1.4397032
1.5472887
1.4386158
1.4897157
1.279104
1.4515365
1.4632864
1.4969128
1.5234166
1.6256087
1.5882275
1.4799076
1.4447051
1.4475484
1.4763036
1.3584971
1.405179
1.5908041
1.6656256
1.4471161
1.4436532
1.5755857
1.5216063
1.4420667
1.3514705
1.4994711
1.3469263
1.67488
1.4475032
1.5096216
1.40273
1.6229273
1.4325738
1.4280576
1.4097728
1.3867689
1.4311848
1.3440061
1.3902795
1.5241234
1.3174592
1.2595273
1.2911848
1.335066
1.3286097
1.3683851
1.4694197
1.4483734
1.5257763
1.6051165
1.5221753
1.4722805
1.2879047
1.3621788
1.3292294
1.5165204
1.5789453
1.6662369
1.5023199
1.2494245
1.2722709
1.4962163
1.4334987
1.5027992
1.4283413
1.5045534
1.2620014
1.2143928
1.4211707
1.3953606
1.417876
1.6155331
1.7138504
1.8262855
1.5188215
1.3420676
1.4709251
1.5371088
1.6366085
1.5171466
1.5285517
1.411546
1.2777405
1.4042659
1.4108453
1.495847
1.5632675
1.700855
1.7794844
1.6729501
1.4510959
1.73369
1.6589749
1.832879
1.8241253
1.750232
1.6543607
1.5910847
1.4793801
1.464494
1.4552261
1.6122158
1.5462213
1.6695911
1.5950818
1.5178202
1.8650539
1.6702367
1.5529531
1.7273332
1.5225148
1.577905
1.6016716
1.7093182
1.5722318
1.5433153
1.6700345
1.5389894
1.3705695
1.6174409
1.7148522
1.6224207
1.7108307
1.7492303
1.9062235
1.9063544
1.7475586
1.7297165
2.025476
1.8629189
1.8769532
2.1554644
1.9315814
1.7986503
1.4489083
1.5741578
1.6276636
1.6578919
1.6722537
1.656128
1.8331099
2.017826
1.8570024
1.5671713
1.5024207
1.6828165
1.549382
1.3856977
1.4872148
1.6495426
1.673338
1.6193746
1.713969
1.8485204
1.9709015
2.0354044
1.9981636
1.8259296
1.9021093
1.7763345
1.6118387
1.5957406
1.484097
1.5441588
1.6370839
1.5857359
1.7764659
1.6840537
1.628208
1.7035291
1.593947
1.5295612
1.6510801
1.4032332
1.5473547
1.462731
1.572784
1.4787486
1.555853
1.6474466
1.5768247
1.4601905
1.4823887
1.604027
1.6503705
1.7048926
1.6858323
1.6744525
1.8050346
1.8881165
1.934503
2.0440483
2.104918
1.8986928
1.7410617
1.622394
1.7225897
1.6623983
1.4654258
1.5070758
1.6006032
1.8488292
1.6211164
1.7047875
1.7846434
1.8272231
1.8583829
1.8069657
1.9263431
1.9730933
1.9435247
1.7872283
1.899737
2.0126626
1.8358688
1.869379
1.7137976
1.602782
1.678365
1.5258973
1.2274759
1.3306324
1.300833
1.2763327
1.4964108
1.4921074
1.3353225
1.350157
1.5175896
1.5468655
1.4633058
1.4362409
1.5490994
1.4453135
1.3735586
1.4186673
1.4621086
1.547162
1.4690969
1.3760276
1.3766413
1.4511156
1.5378077
1.7798668
1.6198436
1.6305153
1.6111813
1.4669242
1.6199819
1.9513018
1.848226
1.6792376
1.6214502
1.8693621
1.5428503
1.7894264
1.931016
1.8252383
1.7355338
1.7057198
1.6513747
1.7101042
1.7236447
1.8518711
1.6814584
1.560785
1.3502424
1.4528883
1.6140012
1.4722888
1.5240715
1.5512524
1.7599909
1.780767
1.5386878
1.4703313
1.6505388
1.8973044
1.8467054
1.7153931
1.608675
1.5903091
1.4830306
1.8083035
1.964412
1.5125523
1.4422781
1.9401284
1.7670134
1.5016901
1.3939131
1.3400635
1.3508248
1.5005558
1.6159557
1.4835838
1.573528
1.5280974
1.4840269
1.5311273
1.448352
1.5243565
1.7821045
1.5575156
1.6982167
1.8317327
1.8538275
1.8668199
1.7197024
1.547603
1.7703683
1.9442534
1.9363552
1.6197041
1.65165
1.6316464
1.6976135
1.5911013
1.7329046
1.805414
1.6622878
1.5867403
1.560931
1.5256991
1.5739961
1.4947433
1.5036448
1.4307168
1.3024304
1.4666916
1.5965652
1.6531802
1.5773491
1.3907814
1.3051183
1.3297932
1.4979506
1.6498331
1.6350919
1.4336838
1.4638554
1.7286569
1.7533692
1.5904491
1.5763414
1.790631
1.6344001
1.3865658
1.2897145
1.3667294
1.4302512
1.4175411
1.3615078
1.5049572
1.4870048
1.8255396
1.8458753
1.8251138
1.6394038
1.6514827
1.6050676
1.5727801
1.5509434
1.5315567
1.610883
1.6822762
1.5105926
1.5169665
1.5051883
1.4174342
1.3987564
1.4486629
1.3494464
1.2721359
1.2518343
1.4259279
1.5200865
1.5536004
1.5205839
1.6180482
1.8035433
1.6211114
1.5057755
1.5256267
1.5443445
1.5273665
1.5833501
1.6768962
1.4719934
1.608862
1.5664203
1.7040834
1.8621368
1.8627051
1.8030838
1.506837
1.4520847
1.5251065
1.6695805
1.8870124
1.8330458
1.5575422
1.5242466
1.383324
1.3257743
1.1683996
1.4338145
1.357899
1.3918341
1.337089
1.2793622
1.5455103
1.6225635
1.5429095
1.68828
1.7872958
1.6700397
1.7208922
1.9883213
1.5657351
1.6290023
1.6815889
1.6887319
1.5579462
1.7019919
1.5253309
1.7647555
1.5320907
1.6364244
1.4612068
1.3783597
1.7274342
1.5998917
1.490716
1.3890814
1.3708228
1.3995448
1.5106887
1.6891285
1.7634766
1.6646597
1.5704628
1.4326768
1.4344966
1.519394
1.535262
1.5789115
1.3539428
1.5150965
1.3931441
1.2919937
1.2696794
1.186517
1.2966452
1.2591096
1.3046774
1.391459
1.5633365
1.3971758
1.5389706
1.7140057
1.5566958
1.5479555
1.5222726
1.4458009
1.6771162
1.5167977
1.5593785
1.3329513
1.2787222
1.2746409
1.3328613
1.2211318
1.1095876
1.156543
1.3271329
1.3147779
1.4273956
1.50012
1.5046383
1.2446173
1.4231491
1.3032355
1.3825302
1.4219102
1.2529145
1.1218911
0.9487535
1.1430284
1.2256709
1.1538448
1.058852
1.0577576
1.1087757
1.0867262
1.0693402
1.2741477
1.2061216
1.3209127
1.3380795
1.412486
1.3309872
1.3771293
1.7905312
1.8241813
1.2118297
1.299523
1.3572814
1.375889
1.210093
1.2717762
1.3440175
1.4887271
1.3688319
1.4262127
1.684892
1.7050455
1.5576102
1.468255
1.5226994
1.4840508
1.2557726
1.3173991
1.291005
1.503831
1.1902049
1.4232043
1.1873845
1.0815719
1.1045468
1.2504463
1.2741294
1.2004077
1.077626
1.2171491
1.365255
1.2739118
1.3372858
1.4252906
1.6751645
1.439293
1.2951101
1.2225097
1.164659
1.2460173
1.2463362
1.2328836
1.1796256
1.3247375
1.6194503
1.4866873
1.6531438
1.4876558
1.2662311
1.2945079
1.4188561
1.3260165
1.4481337
1.5507898
1.5418627
1.5765896
1.4037856
1.2744323
1.225692
1.2946258
1.3035662
1.4213845
1.3184211
1.4799981
1.6935638
1.6247853
1.4949716
1.474088
1.4934925
1.4461834
1.4177569
1.5104278
1.491415
1.3593634
1.2956071
1.2959285
1.3166344
1.2129475
1.7487782
1.5716338
1.2844839
1.2295015
1.4900383
1.6185341
1.5775882
1.2915361
1.4199588
1.489556
1.6024253
1.6491148
1.5180832
1.5140886
1.5176418
1.7049003
1.7300177
1.4844656
1.8088537
1.6822727
1.9145579
1.5252616
1.661928
1.6057681
1.3353451
1.4921808
1.4033602
1.4832255
1.6824799
1.4874084
1.588072
1.4206643
1.6374185
1.4932101
1.5764074
1.7814897
1.751298
1.5532897
1.3691951
1.4069248
1.5268664
1.562341
1.3175006
1.1800339
1.3472044
1.7319951
1.358446
1.568552
1.3922142
1.3492312
1.5260892
1.8603185
1.606926
1.3622966
1.8290615
1.2452574
1.3701526
1.4691663
1.516898
1.4025631
1.3365688
1.6251245
1.5695227
1.4660987
1.6478368
1.4690775
1.3669964
1.3440698
1.5760612
1.5453069
1.4247602
1.483649
1.3083858
1.435658
1.2090657
1.2314413
1.4715619
1.5465837
1.7823509
1.5739942
1.4687303
1.4139559
1.5771691
1.8824114
1.8085598
1.818174
1.7982818
1.9266344
1.7953612
1.8552353
1.8815662
2.08462
1.8919294
1.7326748
2.038979
2.0297737
2.0132148
2.068301
2.0096815
1.7770824
1.8978174
1.7567087
1.7337109
1.8065791
2.0982037
2.4091506
2.026212
2.1533902
1.8643551
1.861885
2.0501544
2.004099
2.1324027
2.2980335
2.1940198
2.2613645
2.3215404
2.13011
2.1634867
2.141838
1.9643397
2.3020902
2.331273
2.1585786
2.1531038
2.2959156
2.1423604
2.117432
2.294583
2.3088527
2.1682181
2.2477093
2.1889572
2.2330236
2.1756191
2.072957
2.099364
2.009457
2.1914918
2.08222
2.0920603
2.336339
2.201806
2.273927
2.2185895
2.433583
2.3013635
2.2648191
2.3145716
2.3457427
2.3660774
2.422199
2.3859885
2.4207766
2.269391
2.0828106
2.166236
2.2306855
2.1384754
2.0983214
2.0192134
2.0102942
2.071073
2.0487897
1.7144967
1.7393386
1.8245513
1.9141506
1.8397702
1.9039563
1.8444567
1.9751972
2.2882802
2.2150614
2.0864065
2.1719725
2.2490866
1.9063759
2.092332
1.8225834
1.816037
1.8511666
1.7936659
1.876046
1.9196185
1.7786942
1.7810366
1.9932796
1.9287055
1.818335
1.9427948
1.8745914
1.9435914
2.0121622
2.0290024
1.8631535
1.7394898
1.8463622
1.9482933
2.0232787
1.9378394
1.8284616
1.8436946
1.8651557
1.6094265
1.5432141
1.6253912
1.8359706
1.8709077
1.8468686
1.8560332
1.6808774
1.4699707
1.774402
2.033666
1.7440165
1.5791613
1.6772289
1.6439283
1.7084812
1.7673507
1.8685623
1.8134384
2.0936306
1.9704372
1.8966699
1.9016521
1.7453614
1.7449838
1.8222613
1.6984357
1.7484637
1.6015776
1.5806879
1.4790415
1.5420562
1.5767435
1.894711
1.5785377
1.6839328
1.6659523
1.4662781
1.489252
1.4705226
1.6316742
1.5653019
1.6184676
1.6665018
1.6261554
1.7473567
1.638251
1.696521
1.8876652
1.9222436
1.7338461
1.8939488
1.7994362
1.8376219
1.7303417
1.5887883
1.7939944
1.6285628
1.8785831
1.5871754
1.5875491
1.7374486
1.7188501
1.828736
1.9193397
1.6377119
1.5388663
1.4818605
1.4839715
1.7174575
1.4304622
1.5165129
1.5705543
1.5941639
1.5085977
1.5301627
1.5577208
1.4461212
1.40249
1.5150193
1.5797706
1.528505
1.4581113
1.8054315
1.8861256
1.9182835
2.0428057
1.4929583
1.5324497
1.4202579
1.3236349
1.3349234
1.3607626
1.2652314
1.4936088
1.682085
1.7682571
1.9351175
1.7590734
1.8293843
1.9398636
1.8147472
1.8068373
1.5641056
1.438905
1.5927289
1.3219781
1.6191144
1.2997266
1.6232975
1.2766953
1.3253466
1.2188665
1.0891329
1.1025194
1.1836156
1.2458557
1.3362302
1.1451082
1.1200793
1.1936625
1.2019418
1.2248347
1.2390063
1.2611493
1.1970067
1.2237442
1.1615995
1.5627958
1.6171734
1.4982138
1.6140456
1.565359
