10000
1.0
0.9983383
0.9925685
0.99321526
0.9913182
0.9964551
0.99211764
0.991215
0.9822629
0.97958666
0.9731842
0.9727061
0.9695174
0.96243006
0.9550997
0.9576518
0.9477115
0.94882923
0.94153655
0.94145876
0.93436193
0.93650526
0.9305385
0.91767097
0.92684793
0.92138284
0.92400855
0.91329485
0.9192033
0.90397376
0.9070082
0.8944499
0.89890224
0.8891021
0.8755633
0.86140025
0.86701804
0.8680827
0.84756386
0.8489436
0.8358739
0.843288
0.8250854
0.8153999
0.81954736
0.8098403
0.79634935
0.7825453
0.785692
0.7664136
0.74955106
0.7464252
0.734375
0.7243708
0.7167188
0.7235072
0.69529784
0.70761245
0.6957941
0.7030979
0.6900998
0.7145351
0.6859348
0.69906825
0.67861944
0.6968694
0.68261814
0.6914498
0.6841085
0.69770646
0.69767684
0.68617517
0.70385325
0.7051282
0.70569503
0.7061895
0.71206856
0.70860904
0.70113915
0.7268182
0.7007632
0.6982969
0.6904226
0.7014061
0.69019955
0.70462066
0.69149745
0.70009005
0.6956558
0.7127805
0.70783883
0.73407143
0.747918
0.73371035
0.74303913
0.753215
0.7702475
0.7953156
0.80691594
0.8148853
0.82827365
0.8331621
0.81840867
0.8160124
0.8210295
0.8363054
0.8425829
0.83998394
0.8355542
0.8631138
0.8529286
0.8437184
0.84251153
0.83513343
0.83009106
0.8244824
0.8142679
0.82322717
0.8165754
0.8086514
0.81515807
0.8185243
0.8162987
0.80871207
0.81851983
0.8118505
0.8104037
0.8023647
0.7923099
0.79006344
0.78654706
0.77686083
0.77104515
0.77643603
0.7678605
0.77345544
0.76725477
0.77512044
0.75800496
0.77133805
0.77460515
0.78450555
0.77861935
0.78263915
0.77491677
0.7716211
0.7706317
0.76954454
0.7754939
0.7657238
0.7616925
0.7724649
0.7633179
0.7627475
0.7528864
0.7524157
0.7513433
0.76565933
0.76190877
0.757165
0.754553
0.7447727
0.7453511
0.7530846
0.74147415
0.7370933
0.74066997
0.7321333
0.7465437
0.74488956
0.74831325
0.751071
0.76220405
0.7652184
0.7428788
0.7464074
0.75090665
0.73835915
0.7362718
0.73602384
0.7254343
0.7234886
0.72064835
0.7161962
0.7246607
0.70596504
0.71266055
0.71153456
0.72675633
0.72201514
0.7214984
0.72654134
0.7050323
0.70221156
0.69878364
0.6818398
0.67871535
0.6717793
0.6649017
0.6616305
0.67196745
0.67441404
0.66585696
0.6544705
0.65060693
0.6666998
0.65899557
0.6509549
0.6387788
0.6486295
0.64419574
0.666706
0.6507886
0.6694671
0.6710755
0.68373436
0.6737643
0.6751292
0.67278594
0.67762154
0.6749018
0.6695474
0.6590106
0.68967575
0.68895996
0.6683336
0.6583044
0.68971664
0.6692001
0.6916382
0.6836281
0.6793418
0.67591095
0.6828392
0.6928494
0.66049284
0.6957061
0.68785536
0.6840525
0.6862039
0.6758948
0.67638665
0.68052715
0.69119686
0.6674347
0.6760816
0.67360145
0.677595
0.67629373
0.6764187
0.67890286
0.6736985
0.6533791
0.6728484
0.67030364
0.6539714
0.66502494
0.6622646
0.68231094
0.68120885
0.6488822
0.6796922
0.66893256
0.6722679
0.6655851
0.66928583
0.6775525
0.6767368
0.67369086
0.6698867
0.67579836
0.66100943
0.6424486
0.6579243
0.6570266
0.64771336
0.6460063
0.64618677
0.66155297
0.6576791
0.6542232
0.6577637
0.6748798
0.6744644
0.68182576
0.645491
0.6687927
0.6686712
0.6708769
0.655031
0.6461492
0.6474673
0.64812446
0.653697
0.6627073
0.64767915
0.64346004
0.6655001
0.6554157
0.65957725
0.6498875
0.6572638
0.66217303
0.6525041
0.6529125
0.6499966
0.6466061
0.66354847
0.66060996
0.6595202
0.6471548
0.664891
0.66160953
0.67507005
0.6635244
0.6576477
0.6813005
0.6534546
0.6699415
0.6648656
0.66173303
0.6615374
0.64902663
0.6604581
0.65905845
0.65298104
0.6334811
0.6439
0.65807873
0.6513186
0.6550619
0.6523032
0.6600672
0.6344338
0.65894765
0.63661885
0.6486184
0.6463564
0.63916045
0.63994664
0.64830923
0.64725804
0.63137025
0.64125293
0.6401123
0.65653753
0.6520137
0.64187425
0.6280024
0.63553804
0.64405155
0.6461505
0.6402123
0.63357437
0.64719784
0.66134924
0.6522619
0.66343635
0.6783099
0.66329986
0.6534156
0.6764573
0.68591195
0.6703481
0.6980451
0.69728386
0.69344026
0.68371946
0.7052134
0.697698
0.70571315
0.7029657
0.7022375
0.71097463
0.7195369
0.706615
0.7183734
0.7032108
0.7129987
0.6903564
0.69898885
0.6928273
0.68896466
0.687262
0.68434477
0.6953165
0.69321954
0.6852003
0.69118255
0.69277906
0.6906629
0.6884943
0.6818475
0.6726439
0.6734808
0.6615767
0.67942446
0.6749217
0.6651307
0.6559988
0.67419904
0.67000574
0.65447986
0.65693337
0.6544426
0.64235425
0.6524734
0.67094064
0.6683028
0.66423196
0.6589936
0.67567396
0.66419226
0.6677325
0.6746803
0.6643937
0.6838444
0.69520897
0.668454
0.6915138
0.6793499
0.6839204
0.67041284
0.6760784
0.66159403
0.67430985
0.67589444
0.6658149
0.68729955
0.6969027
0.67536676
0.6818616
0.69175506
0.6956607
0.6985035
0.67596424
0.6717613
0.68443125
0.69794846
0.7011703
0.6937816
0.6917057
0.7120972
0.6986531
0.70876086
0.70714164
0.7088746
0.70565116
0.71141624
0.72024304
0.71053606
0.6937512
0.7089922
0.7031919
0.69861543
0.6913181
0.7043995
0.7075923
0.69907796
0.6913868
0.7059885
0.6957189
0.6895456
0.7028615
0.6941676
0.69344366
0.6779361
0.68163806
0.6873127
0.6990088
0.6734417
0.69478416
0.68637794
0.6939825
0.6794844
0.6840478
0.70011234
0.70378035
0.6849732
0.68525857
0.6908739
0.6959159
0.69090706
0.6913357
0.68466926
0.6936735
0.695559
0.699852
0.7070002
0.70093775
0.708782
0.7015068
0.7015816
0.7192297
0.7078198
0.721157
0.72950447
0.7214186
0.7402566
0.753775
0.7484994
0.73963755
0.7463096
0.73524296
0.7289373
0.7466516
0.74830776
0.75701636
0.7579635
0.7559155
0.752482
0.7607449
0.7385236
0.7397398
0.7270434
0.74955225
0.7467722
0.7420116
0.74012196
0.734664
0.7491453
0.7350822
0.7368996
0.7201073
0.73073477
0.71810395
0.70909196
0.7116842
0.7104707
0.6971198
0.70278716
0.70436126
0.70541316
0.71468747
0.69937867
0.6974273
0.6989724
0.7253881
0.7025989
0.6951822
0.6845456
0.69314486
0.69620264
0.70587546
0.6951165
0.69447446
0.6958705
0.70823836
0.68859166
0.6882811
0.6892262
0.68896025
0.7135088
0.6990488
0.6876865
0.69423795
0.70272857
0.7000203
0.7024189
0.69817525
0.7254141
0.70578384
0.7115027
0.7284877
0.71105856
0.7135665
0.70257837
0.7234566
0.7193374
0.7204886
0.73407024
0.73732275
0.74860567
0.7367063
0.7534314
0.7566791
0.7588994
0.7451431
0.74902093
0.75295305
0.76579714
0.7548311
0.7472816
0.7565325
0.72837996
0.7567603
0.76436543
0.7390621
0.74506533
0.73876643
0.72260535
0.73867464
0.7249693
0.74605465
0.7362541
0.7463517
0.7317352
0.703737
0.6982702
0.7080108
0.7021143
0.7167732
0.7177841
0.7110814
0.6854681
0.6883387
0.6917505
0.68500805
0.694594
0.6952801
0.6836011
0.6768697
0.7023079
0.6809574
0.6854939
0.685235
0.6883799
0.6964551
0.6987486
0.67874956
0.70176864
0.6980535
0.69920534
0.6919298
0.7056814
0.7070736
0.70535296
0.6971553
0.70926136
0.70399797
0.71392405
0.7108568
0.7000961
0.7034942
0.71431106
0.7058269
0.72704816
0.7201675
0.70712817
0.72806823
0.7392716
0.73577493
0.74582636
0.7299041
0.7331027
0.7191346
0.74860984
0.7387122
0.75950956
0.74581057
0.74457127
0.73175466
0.7560315
0.7677214
0.734119
0.7463198
0.7625037
0.7508776
0.7341133
0.74696165
0.7631369
0.74417424
0.7551028
0.73576236
0.7349318
0.72761774
0.7303616
0.7467708
0.74516475
0.742443
0.726889
0.7410466
0.7204225
0.72731006
0.7207682
0.7191469
0.6980895
0.69690555
0.71515465
0.704958
0.70124245
0.69519925
0.69880986
0.6873823
0.69518715
0.69733137
0.6966765
0.688621
0.70016587
0.6885549
0.6752893
0.699495
0.70724326
0.69513845
0.6954155
0.708814
0.6991254
0.687738
0.69188803
0.6993936
0.69780254
0.71207947
0.6952129
0.7010245
0.7147836
0.7100246
0.71548206
0.7064259
0.699736
0.70543826
0.70628893
0.7192534
0.7158946
0.7131869
0.73212445
0.69671494
0.73372775
0.73098844
0.7075706
0.7299906
0.7282822
0.7116717
0.72230417
0.72429067
0.7459584
0.74495226
0.741051
0.7331302
0.73984194
0.76137966
0.738835
0.74955744
0.7436722
0.74312156
0.7407227
0.73332196
0.7516187
0.7373391
0.7368806
0.7434747
0.7381974
0.7150556
0.7342112
0.71961004
0.72769547
0.72160774
0.74135196
0.7209851
0.72473454
0.7100349
0.72059673
0.7043631
0.72219354
0.7026327
0.6998985
0.7136882
0.70879275
0.68401927
0.6954494
0.6957884
0.6912857
0.6831368
0.7011146
0.6861513
0.7133755
0.68354595
0.7021895
0.69641566
0.6981728
0.6972381
0.713277
0.7315286
0.7268765
0.71662676
0.6951363
0.6661999
0.6558586
0.6708343
0.6717034
0.6210753
0.6184553
0.56457835
0.5210415
0.5397781
0.487169
0.47808608
0.43593204
0.4038855
0.3769181
0
0
0
0
0
0
0
0
0
0
0
0
0
0
0
0
0
0
0
0
0
0
0
0
0
0
0
0
0
0
0
0
0
0
0
0
0
0
0
0
0
0
0
0
0
0
0
0
0
0
0
0
0
0
0
0
0
0
0
0
0
0
0
0
0
0
0
0
0
0
0
0
0
0
0
0
0
0
0
0
0
0
0
0
0.72133386
0.737483
0.742919
0.75163513
0.7444571
0.76659405
0.7546812
0.7639051
0.7541669
0.77866215
0.75248027
0.7569503
0.77782583
0.74859697
0.7382139
0.7392724
0.7640515
0.7544927
0.7640063
0.74804664
0.74502426
0.74980175
0.7380251
0.7388756
0.7402136
0.75337017
0.7607288
0.7460271
0.74268335
0.7394415
0.769684
0.74782175
0.7672823
0.7490042
0.7562525
0.7407658
0.74850297
0.7607806
0.76629525
0.74765843
0.77491426
0.7518313
0.76527756
0.75543255
0.7669835
0.76841706
0.76378566
0.7590629
0.7667298
0.7581839
0.75799143
0.76810664
0.75981474
0.774075
0.76912254
0.766484
0.78342617
0.78809285
0.78565323
0.7737142
0.7956333
0.79298407
0.7810093
0.7963774
0.7785567
0.77951914
0.7746395
0.77435267
0.7486283
0.7449532
0.7605543
0.7643249
0.7637222
0.7499523
0.74319136
0.7527144
0.7624901
0.76093125
0.732167
0.7508687
0.7356206
0.743339
0.7405207
0.7482556
0.7401249
0.7183949
0.7575464
0.7323199
0.7496875
0.7457307
0.7399861
0.7423393
0.74944574
0.7470031
0.7351726
0.7431148
0.74995875
0.73692614
0.74559104
0.7434394
0.7518149
0.7545199
0.76512176
0.7587614
0.760432
0.7716545
0.7773717
0.76853573
0.75616014
0.758299
0.7780698
0.7826557
0.8086676
0.78696823
0.79015934
0.78614354
0.7949986
0.7913723
0.78088915
0.7997505
0.7905095
0.77902365
0.77196974
0.76674736
0.7481402
0.7727286
0.77818966
0.7696308
0.78052616
0.7639069
0.75847507
0.76456565
0.7479143
0.7576301
0.7352786
0.7476226
0.73413736
0.7404928
0.73984796
0.7442665
0.7549427
0.75719804
0.75602823
0.7565928
0.7763411
0.74006575
0.74649334
0.7520859
0.7602047
0.7654173
0.7729151
0.75664365
0.78482634
0.77877504
0.7875145
0.78498
0.80387926
0.78487784
0.7837542
0.78509724
0.7968476
0.8026897
0.7871638
0.81132144
0.79199183
0.7912443
0.8017659
0.77701896
0.7822703
0.7887744
0.7698243
0.7836703
0.772369
0.7894382
0.7631652
0.77767825
0.7742158
0.7638466
0.7733685
0.772168
0.748298
0.74994206
0.76625466
0.7454115
0.7613791
0.75569946
0.7371849
0.7666898
0.7631512
0.7577206
0.75898564
0.7427792
0.74080336
0.7622588
0.7557926
0.75034875
0.76940846
0.78882676
0.7722102
0.7956154
0.77837837
0.78541505
0.7867648
0.7987109
0.7905032
0.7985635
0.7971792
0.8077518
0.79861933
0.8034525
0.7863504
0.7794479
0.7890572
0.78707236
0.7588115
0.7780046
0.76729774
0.77384293
0.77423084
0.7531877
0.7636854
0.7551485
0.75441
0.7552835
0.74922484
0.7690866
0.7431377
0.7527394
0.7647918
0.7342351
0.7500566
0.74155253
0.76015645
0.7296792
0.7554164
0.7632629
0.7362531
0.7545124
0.74502397
0.76809067
0.7711324
0.77994525
0.7766223
0.76889616
0.7800934
0.80641115
0.7854439
0.7959737
0.7924424
0.8003965
0.7865178
0.7953376
0.814187
0.8008525
0.8038261
0.79061
0.7815417
0.76875615
0.774828
0.78925604
0.78149104
0.77672815
0.7571494
0.76214236
0.7559151
0.7522361
0.74301153
0.73663944
0.7417162
0.74745613
0.73463136
0.74754256
0.73429275
0.74317575
0.7291327
0.7540048
0.7532058
0.74427986
0.73682326
0.76557475
0.76111966
0.77227914
0.77584994
0.77357984
0.7740501
0.78046274
0.7775837
0.7655837
0.7964222
0.7780316
0.7699085
0.7691953
0.7702851
0.7713872
0.78087854
0.7683344
0.7815945
0.7665625
0.76258385
0.7411207
0.7342341
0.72073895
0.7167495
0.7192938
0.70332927
0.72177845
0.7201687
0.73153996
0.6902617
0.7114548
0.70265806
0.69717616
0.71659094
0.7182322
0.7493468
0.7429764
0.7435915
0.7462861
0.75471056
0.76170135
0.77051514
0.7431032
0.7702589
0.7380488
0.7672255
0.7734342
0.75414926
0.7792642
0.7714233
0.7861
0.76277626
0.7603606
0.7595224
0.79546666
0.7692017
0.76739466
0.73699427
0.7385659
0.72929835
0.72790605
0.7161697
0.7274802
0.72146696
0.6976647
0.74065584
0.71192974
0.67655003
0.7051523
0.71636146
0.70946276
0.698102
0.697488
0.7064564
0.70372236
0.708081
0.7077452
0.7205851
0.71542805
0.7505753
0.7328266
0.75222707
0.725876
0.7667957
0.7412833
0.7757893
0.76467615
0.7613645
0.76634955
0.7996888
0.7152592
0.7403152
0.7418169
0.7262374
0.7437877
0.7279442
0.70971376
0.7110218
0.7075699
0.71742314
0.7047212
0.7119354
0.73315454
0.7251545
0.6796385
0.6985102
0.7148148
0.6995627
0.69547653
0.6841329
0.71120846
0.69986224
0.68794304
0.7164615
0.729096
0.7233918
0.7157547
0.70435303
0.708405
0.7255025
0.7158605
0.7109537
0.7473298
0.75332266
0.7683209
0.75572
0.77715886
0.7384319
0.7639836
0.73183346
0.72514796
0.7459946
0.7489315
0.7302381
0.7456152
0.7654416
0.7256614
0.7379521
0.7157341
0.7211526
0.7092852
0.7276049
0.69766563
0.6813683
0.6925706
0.69779354
0.6981503
0.69196844
0.6854037
0.6937581
0.6958734
0.68167907
0.67947537
0.6822908
0.6890327
0.7041458
0.70514137
0.7007121
0.71590066
0.7297542
0.72291905
0.70413834
0.7362228
0.7317585
0.72343445
0.7149112
0.7141195
0.7319897
0.6939547
0.68329525
0.69879645
0.6980497
0.6860618
0.6870745
0.69150054
0.674594
0.6842858
0.6696562
0.68271387
0.6699017
0.64409107
0.6633203
0.65004164
0.6801748
0.6852303
0.64835376
0.6639808
0.6676816
0.6702515
0.6770975
0.68569297
0.67644596
0.69960755
0.6911771
0.69130784
0.70221126
0.7073124
0.7173065
0.67116475
0.67786163
0.6795059
0.6648694
0.66488236
0.6762534
0.69098234
0.670222
0.6740545
0.68286854
0.6607139
0.64032304
0.6508812
0.65064704
0.64833724
0.6260531
0.63486016
0.6323117
0.64297104
0.61482215
0.6064518
0.6203138
0.6463677
0.6381876
0.61489624
0.63818824
0.6214901
0.61744773
0.6304633
0.6395268
0.6160461
0.6290482
0.63646543
0.6353828
0.63841236
0.6146558
0.6341661
0.6498832
0.6327579
0.6439775
0.63978666
0.6535443
0.62500393
0.6279591
0.62674075
0.6189895
0.62977463
0.6355671
0.6496324
0.64382344
0.6361223
0.640025
0.62000835
0.6317776
0.6237045
0.62844294
0.6374091
0.60810333
0.61823606
0.6163423
0.5899134
0.59562707
0.6004309
0.6080201
0.5996343
0.60006326
0.5923932
0.58101696
0.6031568
0.60485375
0.58475417
0.61075217
0.59088314
0.58168465
0.61330247
0.5918329
0.57604873
0.6406528
0.6246967
0.6120919
0.6211178
0.61871594
0.6336361
0.6218494
0.6181788
0.6362871
0.6140077
0.6049908
0.6365243
0.6301395
0.6332887
0.6440916
0.6630979
0.6387116
0.6271691
0.63698626
0.63815415
0.65509826
0.6535494
0.6583074
0.6564827
0.65939015
0.659978
0.6568442
0.6463713
0.66829
0.6477949
0.6499922
0.6484544
0.6437081
0.66285104
0.6543035
0.6510829
0.65858144
0.64451253
0.6606947
0.6444203
0.67527294
0.6580555
0.646806
0.65635884
0.65426886
0.66091806
0.6488839
0.6513051
0.64801556
0.62647694
0.625133
0.63142496
0.6386549
0.66946596
0.6497607
0.6505376
0.65870196
0.6717373
0.66947836
0.6634901
0.6604751
0.6797724
0.64741033
0.6609508
0.6408242
0.65859324
0.6486958
0.63774866
0.6426341
0.63627243
0.6766814
0.6808758
0.67072225
0.6748201
0.67931837
0.67743236
0.6629962
0.6857687
0.6796878
0.6687523
0.6825052
0.69558626
0.66990036
0.69741577
0.6706749
0.69728994
0.6624093
0.68644285
0.6641238
0.6823067
0.6635264
0.6462611
0.67028016
0.64876395
0.650745
0.6538956
0.645304
0.66092473
0.6459651
0.66239166
0.6584216
0.686429
0.6685886
0.67212224
0.6599773
0.6678014
0.6517388
0.65272653
0.6647031
0.66954917
0.68502754
0.68323296
0.67979944
0.71109694
0.67823946
0.68744904
0.6858189
0.6983398
0.68717074
0.67794365
0.67092884
0.682109
0.6793977
0.691667
0.6794517
0.7081721
0.6775947
0.6732618
0.69201636
0.6714366
0.6819275
0.6770802
0.6690244
0.66242415
0.6522266
0.6607592
0.6913283
0.67957395
0.68227506
0.67064035
0.6848686
0.6650918
0.6766265
0.6640678
0.66513324
0.6835074
0.68172264
0.6901243
0.69726104
0.6814348
0.69771355
0.67206055
0.6452527
0.6483015
0.65035975
0.6730777
0.6759594
0.68199986
0.6892889
0.6613103
0.65802413
0.673977
0.6700582
0.6310505
0.6556215
0.62748146
0.60404885
0.5964516
0.60531473
0.5879247
0.609295
0.6342957
0.6074064
0.6299647
0.6320483
0.6085679
0.6227887
0.6094081
0.6095062
0.61375254
0.6105295
0.5996428
0.6078196
0.61636734
0.6362011
0.588176
0.5960664
0.62567097
0.62420535
0.6142475
0.6260997
0.6217116
0.63155586
0.6027623
0.63001823
0.6328475
0.6362964
0.6116739
0.6274652
0.61955243
0.61000186
0.6170849
0.6302961
0.61285883
0.6065074
0.6070526
0.6058477
0.5978333
0.61462176
0.599068
0.59960496
0.5924342
0.61131287
0.5915547
0.58848214
0.5908963
0.6091913
0.58615816
0.60305506
0.57744896
0.597581
0.5934939
0.5783051
0.5917678
0.58711827
0.58446586
0.59079576
0.59841764
0.5732874
0.5999023
0.59599817
0.5941485
0.5998333
0.59793055
0.6022191
0.6043577
0.6121778
0.57643557
0.5739376
0.5844349
0.5913027
0.5852763
0.59394187
0.5840239
0.58329976
0.5895032
0.59599733
0.5749462
0.58919096
0.5917097
0.59620255
0.5949248
0.58163095
0.5821626
0.5866918
0.58888626
0.566235
0.5898129
0.58826435
0.58968157
0.5857463
0.59799016
0.58968395
0.60615075
0.5858455
0.59936535
0.5938524
0.6109197
0.57605153
0.59102017
0.5726591
0.60086226
0.58167446
0.56794834
0.6016913
0.6198908
0.5945907
0.57340276
0.59942687
0.62091255
0.5897583
0.6005065
0.60791224
0.5943754
0.5785701
0.5690564
0.58073336
0.60815334
0.60243875
0.5977795
0.59676886
0.5928538
0.59384006
0.6124858
0.5850634
0.6012605
0.57187366
0.62753546
0.59542036
0.5792456
0.5873502
0.58864164
0.5830843
0.59424454
0.60259014
0.5969902
0.5908515
0.5855044
0.57546246
0.5970895
0.59750867
0.5851873
0.59080714
0.5881205
0.5931971
0.5996042
0.5981547
0.60817367
0.57773054
0.6021517
0.5837046
0.57153857
0.56596345
0.5762838
0.5848329
0.55521417
0.5882158
0.57482785
0.5572043
0.54939336
0.56426567
0.5457226
0.57607937
0.567949
0.5461551
0.5484649
0.52924436
0.59392256
0.537929
0.58157176
0.55009174
0.5581193
0.5476966
0.5755223
0.5610445
0.55967975
0.55172163
0.5639939
0.52389216
0.5659296
0.5584302
0.5392589
0.5657449
0.56432027
0.5467683
0.5606718
0.56023204
0.57846195
0.5452602
0.55891544
0.5742484
0.53508174
0.54792273
0.55804217
0.56071955
0.5324969
0.56165975
0.5627839
0.5184862
0.5449682
0.55741614
0.5677278
0.5374438
0.5208434
0.5392997
0.54809195
0.5402924
0.52482325
0.5454983
0.5260892
0.5341125
0.561059
0.5198726
0.55846584
0.584264
0.5395347
0.5541015
0.56965286
0.5584068
0.58985674
0.54842603
0.5475911
0.5673634
0.5892355
0.5629317
0.56812125
0.5779466
0.57107925
0.5639002
0.55172956
0.5770677
0.57255614
0.56883746
0.5444244
0.55376613
0.5576438
0.5729935
0.5611463
0.56232107
0.54577565
0.56155723
0.57214975
0.5550836
0.5446059
0.53539544
0.55233234
0.55246496
0.5564922
0.5484205
0.5331375
0.52533495
0.53071254
0.53492814
0.53679645
0.5459844
0.5380583
0.5415484
0.5478587
0.54564023
0.5413229
0.53056246
0.53154945
0.53501797
0.5508657
0.5465462
0.52897716
0.5306948
0.54549366
0.5404103
0.5358421
0.5187898
0.53978777
0.5313781
0.5234249
0.5113466
0.511074
0.53001577
0.53207165
0.5409458
0.51707685
0.53118396
