10000
0
0
0.8800468
0.88213
0.8850074
0.87012935
0.87504596
0.8693163
0.8608632
0.83651227
0.8165944
0.8017554
0.8035272
0.8004244
0.7953575
0.80976903
0.8049533
0.77686405
0.73421323
0.7137127
0.72869635
0.7264201
0.7350163
0.77615726
0.789402
0.81553835
0.8292895
0.85132736
0.83067095
0.83082
0.8560801
0.8255437
0.8203585
0.7947744
0.8065946
0.8358387
0.8457993
0.813647
0.8456422
0.8214321
0.8261798
0.82268906
0.811663
0.81108814
0.7701419
0.7849718
0.7741919
0.8057748
0.85008097
0.8473827
0.8354443
0.8211999
0.8258268
0.8512034
0.8561052
0.86280066
0.86784846
0.84942985
0.8483803
0.83350897
0.8231357
0.8414248
0.8166159
0.8143913
0.78021085
0.79457635
0.79256785
0.79427314
0.7824599
0.8119259
0.83280015
0.838778
0.83130854
0.8399362
0.8047977
0.84042865
0.87011707
0.86925876
0.85539347
0.8399974
0.83224565
0.8518979
0.8313511
0.83498037
0.8057112
0.8220531
0.82485974
0.7801417
0.7860466
0.7653435
0.7867679
0.8082852
0.82746243
0.8438008
0.8571317
0.82797194
0.78872937
0.8587329
0.83522666
0.79503816
0.77767754
0.78271675
0.76363176
0.7153204
0.6803162
0.63002807
0.6428457
0.59961504
0.52430755
0.5834392
0.615248
0.5784183
0.53895754
0.5047516
0.4661131
0.44899747
0.44697025
0.5050031
0.54736733
0.6452855
0.6450509
0.6187979
0.6002904
0.5462377
0.5689989
0.5647863
0.5630679
0.5646522
0.58821064
0.57372606
0.5381407
0.50098383
0.47169724
0.46707582
0.4143493
0.3802324
0.3840622
0.39533564
0.40273434
0
0
0
0
0
0
0
0
0
0
0
0
0
0
0
0
0
0
0
0
0
0
0
0
0
0
0
0
0
0
0
0
0
0
0
0
0
0
0
0
0
0
0
0
0
0
0
0
0
0
0
0
0
0
0
0
0
0
0
0
0
0
0
0
0
0
0
0
0
0
0
0
0
0.7649872
0.74365765
0.7214704
0.7366621
0.7558542
0.7549447
0.776551
0.7992273
0.794305
0.76269937
0.7634394
0.77011544
0.75315595
0.74224514
0.7632939
0.7667573
0.79348904
0.8021631
0.81004983
0.8006082
0.82749164
0.80236536
0.8220516
0.7823428
0.7617476
0.7604452
0.7755435
0.7826181
0.7839417
0.800939
0.79266995
0.8022241
0.786898
0.7613578
0.78376746
0.7880731
0.7966982
0.764766
0.7634834
0.77509266
0.77070266
0.7677185
0.76428425
0.7688074
0.77972895
0.7954351
0.7561743
0.770853
0.7744367
0.7986142
0.7818647
0.79554534
0.7787884
0.7656642
0.75245553
0.7686865
0.75014836
0.7682025
0.7705753
0.763778
0.7743474
0.7885704
0.78798497
0.73798025
0.7549428
0.7603158
0.7630192
0.7809067
0.7848989
0.782845
0.76499903
0.7808316
0.77718496
0.7897663
0.8082547
0.8015476
0.80340654
0.77536905
0.7845271
0.7794675
0.76757556
0.76424086
0.7573414
0.7626248
0.78269047
0.7941544
0.7844646
0.7790441
0.7691092
0.7516258
0.7636387
0.7750563
0.77317554
0.7736934
0.78285444
0.8003677
0.8223186
0.8052471
0.80164003
0.7793715
0.7759401
0.7747106
0.79627997
0.7974567
0.78337955
0.7894461
0.7686326
0.7804786
0.7788954
0.7990991
0.77553123
0.7710494
0.767983
0.7958913
0.7902942
0.7860894
0.7953538
0.77541023
0.78014505
0.7837252
0.7949486
0.7878018
0.75582105
0.7402665
0.7363191
0.7382451
0.7459041
0.74089676
0.74439985
0.75019
0.739168
0.74737024
0.7425667
0.7550058
0.7705216
0.76642096
0.7541901
0.77314895
0.75956213
0.74669397
0.76572704
0.7523008
0.7537087
0.75300145
0.75911546
0.75652385
0.7277591
0.7283349
0.739442
0.76509076
0.77187586
0.78313583
0.7696621
0.76954854
0.7647577
0.76334876
0.77543485
0.7570672
0.7419878
0.7297671
0.7596742
0.76474065
0.7690294
0.7676602
0.7716814
0.76628464
0.77307093
0.7747705
0.7802065
0.7577481
0.7454146
0.76978296
0.80924135
0.76874125
0.78206223
0.7527501
0.7615328
0.7577936
0.7703003
0.7660766
0.76390684
0.74923545
0.74944514
0.7626693
0.7868574
0.793024
0.7727579
0.76539123
0.7663699
0.7729606
0.8009523
0.78260785
0.76524025
0.7196556
0.7452612
0.75413054
0.75631845
0.7510376
0.75772965
0.74233395
0.7549434
0.7563218
0.7745956
0.7476142
0.74683005
0.74339277
0.7597481
0.783539
0.7862001
0.7989434
0.78029567
0.78591317
0.78824866
0.77851236
0.76296914
0.7509086
0.74335396
0.75470877
0.76933455
0.75684303
0.7558044
0.76106864
0.7619125
0.7659105
0.78036803
0.7788896
0.7601065
0.75472707
0.73799944
0.76322013
0.80254966
0.7835998
0.77709824
0.7754831
0.7836096
0.7876847
0.7915011
0.75687313
0.74662435
0.74237055
0.75183856
0.7731489
0.7725416
0.75244546
0.76849854
0.755235
0.75098556
0.76072305
0.76407987
0.7444742
0.7480801
0.76670504
0.7513005
0.77052695
0.7908489
0.76154184
0.78435683
0.74735177
0.75379544
0.7469641
0.75401765
0.75637454
0.7419399
0.7328952
0.76710975
0.78235126
0.8016018
0.77318555
0.76628274
0.7665069
0.76318455
0.75254357
0.7613401
0.7449997
0.7495096
0.72846663
0.7398582
0.7593271
0.77558064
0.74935836
0.7732857
0.7354372
0.7625089
0.7486635
0.7294945
0.72459537
0.7096098
0.6946164
0.73430866
0.74800813
0.758352
0.7460677
0.74315834
0.76941484
0.7734857
0.7708713
0.76363343
0.76097536
0.76585025
0.75863934
0.7709852
0.80897385
0.78712994
0.77562904
0.7878948
0.80789167
0.78830826
0.7940524
0.77830005
0.78217494
0.74468637
0.720584
0.7394354
0.770717
0.7381343
0.7441287
0.756409
0.7480771
0.73824435
0.7314009
0.7303575
0.714789
0.72332084
0.7178063
0.72531396
0.7261448
0.7356295
0.74332494
0.71196896
0.7309199
0.7242979
0.73736584
0.74412197
0.7409666
0.72637486
0.7049977
0.75206095
0.7534273
0.7580947
0.75991774
0.75549066
0.74321616
0.7742106
0.7570824
0.7460543
0.7232767
0.7255836
0.72264856
0.72884303
0.7228965
0.7262354
0.72656167
0.7429364
0.7430366
0.73625576
0.72304714
0.70435727
0.6934533
0.6716235
0.7128219
0.73130846
0.7391508
0.74489
0.74623215
0.76801425
0.7692502
0.76396346
0.76667213
0.7462909
0.7473174
0.7366745
0.7552846
0.7741449
0.7828001
0.8005126
0.76485586
0.75569886
0.72336084
0.72857404
0.7192636
0.6817406
0.6888068
0.7109347
0.7323873
0.72796434
0.742435
0.7501259
0.748313
0.73884976
0.75436276
0.76228124
0.74789214
0.7513876
0.7271632
0.7518009
0.76787806
0.76482904
0.78414506
0.77415353
0.75670564
0.75356895
0.7782091
0.7864586
0.7786229
0.7563705
0.7403902
0.7392949
0.7730257
0.7695561
0.7637424
0.7531197
0.74103045
0.7454406
0.7436424
0.7550619
0.7579848
0.7168827
0.7000919
0.7115807
0.7446074
0.7726996
0.7965146
0.7730159
0.7810133
0.7613449
0.761395
0.79782206
0.7598114
0.73218536
0.71874005
0.746433
0.7868454
0.7541774
0.76723576
0.7455287
0.7431784
0.7557237
0.7731983
0.772546
0.7336887
0.74652994
0.74558616
0.80003613
0.7811094
0.8062432
0.79430246
0.78131276
0.7663292
0.77289295
0.78435373
0.7826598
0.76090354
0.7566914
0.7403205
0.7801408
0.7736492
0.7719341
0.7618405
0.7711806
0.7666026
0.7592243
0.7744416
0.77400917
0.7546156
0.7335373
0.75605917
0.798368
0.83397484
0.8235378
0.8135856
0.80872345
0.8086981
0.82198626
0.8043929
0.7801776
0.77106714
0.7559293
0.79143685
0.78934765
0.7778219
0.7510609
0.75236136
0.76183426
0.77283776
0.787425
0.80700225
0.80157167
0.76611525
0.75713694
0.80154425
0.82648057
0.83557564
0.8240174
0.80785036
0.80626124
0.8155844
0.8217767
0.785457
0.7785053
0.77068466
0.8097451
0.80747825
0.79695
0.7868743
0.7767952
0.7731828
0.7898674
0.79429364
0.80308264
0.7921919
0.8000333
0.79508716
0.83736855
0.8469771
0.84090394
0.83796734
0.83578265
0.83649963
0.8464248
0.8297244
0.8123631
0.8083139
0.7867931
0.7927163
0.78971356
0.7866378
0.75180143
0.7554156
0.7783768
0.7849728
0.7931178
0.8017497
0.7755476
0.76670784
0.79712856
0.8320943
0.821596
0.8120658
0.81639683
0.8219213
0.83224475
0.83410126
0.83829075
0.8179501
0.7856137
0.7745595
0.81770897
0.78274816
0.78876317
0.8047859
0.7926626
0.78812194
0.7813978
0.8047284
0.8083032
0.8025708
0.80926496
0.78798175
0.8061114
0.83187664
0.8367466
0.8148778
0.8064094
0.8093095
0.81421465
0.8437505
0.84117943
0.8062636
0.7962423
0.7772218
0.77895504
0.77154124
0.7650065
0.7640558
0.78282696
0.79148304
0.7799137
0.77903163
0.78078693
0.76058173
0.7465763
0.7664745
0.8022726
0.8122863
0.7872813
0.79700315
0.7946824
0.8040582
0.8343465
0.81367147
0.7789558
0.7805237
0.8087379
0.8302449
0.8103855
0.8083492
0.7860967
0.8017758
0.8059394
0.7999698
0.79821336
0.81284404
0.81190395
0.8064515
0.8050118
0.80022323
0.83618236
0.8404255
0.82837385
0.8089641
0.8138557
0.8233556
0.81876254
0.808075
0.78185844
0.78685445
0.7698013
0.77677137
0.7861249
0.80479455
0.79096574
0.7995691
0.8052287
0.8058245
0.81379277
0.8183208
0.8162458
0.7990481
0.79565626
0.8069785
0.82661456
0.83736205
0.82866526
0.83059764
0.83835435
0.8347951
0.8178265
0.8049706
0.79408705
0.796734
0.848963
0.8163973
0.8359781
0.81335276
0.82225084
0.8128158
0.8329872
0.8408007
0.8356125
0.8170132
0.82030624
0.80230737
0.79526716
0.8057869
0.812827
0.8096366
0.792689
0.81771207
0.81587756
0.79318655
0.80465907
0.79474103
0.840719
0.7996174
0.8287167
0.80929196
0.7868511
0.77251333
0.7558172
0.7610906
0.7895069
0.80623657
0.81212574
0.79729146
0.79131496
0.7940245
0.79233825
0.8115592
0.810397
0.7968949
0.78835773
0.78320056
0.77835107
0.79016596
0.78709763
0.7653855
0.73291606
0.76453125
0.7715907
0.72429836
0.739029
0.7480196
0.7513003
0.7514925
0.76418406
0.74472904
0.7755431
0.7724293
0.7373229
0.71724224
0.69820476
0.7302692
0.6793902
0.7139037
0.7213295
0.72901803
0.7360921
0.7304354
0.7348134
0.73014164
0.75207955
0.75388145
0.772938
0.7610605
0.7836623
0.76988465
0.77310866
0.771104
0.7266303
0.7120271
0.69644105
0.7368937
0.7278659
0.743127
0.7365873
0.7456991
0.7537028
0.7480121
0.7397653
0.71733797
0.71121895
0.747453
0.7373386
0.730583
0.73023236
0.7562842
0.7592978
0.7563504
0.72222334
0.7149394
0.7387033
0.7498108
0.7864987
0.79656124
0.8057835
0.7945161
0.7916035
0.77350837
0.7934962
0.7677962
0.793682
0.81182766
0.74623454
0.76059043
0.7333912
0.72899723
0.71113247
0.7275524
0.737998
0.72074604
0.6947808
0.7140977
0.7202185
0.7377568
0.71932036
0.72668517
0.73248816
0.7482896
0.71289337
0.6911672
0.6784377
0.69852084
0.7189388
0.7208462
0.7478578
0.7539198
0.7367275
0.74975497
0.7599516
0.755227
0.7440043
0.7148807
0.6653875
0.7143083
0.76317436
0.74190575
0.7500433
0.73354334
0.735861
0.74097455
0.72252184
0.7398152
0.7447639
0.7490629
0.69690233
0.7378221
0.7378565
0.7483179
0.76001936
0.75069904
0.73587626
0.7165423
0.68885726
0.6966578
0.7246087
0.74255604
0.7588488
0.77878046
0.76638156
0.771661
0.7814069
0.7660315
0.7505037
0.75072646
0.74095106
0.7318141
0.7071632
0.7364915
0.7327112
0.7589949
0.7489958
0.7544859
0.74144
0.71426284
0.7141622
0.6886638
0.68707234
0.7027166
0.75985795
0.7548596
0.7661039
0.74355775
0.73203856
0.7119116
0.7155221
0.70660144
0.71799755
0.69725114
0.6929693
0.6882054
0.7131087
0.7289279
0.7201122
0.7182573
0.71301085
0.70163035
0.6932159
0.6945826
0.6997823
0.6856426
0.7103453
0.7025316
0.70943195
0.7250599
0.6878138
0.675815
0.6793532
0.69738746
0.7000321
0.71171165
0.7341105
0.7437899
0.7432735
0.6976388
0.7278532
0.7192276
0.71426326
0.7046989
0.7042236
0.7299395
0.74934775
0.7778038
0.74625665
0.7020391
0.65314424
0.6599595
0.6719312
0.6892547
0.7235924
0.7462174
0.7590979
0.7722681
0.78201586
0.8081132
0.8081334
0.80275816
0.8024373
0.7962677
0.74171877
0.71892875
0.7410008
0.7265097
0.707585
0.72557354
0.7279485
0.73114157
0.8093898
0.79378235
0.7742303
0.76810986
0.76521826
0.7462075
0.7220054
0.72285753
0.71766126
0.73617226
0.73043513
0.7622843
0.7883745
0.76667523
0.7629358
0.7360574
0.6851492
0.69356185
0.67240626
0.6763388
0.680294
0.690647
0.67895305
0.7034591
0.7257987
0.73654675
0.7502845
0.7355789
0.7293267
0.74338496
0.7302332
0.7127423
0.72508454
0.7144348
0.76087993
0.77858347
0.765532
0.74907476
0.73738426
0.7225402
0.67905766
0.69284034
0.6625692
0.6337434
0.6397933
0.65774566
0.6795333
0.6848739
0.7091823
0.69572794
0.7091047
0.71535695
0.7433177
0.71560097
0.70704293
0.68593633
0.7127911
0.7245659
0.733154
0.73591363
0.7132586
0.67341363
0.6716886
0.6764444
0.6872314
0.63543224
0.573868
0.5934797
0.58986026
0.62202173
0.62583035
0.68154293
0.6677965
0.64721876
0.6761609
0.70760167
0.70884293
0.6896992
0.66324526
0.6651665
0.67564785
0.6928434
0.7220925
0.69626796
0.6753308
0.68068045
0.66818523
0.6321241
0.6403685
0.62976176
0.5959238
0.5726361
0.56679755
0.59681964
0.61192936
0.66507316
0.704932
0.68243754
0.6879341
0.7144103
0.7122303
0.69345033
0.65143806
0.6539935
0.6924794
0.7154028
0.71249694
0.6945599
0.7007474
0.6744014
0.6612912
0.64782256
0.67983043
0.6415223
0.6067744
0.57236147
0.62985533
0.63699096
0.65805274
0.6751582
0.6763531
0.6582161
0.6687851
0.73533887
0.72278625
0.7065751
0.6544759
0.6957519
0.7223643
0.72948253
0.75415266
0.7416746
0.6816573
0.6380983
0.6374776
0.67043614
0.66370964
0.6099294
0.6222993
0.63925683
0.6530423
0.6676105
0.679359
0.6420278
0.64389586
0.6304872
0.731018
0.72423685
0.7284491
0.7260016
0.7165834
0.71860147
0.7207889
0.72356087
0.70455235
0.69276416
0.6188368
0.62944883
0.6407924
0.66204906
0.6303224
0.6174314
0.63260335
0.6501069
0.6969217
0.68553513
0.6389745
0.6307556
0.6455668
0.6900185
0.6950679
0.66942656
0.67391634
0.6750151
0.69034994
0.6902956
0.72269964
0.69393796
0.6472535
0.60687643
0.58835053
0.5802369
0.60793626
0.5911839
0.5445887
0.54554445
0.5772516
0.586779
0.6050709
0.6350079
0.61168915
0.60279775
0.6145793
0.6238684
0.63322693
0.6426329
0.6452213
0.6400332
0.6294103
0.67399776
0.6924034
0.7392136
0.7304534
0.6907209
0.6234247
0.58713895
0.57023656
0.6148522
0.6136257
0.60540223
0.6126233
0.6480861
0.6600597
0.6755377
0.6675408
0.64749634
0.63677114
0.65204865
0.6594596
0.6612454
0.71815556
0.70533365
0.70558363
0.72458535
0.744515
0.74785584
0.73745066
0.6675473
0.61601305
0.5486657
0.53992397
0.59120333
0.5897702
0.587768
0.5842342
0.614704
0.6349443
0.6571665
0.636981
0.61439383
0.60575885
0.68858904
0.70649016
0.7148219
0.7417561
0.7247816
0.68722045
0.69650054
0.71213746
0.73499066
0.7070538
0.63579404
0.5925809
0.57149136
0.5874168
0.61533666
0.61910814
0.61934423
0.6565009
0.6585069
0.61234534
0.5884466
0.5831413
0.598065
0.59519005
0.6492429
0.69880205
0.7352033
0.75534016
0.7386943
0.7244563
0.7035807
0.67905146
0.6354796
0.59466696
0.57315797
0.60282856
0.572326
0.58642477
0.59443825
0.62971026
0.63422495
0.65914905
0.62614495
0.6100389
0.61383456
0.647645
0.62236416
0.659595
0.66792864
0.6714192
0.6623989
0.6660157
0.6924697
0.6779135
0.6559935
0.6065713
0.6202376
0.6165575
0.64814824
0.66427094
0.6640367
0.64653367
0.6820452
0.7090251
0.7087236
0.70461667
0.7014885
0.6937019
0.6866351
0.7086738
0.7294532
0.7170252
0.70276886
0.73016727
0.73671114
0.74541837
0.69554996
0.6874247
0.716183
0.72673535
0.71216893
0.70745194
0.6906691
0.6637132
0.69325364
0.734637
0.76408565
0.78141737
0.74077827
0.7061401
0.69855326
0.7159322
0.70936495
0.7142828
0.7055483
0.71312624
0.722247
0.71439743
0.7177559
0.6958119
0.6486793
0.62808675
0.6294037
0.6251498
0.64529335
0.6645671
0.66691846
0.67061377
0.6739095
0.6727122
0.69155824
0.65649086
0.6246109
0.6171045
0.619708
0.61593556
0.63859713
0.6200757
0.587001
0.5838174
0.64568686
0.6576291
0.6323375
0.6514049
0.6275727
0.61226946
0.6642824
0.66236156
0.6755074
0.66657126
0.6494673
0.6571017
0.6701452
0.65243244
0.6457467
0.63850474
0.66687787
0.6530472
0.69048315
0.6951286
0.6319699
0.60180205
0.63673043
0.6421605
0.6545809
0.6600995
0.6680689
0.6612664
0.66666347
0.660083
0.6708242
0.651637
0.6520243
0.6237736
0.65086645
0.65605855
0.6753777
0.69573975
0.6619908
0.62456197
0.64801884
0.66813475
0.66277814
0.66328794
0.62883466
0.64280134
0.68105555
0.6894883
0.7265048
0.73068184
0.70118403
0.6790577
0.65353805
0.7009529
0.6568844
0.68522644
0.6679322
0.67360157
0.7125984
0.7120469
0.74056375
0.72529095
0.68574625
0.7060051
0.7134075
0.72333455
0.71289283
0.6921807
0.67940086
0.69246095
0.712025
0.75700104
0.7398155
0.751231
0.7198914
0.72950184
0.71829915
0.66129684
0.6770708
0.6917624
0.7032178
0.69576067
0.72651047
0.74214786
0.75320584
0.6910944
0.7113973
0.7308267
0.73327214
0.75240016
0.7620482
0.71890825
0.69977504
0.7178783
0.7504897
0.7623644
0.7600977
0.73178875
0.7233257
0.7047451
0.6908803
0.6760758
0.70821136
0.72188294
0.74510396
0.7323733
0.7315358
0.707741
0.6698835
0.7103623
0.6957035
0.71191686
0.7326407
0.7508554
0.7028098
0.6918757
0.7066894
0.71275514
0.7392512
0.713127
0.71633893
0.6974523
0.6832362
0.69047487
0.7139949
0.73713344
0.736989
0.7172465
0.707925
0.70386076
0.65924114
0.68485975
0.71494716
0.69226205
0.703772
0.737973
0.7285636
0.7028214
0.72064227
0.69733596
0.73476493
0.7586412
0.7395463
0.6988091
0.70291215
0.6880496
0.647696
0.6943649
0.69191563
0.7061288
0.70416534
0.68240297
0.6314022
0.64110225
0.7101297
0.72267413
0.723813
0.7458826
0.75185645
0.72447747
0.6799465
0.68301684
0.6800206
0.7148273
0.7446971
0.7345882
0.7067973
0.7039364
0.67171115
0.7047062
0.74842316
0.71828914
0.7273811
0.72635347
0.6741664
0.647542
0.69386494
0.74782836
0.73491055
0.75694984
0.76394284
0.7177189
0.6887227
0.6874258
0.67279816
0.6679454
0.71391404
0.70479304
0.69666743
0.72420657
0.7054031
0.6725617
0.66283906
0.7189669
0.73808604
0.6906984
0.66756135
0.65515906
0.69449615
0.72233385
0.73210156
0.741951
0.74420136
0.73294747
0.6960785
0.67297846
0.66349626
0.6688877
0.6745908
0.6838847
0.6825281
0.6970867
0.69616765
0.6900147
0.6548724
0.69841754
0.70893186
0.6851491
0.6725933
0.63322306
0.61014587
0.6556271
0.6772299
0.7045273
0.7127937
0.7134241
0.6955478
0.6803683
0.67457134
0.6570597
0.65002507
0.66194314
0.68467987
0.70451057
0.6759809
0.658741
0.6358592
0.63210166
0.69254124
0.6832402
0.69642425
0.6487665
0.6240867
0.6223091
0.649543
0.70007664
0.71432304
0.71972394
0.713695
0.72163373
0.70466524
0.6892434
0.68057084
0.67276406
0.6877985
0.7081657
0.6992526
0.7219176
0.6937719
0.7081462
0.6683867
0.67379934
0.709329
0.68896127
0.67807597
0.6522788
0.6683777
0.65637034
0.69852793
0.72136027
0.7255864
0.7386779
0.73222876
0.7197752
0.7045932
0.69941175
0.6945412
0.69783044
0.6995058
0.72194827
0.7183852
0.7007198
0.6985898
0.6952969
0.6662181
0.67526406
0.6709181
0.66804135
0.6364587
0.6669987
0.71519744
0.7334448
0.7584411
0.74672234
0.72991925
0.71770924
0.70819885
0.70389247
0.7029746
0.68957925
0.6920887
0.70902485
0.73702425
0.7205349
0.731525
0.7306055
0.71387714
0.69232285
0.6709723
0.65421534
0.6407741
0.6750975
0.6711555
0.70414096
0.7269549
0.7310069
0.7532376
0.71071696
0.7276841
0.6888523
0.6781548
0.66432476
0.662851
0.6786055
0.69009316
0.7062491
0.7204415
0.73890746
0.73883414
0.7063874
0.666982
0.64445126
0.64681077
0.66652864
0.68211704
0.705582
0.7334493
0.72081536
0.73955053
0.75387454
0.71327174
0.705151
0.7039845
0.7167301
0.69954777
0.70853764
0.6921522
0.70167476
0.72146225
0.72347724
0.70412624
0.7215255
0.710362
0.6866633
0.6737407
0.6367496
0.6509989
0.6697238
0.6675148
0.69210446
0.71234757
0.7321513
0.73535943
0.7123568
0.71229017
0.71525604
0.6944114
0.70936674
0.69917023
0.6929688
0.69112885
0.698613
0.7094124
0.71346533
0.68779874
0.69925755
0.67937446
0.64974856
0.6224196
0.60096526
0.61078566
0.6393739
0.65245545
0.67241764
0.6817176
0.7153489
0.7146479
0.7166537
0.7031853
0.6953301
0.67968386
0.67628556
0.6819934
0.70275277
0.6889415
0.69900846
0.69041973
0.6772852
0.6473097
0.6512519
0.63661623
0.6219327
0.6154732
0.6216441
0.61135346
0.59771454
0.6005599
0.6444164
0.6529445
0.6997446
0.6833248
0.6997897
0.7018664
0.67965907
0.66793966
0.67010736
0.66212726
0.66177154
0.66883403
0.67952
0.6595615
0.5922113
0.57757324
0.56696564
0.54285586
0.56925714
0.59026283
0.6131767
0.612669
0.59481347
0.59224087
0.5653005
0.59624493
0.6332109
0.6542235
0.7198682
0.7205221
0.72433954
0.7377813
0.7464998
0.7446976
0.7030485
0.71520233
0.70385784
0.7128308
0.72221863
0.70933294
0.69894665
0.72365195
0.76541287
0.76593465
0.76613885
0.75605685
0.7656515
0.7645298
0.73354554
0.728727
0.7226357
0.73590046
0.75791484
0.7631822
0.7506942
0.738075
0.7330762
0.68405753
0.68462735
0.66691965
0.68391466
0.6898175
0.677272
0.6518935
0.6426732
0.6503021
0.65124726
0.6450455
0.6764313
0.68993807
0.71616125
0.6996719
0.7191173
0.75493574
0.71768147
0.69670534
0.6782246
0.67758477
0.671508
0.6603862
0.6547765
0.6359314
0.6454424
0.6524694
0.6696579
0.7149683
0.7289952
0.7310216
0.6956219
0.66644675
0.6221308
0.5695165
0.58706665
0.5657497
0.56068575
0.5646403
0.5556563
0.5641237
0.54681873
0.5618613
0.575785
0.58305234
0.5873766
0.57951283
0.6330816
0.6222728
0.5857398
0.55365527
0.5178082
0.5058073
0.5340943
0.5573403
0.56463647
0.57607365
0.56658673
0.5172771
0.49143186
0.47291663
0.5132916
0.541258
0.50454473
0.4771197
0.4385325
0.46169975
0.5551714
0.57773715
0.60542893
0.60989964
0.613699
0.59820575
0.5994357
0.60993534
0.5801082
0.5380718
0.53236383
0.5734801
0.6180671
0.6591938
0.63368857
0.57755256
0.52450925
0.48272803
0.5763728
0.5938329
0.564938
0.5342276
0.5426314
0.55064243
0.57364374
0.5821211
0.59414786
0.6144339
0.6192298
0.60652417
0.6042201
0.60922503
0.5870075
0.5638355
0.5548841
0.5543791
0.5602318
0.5819648
0.54991114
0.51208323
0.4868347
0.44315997
0.52238184
0.5920885
0.61809576
0.6055127
0.54106474
0.5350224
0.54081494
0.5751093
0.5575013
0.57013273
0.5556087
0.5497615
0.64845103
0.71692437
0.6753129
0.6336528
0.6123646
0.5915987
0.5905241
0.6546186
0.6330383
0.6531639
0.57757044
0.5376639
0.56103367
0.62355876
0.6047385
0.554746
0.5185463
0.53195983
0.55785275
0.5939579
0.6123421
0.5654693
0.5419455
0.56717324
0.66948116
0.67582285
0.57515925
0.5607426
0.5427099
0.5683623
0.63443774
0.66755617
0.6616631
0.6421865
0.57171685
0.53657943
0.60375667
0.6294836
0.5726631
0.54954785
0.53286153
0.58480465
0.6107987
0.612796
0.6186016
0.57336986
0.58604485
0.5960253
0.69696426
0.68746006
0.60193676
0.56478393
0.55579215
0.546966
0.5583638
0.6223156
0.6561051
0.5917457
0.5855603
0.57259697
0.52341926
0.5176565
0.6036261
0.60811347
0.59339505
0.53485143
0.52394813
0.5302202
0.54757553
0.58168817
0.66183406
0.6625164
0.6233925
0.57259274
0.6166733
0.67099524
0.6804623
0.6327926
0.613109
0.57456756
0.5369858
0.57233965
0.62053096
0.60922176
0.62275267
0.5890805
0.60162735
0.57287925
0.53581655
0.5311356
0.48779458
0.55288225
0.60752153
0.5715668
0.54876465
0.53759164
0.545835
0.5380784
0.53913736
0.5905205
0.63522816
0.6354499
0.6228566
0.5715594
0.56887114
0.64480793
0.68187726
0.63527375
0.6233821
0.64008963
0.6218367
0.6335134
0.62842065
0.6236478
0.6402428
0.6575679
0.6451658
0.64151984
0.6143695
0.60051763
0.6070523
0.61085224
0.59145147
0.57629937
0.56177473
0.5810349
0.63132083
0.6522607
0.6430302
0.6498853
0.6341269
0.6594921
0.68492013
0.6984265
0.6628889
0.66204125
0.6565535
0.6580585
0.6749534
0.6947004
0.6981135
0.7096536
0.69314134
0.72754395
0.7338175
0.69526625
0.69794315
0.69114727
0.6864645
0.6676142
0.6992753
0.6619139
0.7045726
0.7188777
0.7066545
0.7166671
0.73452413
0.72328913
0.7465629
0.74693936
0.74112874
0.7170079
0.7210968
0.7371532
0.7339952
0.7585322
0.7522136
0.7326862
0.7203973
0.711069
0.690653
0.6946128
0.70887655
0.72325253
0.7624703
0.7800267
0.7542018
0.7687187
0.756727
0.76830924
0.758182
0.7248338
0.72767943
0.7331366
0.7184552
0.723146
0.7160115
0.7203887
0.733704
0.73321277
0.6872407
0.67723686
0.6533157
0.64685965
0.6337604
0.6541956
0.66781116
0.68963087
0.70890576
0.7234756
0.72487456
0.7111473
0.7124531
0.7146844
0.7060417
0.7014683
0.6884574
0.6791249
0.6959021
0.7217618
0.73060924
0.7131436
0.74106747
0.722867
0.691321
0.6969131
0.712681
0.70761764
0.6911857
0.68373036
0.7009471
0.7301299
0.73233426
0.76875186
0.75128496
0.76241076
0.7645176
0.7535774
0.7684601
0.7635728
0.7488442
0.730316
0.7251872
0.72130513
0.73374736
0.77126175
0.7929899
0.81294954
0.7555248
0.761156
0.78777575
0.7831369
0.75675833
0.7574098
0.7741168
0.7943321
0.8066423
0.7940333
0.7593014
0.74260485
0.7640075
0.7366757
0.73874015
0.7154935
0.71230686
0.72893125
0.73794776
0.71029454
0.7731505
0.798503
0.81334686
0.7744722
0.7361764
0.73650765
0.75621593
0.734414
0.72553587
0.7299614
0.75155824
0.8004919
0.8260985
0.7983628
0.7444271
0.7561515
0.7660526
0.7992423
0.7871182
0.7590095
0.7270983
0.73698103
0.69988036
0.70158553
0.7209257
0.7472511
0.76613367
0.73596483
0.7404938
0.76543623
0.7478184
0.7317632
0.69307256
0.7158147
0.7406673
0.76228803
0.78215843
0.747451
0.7081224
0.71111363
0.7481813
0.7987416
0.7880325
0.7540236
0.7559666
0.7298753
0.7431727
0.7430403
0.7693108
0.80640465
0.7770129
0.7539757
0.74326193
0.74543357
0.70838475
0.6968004
0.72602254
0.7476848
0.76794904
0.80492246
0.8015756
0.7914142
0.77557456
0.82437944
0.83738714
0.8191384
0.7922588
0.78009784
0.7753749
0.80203503
0.78542167
0.826318
0.82988274
0.8094308
0.75358266
0.76964676
0.75863785
0.71315724
0.71412045
0.7173878
0.7478405
0.7810193
0.78553224
0.73644024
0.71384645
0.72790813
0.8357379
0.82099205
0.7850594
0.77179134
0.76605856
0.7546025
0.77509266
0.7946144
0.7842659
0.7986153
0.7661381
0.7578602
0.7178966
0.7107886
0.7160431
0.72518176
0.6774958
0.7040366
0.7113376
0.70729154
0.67299074
0.6823286
0.7144101
0.7490545
0.72892255
0.7244013
0.72481424
0.7321007
0.72546554
0.7057658
0.75331366
0.7763424
0.7558367
0.78480315
0.7352602
0.73396236
0.7354654
0.7249752
0.72660327
0.68775964
0.7068737
0.7348169
0.70933753
0.68625015
0.68789613
0.7213939
0.8084669
0.8161062
0.8192083
0.81579053
0.80591166
0.798553
0.78774023
0.7779202
0.79202586
0.76073533
0.77894336
0.744012
0.7400035
0.7825319
0.76931
0.7515616
0.76986575
0.7629168
0.74872166
0.77952564
0.7724799
0.74154115
0.7317638
0.7359994
0.7625364
0.81306505
0.8437492
0.8312484
0.8126454
0.81285334
0.81209975
0.8043434
0.79320806
0.7805169
0.7907243
0.7991681
0.7624711
0.74221146
0.7604675
0.7418221
0.74017745
0.74639654
0.7414874
0.7374216
0.7302897
0.7304178
0.7056134
0.7049011
0.7061298
0.78335226
0.811193
0.81878954
0.81050706
0.8057561
0.8059811
0.8083026
0.7928813
0.8040721
0.81982887
0.7832386
0.72792625
0.75227755
0.7596874
0.76035714
0.72797054
0.7324786
0.7113862
0.7057215
0.7026049
0.6846577
0.6682582
0.7012021
0.7544183
0.78398347
0.78948134
0.79291457
0.79221636
0.79402584
0.7982279
0.8155837
0.80128574
0.7802987
0.7792925
0.7566147
0.6977144
0.71406704
0.7630942
0.7615003
0.77204347
0.7691592
0.72410685
0.73796177
0.7424529
0.67765635
0.6588282
0.72319615
0.72929144
0.7883776
0.7823897
0.77338034
0.75518924
0.7558209
0.7631709
0.77054787
0.7742908
0.77202576
0.7669892
0.74530876
0.6592535
0.69246846
0.74687016
0.7132231
0.7451279
0.7473242
0.73058826
0.7206445
0.7332132
0.6920674
0.6918305
0.7174065
0.762159
0.78352547
0.7923877
0.76835907
0.78344446
0.7719452
0.78181183
0.75617343
0.7598865
0.76303244
0.75173485
0.70461285
0.6793589
0.74375373
0.7256559
0.74535614
0.74299765
0.73644865
0.7289896
0.74927235
0.6940052
0.6883375
0.7417529
0.75551426
0.78651977
0.78922015
0.7942115
0.79261273
0.81405646
0.81090933
0.79030114
0.7675886
0.77249986
0.7733449
0.75680566
0.7092474
0.7355831
0.7449519
0.7472108
0.76638156
0.74093395
0.74477357
0.74425226
0.7229955
0.6875391
0.6652938
0.69762206
0.72200644
0.7278327
0.7066649
0.67786956
0.70078564
0.69022256
0.71366304
0.6958634
0.6633875
0.67850155
0.6817436
0.66221577
0.58834696
0.6386763
0.67182773
0.66561633
0.6635455
0.6682012
0.6442014
0.6221116
0.57667553
0.5612498
0.62585676
0.66623217
0.7058488
0.7609417
0.7511001
0.7200251
0.7558738
0.768528
0.7257058
0.73105127
0.70051426
0.6914177
0.6820529
0.63068527
0.61312544
0.62933093
0.63260937
0.63720495
0.5945224
0.58855045
0.591057
0.61531705
0.6555055
0.6287337
0.669714
0.69180155
0.70930433
0.7006209
0.69396937
0.7040891
0.6823483
0.66841954
0.65053916
0.64725906
0.6574635
0.6447144
0.64433867
0.6038041
0.6051038
0.666621
0.6724508
0.714839
0.7105972
0.69995964
0.70247203
0.6859455
0.6493777
0.65833884
0.69353586
0.7028929
0.72635823
0.7196789
0.73151475
0.78138036
0.7764954
0.77392834
0.784116
0.76459706
0.7331071
0.73625964
0.7226801
0.6582548
0.6704547
0.6501808
0.6925563
0.70779276
0.69971156
0.7063948
0.68983984
0.66458553
0.67875683
0.6371753
0.6643723
0.71955436
0.74452746
0.75485945
0.734075
0.7448558
0.7679243
0.7732338
0.7746552
0.76379955
0.7542555
0.75360036
0.7379679
0.7404892
0.72258615
0.71035707
0.6910612
0.7060224
0.74004143
0.7297691
0.7340157
0.7383316
0.7253002
0.72691685
0.7180882
0.7041358
0.6955828
0.6868482
0.68434757
0.71484154
0.70647246
0.7290066
0.705472
0.6816541
0.667256
0.68460596
0.6794823
0.6735496
0.6605979
0.65074676
0.64487904
0.66455823
0.6668431
0.66603595
0.7168806
0.68765473
0.69274735
0.6756686
0.6938174
0.70745385
0.72331333
0.70729816
0.6765425
0.6760619
0.6775595
0.639916
0.60113317
0.63047785
0.66260487
0.66393584
0.666078
0.64895624
0.62507725
0.6507509
0.6866982
0.6689531
0.6738844
0.6887629
0.6784819
0.6812698
0.6967719
0.7031148
0.73303604
0.70697683
0.6442606
0.6395043
0.6283984
0.6503323
0.6577136
0.6484469
0.6145124
0.61512655
0.58329326
0.56560606
0.5734641
0.5461861
0.552894
0.59489334
0.593018
0.5748269
0.5063771
0.4901853
0.5472434
0.60156965
0.62290204
0.5931307
0.57240796
0.5980257
0.60302085
0.6075902
0.63690567
0.6058764
0.5024537
0.47554
0.4892165
0.60429823
0.6099888
0.5985388
0.58733225
0.590503
0.5530999
0.57017064
0.57218826
0.62938166
0.61106586
0.5789084
0.5657195
0.57567364
0.58178276
0.5430281
0.54358083
0.5379594
0.57041687
0.61777395
0.6342247
0.6156406
0.65388274
0.6296634
0.56875116
0.5048103
0.48281774
0.54523826
0.5809739
0.5329476
0.50773895
0.46908277
0.45882273
0.47245127
0.4885134
0.49027982
0.47676894
0.45629156
0.46707094
0.4107757
0.36139113
0.3798838
0.37586898
0.38972628
0.39922306
0.39937708
0.41918242
0.39929712
0.40694445
0.40570152
0.397411
0.4081954
0.40622157
0.41669935
0.4121248
0.38916865
0.38340458
0.39195424
0.38207245
0.3667943
0.38539514
0.37968507
0.37367925
0.3893172
0.38258648
0.36558726
0.3879368
0.38783225
0.38867077
0.3757166
0.39784122
0.3807141
0.37001595
0
0
0
0
0
0
0
0
0
0
0
0
0
0
0
0
0
0
0
0
0
0
0
0
0
0
0
0
0
0
0
0
0
0
0
0
0
0
0
0
