10000
1.0
0.98896015
0.99027544
0.9785126
0.9863711
0.9817014
0.9925628
0.9846652
0.9896921
0.98680586
0.99418
0.9961421
1.0062524
0.9880231
1.0023773
0.98491657
0.9989575
0.9921981
0.9924751
1.0179583
0.99282455
1.0039682
1.0036438
1.007482
1.0039096
1.0138558
1.0013189
1.0107604
1.0089575
1.0036073
1.0099423
1.001374
0.99415493
1.0034288
0.9880387
1.0020229
0.9881214
0.99183685
0.9906088
0.98474914
0.9787531
0.9737558
0.9739475
0.9741827
0.9629242
0.9412019
0.9141467
0.8963652
0.8795476
0.88865757
0.855178
0.86635363
0.86883736
0.87442267
0.864333
0.8527867
0.84932154
0.8616308
0.8570128
0.89230156
0.912732
0.9215425
0.92008346
0.91947114
0.93048275
0.8881964
0.838877
0.78812283
0.78632843
0.7443453
0.7129837
0.6918422
0.6843985
0.6785585
0.6974122
0.70947975
0.6940047
0.6564671
0.6564369
0.609053
0.5666645
0.5429185
0.5528063
0.56041706
0.55000716
0.55852115
0.550178
0.55266726
0.551069
0.5440059
0.54009444
0.5587805
0.5560184
0.55796206
0.55298406
0.5668985
0.5621012
0
0
0
0
0
0
0
0
0
0
0
0
0
0
0
0
0
0
0
0
0
0
0
0
0
0
0
0
0
0
0
0
0
0
0
0
0
0
0
0
0
0
0
0
0
0
0
0
0
0
0
0
0
0
0
0
0
0
0
0
0
0
0
0
0
0
0
0
0
0
0
0
0
0
0
0
0
0
0
0
0
0
0
0
0
0
0
0
0
0
0
0
0
0
0
0
0
0
0
0
0
0
0
0
0
0
0
0
0
0
0
0
0
0
0
0
0
0
0
0
0
0
0
0
0
0
0
0
0
0
0
0
0
0
0
0
0
0
0
0
0
0
0
0
0
0
0
0
0
0
0
0
0
0
0
0
0
0
0
0
0.82639956
0.845108
0.83219254
0.83358896
0.84103453
0.8502243
0.8432607
0.8448864
0.84113294
0.84680635
0.8521319
0.85217696
0.85206413
0.84447956
0.8490161
0.85009116
0.8486619
0.8487606
0.843995
0.8468506
0.8417824
0.8391896
0.8403984
0.8475564
0.8409393
0.8443967
0.84510803
0.52623516
0.53022045
0.5410223
0.52667737
0.5227061
0.5114333
0.48608646
0.45806682
0.46156174
0.45522738
0.47052425
0.47774467
0.4842464
0.48148346
0.47217026
0.4386149
0.4540309
0.44752064
0.44904536
0.4515196
0.4714313
0.46415326
0.49338782
0.49539798
0.48737136
0.51394457
0.5202993
0.5144488
0.5121454
0.5181576
0.5147128
0.48400185
0.47605756
0.4618462
0.4732471
0.48199037
0.49840355
0.48480466
0.49462476
0.50703424
0.5042236
0.49963823
0.4744045
0.4726529
0.48427844
0.47866708
0.48620617
0.45163676
0.43434444
0.45593512
0.47234502
0.47611627
0.47105107
0.45811424
0.47984087
0.49163863
0.49917758
0.49697173
0.49332052
0.4789335
0.49172586
0.52936965
0.5224612
0.5320195
0.5164007
0.55445486
0.5298075
0.5483351
0.54152924
0.5413564
0.54001516
0.5564713
0.5587988
0.56835544
0.5639427
0.55937946
0.5464428
0.54115945
0.54262775
0.5450686
0.5341029
0.54031247
0.53674906
0.5225069
0.54320407
0.52431643
0.5083434
0.507717
0.5110016
0.53084105
0.50279236
0.49756524
0.5343419
0.51763046
0.53578
0.5342114
0.5427718
0.5457882
0.5424995
0.54516125
0.5402126
0.52554005
0.53253025
0
0.79200125
0.4139796
0.4353189
0.41272536
0.40507665
0.4103337
0
0.72253597
0
0.71228373
0
0.7412508
0.4072807
0.41230652
0.40625545
0.40592366
0.4106594
0.40855837
0.41828492
0.43882287
0.43137595
0.4281312
0
0.77828115
0.42960322
0.41048983
0.41813388
0.4222559
0.40617877
0
0.81408817
0
0
0
0
0
0
0
0
0
0
0
0
0
0
0
0
0
0
0
0
0
0
0
0
0
0
0
0
0
0
0
0
0
0
0
0
0
0
0
0
0
0
0
0
0
0
0
0
0
0
0
0
0
0
0
0
0
0
0
0
0
0
0
0
0
0
0
0
0
0
0
0
0
0
0
0
0
0
0
0
0
0
0
0
0
0
0
0
0
0
0
0
0
0
0
0
0
0
0
0
0
0
0
0
0
0
0
0
0
0
0.75088245
0
0.82711357
0.41032368
0.43919718
0.41572893
0.4313438
0.42826918
0.41765997
0.42238528
0.4367238
0.4433142
0.4462692
0.4539792
0.4775957
0.4928161
0.48710054
0.49113432
0.49932542
0.48363197
0.4841172
0.44883975
0.47449732
0.50974005
0.48842558
0.51572114
0.51307845
0.4866429
0.4786607
0.4754374
0.4679681
0.49363658
0.5158886
0.52186847
0.5176283
0.5176415
0.51562136
0.52215785
0.5380052
0.5262802
0.52614474
0.5361064
0.5417501
0.53147167
0.5499087
0.53283685
0.5478609
0.5237136
0.516977
0.50709736
0.5188956
0.5065054
0.4962285
0.4629371
0.46934557
0.4466979
0.4121864
0.43631974
0.46593198
0.48906866
0.5441262
0.5632921
0.54342324
0.5123208
0.53000414
0.5126518
0.5172797
0.51981276
0.5181489
0.5145672
0.50726134
0.4838416
0.4614716
0.4565399
0.43784258
0.44177544
0.43537578
0.44430587
0.43487775
0.43526345
0.42576486
0.42625278
0.42710447
0.4489878
0.4567782
0.4778255
0.47881168
0.49183837
0.49331716
0.49264523
0.5113159
0.53875095
0.5738635
0.59504867
0.58577234
0.60507905
0.62531936
0.63981324
0.6331587
0.6143361
0.60074604
0.58524925
0.5304172
0.456751
0.462574
0
0
0
0
0
0
0
0
0
0
0
0
0
0
0
0
0
0
0
0
0
0
0
0
0
0
0
0
0
0
0
0
0
0
0
0
0
0
0
0
0
0
0.60972774
0.48780692
0.52793527
0.52027726
0.5061584
0.5184592
0.51874524
0.51540405
0.5260046
0.52967155
0.52377796
0.53707355
0.537165
0.53456753
0.5524502
0.56962454
0.55226207
0.5604499
0.5794761
0.57913405
0.58442444
0.57158726
0.58533883
0.57017356
0.58502513
0.5509066
0.5637346
0.5532254
0.5445552
0.55107045
0.5162938
0.52046186
0.50505716
0.45689604
0.45121446
0.4453213
0.43164012
0.43799114
0.4552092
0.45829338
0.44749427
0.45577002
0.44778135
0.44522008
0.43349162
0.4409246
0.4375936
0.47521544
0.4840134
0.47789103
0.4712682
0.47840798
0.47050908
0.46564597
0.46921006
0.4923093
0.49523333
0.4926191
0.51120317
0.50723124
0.51684034
0.51638114
0.52185017
0.54389095
0.5470541
0.56168723
0.5682521
0.5795085
0.5949771
0.6116749
0.6219914
0.613883
0.6165567
0.6199574
0.6133939
0.6168486
0.6194393
0.6060843
0.60073674
0.5964122
0.59334415
0.60137886
0.5955788
0.5923089
0.56899846
0.57621557
0.57624626
0.56252885
0.5316868
0
0
0
0
0
0
0
0
0
0
0
0
0
0
0
0
0
0
0
0
0
0
0
0
0
0
0
0
0
0
0
0
0
0
0
0
0
0
0
0
0
0
0
0
0
0
0
0
0
0
0
0
0
0
0
0
0
0
0
0
0
0
0
0
0
0
0
0
0
0
0
0
0
0
0
0
0
0
0
0
0
0
0
0
0
0
0
0
0
0
0
0
0
0
0
0
0
0
0
0
0
0
0
0
0
0
0
0
0
0
0
0
0
0
0
0
0
0
0
0
0
0
0
0
0
0
0
0
0
0
0
0
0
0
0
0
0
0
0
0
0
0
0
0
0
0
0
0
0
0
0
0
0
0
0
0
0
0
0
0
0
0
0
0
0
0
0
0
0
0
0
0
0
0
0
0
0
0
0
0
0
0
0
0
0
0
0
0
0
0
0
0
0
0
0
0
0
0
0
0
0
0
0
0
0
0
0
0
0
0
0
0
0
0
0
0
0
0
0
0
0
0
0
0
0
0
0
0
0
0
0
0
0
0
0
0
0
0
0
0
0
0.74996936
0.47557402
0.4365706
0.4618231
0.53175604
0.53515136
0.53869563
0.528474
0.5696165
0.5647185
0.592499
0.58704036
0.5933726
0.54299974
0.5590005
0.57984
0.58823
0.6200627
0.639993
0.62343943
0.59506345
0.57448155
0.6164897
0.53117466
0.456368
0.4708423
0.4731869
0
0.67510325
0
0.65651006
0
0.66392446
0
0.67316985
0
0.6684331
0
0.6442108
0
0.66315717
0
0.63447726
0
0.63282776
0
0.64927906
0
0.6268352
0
0.5823424
0
0
0
0
0
0
0.5755179
0
0.57188797
0
0
0
0
0
0
0
0.5654023
0
0
0.5669765
0
0.5959734
0
0.59107596
0
0.58343476
0
0.60695463
0
0.60956806
0
0.6179158
0
0.62832755
0
0.6224516
0
0.6268317
0
0.6131498
0
0.6119679
0
0.62835443
0
0.6190424
0
0.612474
0
0.59670293
0
0.56870353
0
0.59838736
0
0.5995352
0
0.61072505
0
0.59697753
0
0.60585773
0
0.6053171
0
0.5960091
0
0.5939527
0
0.5535053
0
0.57885474
0
0.6326948
0.40797585
0.4094735
0
0.55693936
0
0
0
0
0
0
0
0
0
0.5519008
0.4191577
0
0.56929487
0
0.56111723
0
0.5665205
0
0.5714511
0
0.57426846
0
0.5846078
0
0.6210269
0
0.65341735
0
0.65217805
0
0.6707783
0
0.68355346
0
0.6883169
0
0.7019032
0
0.69034964
0
0.6882735
0
0.6708904
0
0.6385518
0
0.62397695
0
0.6408675
0
0.63548017
0
0.66232014
0
0.63503
0
0.6179922
0
0.60849833
0
0.6000292
0
0.58397454
0
0.5878096
0
0.59593844
0
0.5989895
0
0.5906012
0
0.5780963
0
0.5893329
0
0.59200937
0
0.59300506
0
0.607952
0
0.6315011
0.41441694
0
0.6287724
0
0.6411001
0
0.64106905
0
0.65278
0
0.663315
0
0.6334723
0
0.60021585
0
0.58018875
0
0.557794
0
0.53573877
0
0.54689157
0
0.5572262
0.4197883
0
0.5279582
0
0
0.5305521
0
0.54463565
0
0.6163164
0
0.5540308
0.5845336
0.5614675
0.5677393
0.55317825
0.5457606
0.5411827
0.559445
0.578357
0.5813463
0.5842434
0.60308564
0.62217516
0.61918074
0.6472225
0.648666
0.6548355
0.6576765
0.6586243
0.6638441
0.67337686
0.6643667
0.66689473
0.6661997
0.6743157
0.67452973
0.6767368
0.67664135
0.6811182
0.677515
0.67928284
0.6726228
0.6701601
0.6777156
0.6769158
0.6959462
0.6886271
0.6775079
0.7036699
0.6766096
0.6951243
0.6802174
0.7021175
0.70397884
0.70576954
0.68831384
0.68278486
0.6851857
0.673627
0.6811887
0.6765739
0.68065906
0.6697933
0.67944604
0.66931593
0.67734826
0.6638354
0.6597219
0.6619681
0.6572901
0.65006804
0.6757479
0.68550694
0.6981177
0.69867057
0.70018613
0.6836754
0.70238197
0.67983675
0.695818
0.70013404
0.69018674
0.6931413
0.71052015
0.68751144
0.69548494
0.69296455
0.69006723
0.69557977
0.68256456
0.6815924
0.677907
0.6951365
0.6942476
0.69907266
0.6893118
0.69258016
0.7066933
0.7077349
0.7114972
0.7119966
0.71048003
0.7204716
0.71843934
0.71699315
0.71309566
0.72316575
0.71507263
0.7264197
0.71544206
0.7120712
0.71138185
0.70946336
0.71807283
0.7091974
0.7262672
0.7139034
0.7308578
0.7143586
0.72220916
0.68481207
0.68328047
0.6918347
0.68508
0.69017375
0.679419
0.67533153
0.6746508
0.67125416
0.6839266
0.6838499
0.67393446
0.6471556
0.6606472
0.6368818
0.6420682
0.63135046
0.62421966
0.6404669
0.6191345
0.6225479
0.6555391
0.66614133
0.66532433
0.66349703
0.6737147
0.67001337
0.6653621
0.67470706
0.68109494
0.68353486
0.7052302
0.70617175
0.70701945
0.7109216
0.7008317
0.6997197
0.68697494
0.68985236
0.65929097
0.65675426
0.66693646
0.69309574
0.6858346
0.7127425
0.71779877
0.7167071
0.69400364
0.7042395
0.6959533
0.6948222
0.6967542
0.70338553
0.7005707
0.65273017
0.6431132
0.653349
0.63198054
0.6347039
0.63092947
0.6284014
0.6341322
0.6306705
0.63570815
0.64747524
0.6504398
0.6811749
0.704039
0.7238451
0.70317763
0.7097066
0.70881283
0.72484237
0.70955765
0.69720465
0.70976114
0.70324314
0.7428487
0.74954253
0.7388262
0.7451475
0.7327715
0.74264073
0.7283129
0.7231599
0.7274266
0.70919776
0.7142206
0.7160402
0.7192611
0.7315629
0.6711823
0.66680044
0.65551275
0.65090513
0.65317553
0.6598741
0.67215776
0.6921337
0.7155159
0.6846676
0.6762608
0.66357327
0.6777905
0.6908964
0.6789401
0.6594029
0.6786808
0.6873042
0.7083559
0.7414407
0.7236296
0.71744907
0.7087616
0.68844247
0.6448694
0.6139126
0.59035057
0.5971952
0.60267
0.5971152
0.6110393
0.630685
0.63632905
0.6612862
0.68005073
0.64806855
0.5981016
0.5977416
0.6149272
0.62149185
0.60987824
0.60317594
0.6080075
0.6082048
0.63208926
0.65036404
0.6447612
0.6571323
0.67273766
0.6696373
0.64351064
0.6493901
0.64606994
0.63435453
0.6437956
0.6573942
0.6454608
0.6575492
0.6620041
0.66929084
0.67096776
0.6887399
0.69310236
0.6980198
0.70225847
0.6952118
0.67078364
0.6565128
0.6253243
0.61404145
0.60993075
0.60887915
0.5996376
0.6170366
0.6161704
0.61543
0.6121339
0.6068471
0.62111676
0.6307401
0.6222645
0.60354656
0.6040808
0.5933381
0.582569
0.45217428
0.4529413
0.45165834
0.44725785
0.45470726
0.45373878
0.4607566
0.44863638
0.45925134
0.45260483
0.45889574
0.45198703
0.45572996
0.4453738
0.42775002
0
0
0
0
0
0
0
0
0
0
0
0
0
0
0
0
0
0
0
0
0
0
0
0
0
0
0
0
0
0
0
0
0
0
0
0
0
0
0
0
0
0
0
0
0
0
0
0
0
0
0.5782223
0.42493182
0.4354025
0.4365361
0.4417797
0.44293448
0.42813522
0.44799396
0.44404703
0.4458336
0.4451283
0.4513753
0.4436105
0.45224774
0.4510769
0.45160815
0.45357025
0.46611688
0.4621075
0.46788645
0.45414633
0.46723107
0.45350486
0.46783152
0.45711458
0.46817553
0.46026227
0.47122672
0.4595076
0.46850556
0.458254
0.46807435
0.45675454
0.46359748
0.46064514
0.4736635
0.4569545
0.45877776
0.4501833
0.45520943
0.45025763
0.45920873
0.4538233
0.46167457
0.4615443
0.4651183
0.45647475
0.4557942
0.457583
0.4623846
0.46877265
0.4661592
0.4673891
0.470961
0.46162122
0.46419856
0.46213308
0.46675754
0.46329075
0.46449402
0.4484544
0.45178533
0.4468958
0.45408872
0.45696652
0.4608545
0.4574224
0.45641345
0.4521307
0.4574839
0.45406756
0.46058318
0.45826882
0.46102932
0.45852882
0.4630318
0.45031035
0.4657566
0.4632964
0.46496722
0.46107164
0.46351847
0.4634707
0.464028
0.45614293
0.46120745
0.45985857
0.46086413
0.4578505
0.46198425
0.4620759
0.4616192
0.46555334
0.45417738
0.4525071
0.44641325
0.46208394
0.45002916
0.4460272
0.4367857
0.43954852
0.44300768
0.43971813
0.44159558
0.44206017
0.43633735
0.4449934
0.43992865
0.44816428
0.43641716
0.4554758
0.4448174
0.44887304
0.4467519
0.44799447
0.4430461
0.44884437
0.43849364
0.4407399
0.42942896
0.4368572
0.43796498
0.42921117
0.43549567
0.43529326
0.43620595
0.43044996
0.4416518
0.44283718
0.44470412
0.4598131
0.45488733
0.45285344
0.44820115
0.45892292
0.46438625
0.46096033
0.46722502
0.47739565
0.47017372
0.45645398
0.45325422
0.45569548
0.4500184
0.45560902
0.44986483
0.4564073
0.46343595
0.45903903
0.45636067
0.46264708
0.46240324
0.46123296
0.47470525
0.4684789
0.47471717
0.46086428
0.4637175
0.46341127
0.4528131
0.45259115
0.45873487
0.44417566
0.4538331
0.45370096
0.4636953
0.46185753
0.46414077
0.46852314
0.4757461
0.4739481
0.47695968
0.47745082
0.46802896
0.46692637
0.47063932
0.467379
0.47288954
0.46535045
0.46957994
0.47108305
0.4667414
0.46381772
0.45414436
0.46069914
0.44421282
0.4553131
0.46378082
0.46018037
0.46067682
0.45694414
0.45526353
0.4657836
0.4708145
0.47224116
0.47799113
0.47663555
0.4593476
0.47345558
0.4697634
0.48264885
0.46898696
0.4794036
0.47074547
0.4631872
0.4708473
0.46416688
0.46421736
0.4750736
0.46938345
0.45531803
0.45477885
0.45733166
0.4607184
0.47005033
0.45898655
0.46248537
0.48990592
0.4557591
0.4707472
0.46249983
0.45708618
0.45888406
0.4772755
0.46853933
0.475881
0.47874752
0.47117695
0.48552382
0.49137017
0.4890201
0.46032104
0.45615676
0.45386562
0.4706794
0.45408884
0.45934525
0.62281275
0.6263739
0.60296714
0.60538614
0.5952997
0.5826661
0.57596105
0.56809604
0.58087784
0.59111917
0.5787945
0.5731083
0.58078563
0.58105963
0.5860302
0.5796373
0.588469
0.5966594
0.5817231
0.6041312
0.5853193
0.5765961
0.5832555
0.56786335
0.57810926
0.57021546
0.5637532
0.5603584
0.5528473
0.5514768
0.5531528
0.5506532
0.5469794
0.5551117
0.54404104
0.55150855
0.5518158
0.55170274
0.54910624
0.5661908
0.560088
0.57074815
0.55784076
0.55992293
0.5537967
0.5593469
0.56767166
0.55016387
0.5743433
0.5581039
0.5638433
0.5700931
0.5706033
0.5862051
0.574365
0.5693552
0.57717526
0.5586795
0.5762355
0.5641698
0.57389045
0.5589058
0.5773614
0.5658925
0.56708336
0.56367135
0.5627705
0.5628277
0.5785388
0.5873647
0.5854384
0.5805573
0.59204894
0.5817398
0.5825381
0.5846023
0.5898215
0.5814312
0.58749247
0.5884081
0.59079
0.5889531
0.5979005
0.583609
0.59134674
0.588334
0.5889557
0.59662926
0.595992
0.5949549
0.5952532
0.58485156
0.58746296
0.5813834
0.5797448
0.5819016
0.5885396
0.5886823
0.59013456
0.5935516
0.5880612
0.60125417
0.5915919
0.589619
0.5944024
0.5929581
0.58511686
0.6026553
0.59643185
0.5872732
0.59442645
0.5857081
0.59662765
0.5918141
0.59360343
0.5918691
0.59682363
0.5993737
0.59002656
0.58910686
0.5898189
0.5868809
0.6014604
0.60060716
0.5947072
0.5944599
0.5975289
0.5928808
0.5956243
0.58296967
0.58642393
0.58768094
0.58431715
0.5914209
0.58664393
0.5975855
0.57948864
0.5882219
0.59742504
0.5940388
0.5876589
0.5914004
0.5977608
0.59214306
0.59175473
0.582209
0.5961221
0.5842894
0.5922126
0.59630525
0.59336835
0.59274715
0.5952979
0.588167
0.59291214
0.5940939
0.5889315
0.6052098
0.59620434
0.58979154
0.5975234
0.5802973
0.596854
0.5842886
0.5911666
0.6035167
0.5905548
0.60154295
0.591739
0.6019377
0.59268934
0
0.7111346
0
0.6982165
0
0.6983971
0
0.6930711
0
0.7075659
0
0.7143886
0
0.7181737
0
0.7365929
0
0.7165822
0
0.7171813
0
0.7009824
0
0.714251
0
0.7195693
0
0.7042141
0
0.71253765
0
0.70274
0.4044824
0
0.7378782
0
0.7379904
0
0.75271267
0
0.73105884
0
0.7424988
0
0.7544458
0
0.7247031
0
0.70124435
0
0.760604
0
0.7487775
0
0.76020557
0
0.73752356
0
0.73660684
0
0.725361
0
0.7002125
0
0.69271404
0
0.685395
0
0.6627766
0
0.685271
0
0.7065191
0
0.6823105
0
0
0
0
0
0
0
0
0
0
0
0
0.54846555
0
0
0
0
0
0
0
0.54458296
0
0.5544362
0
0.56757236
0.46183774
0.57696533
0.6032932
0.5930645
0.6193754
0.6252422
0.637816
0.6478303
0.64058816
0.6462716
0.62949306
0.6193963
0.61278284
0.60100996
0.6058908
0.6003701
0.5951995
0.5894646
0.6066167
0.6016334
0.61563694
0.6061736
0.6049855
0.60909855
0.60018295
0.58582175
0.58160275
0.57356745
0.57089883
0.5695691
0.5481337
0.53475106
0.53374875
0.55958605
0.54007506
0.543292
0.53725034
0.553455
0.56727177
0.54371357
0.55399376
0.5583703
0.55172575
0.5601769
0.56844056
0.560545
0.5754101
0.5882746
0.5709452
0.5720468
0.5696322
0.5925464
0.59389925
0.60227513
0.5948163
0.6003986
0.6016111
0.596914
0.6032972
0.6060891
0.61493605
0.6201753
0.6180538
0.62207806
0.6157639
0.63138276
0.62083244
0.62649435
0.6263762
0.62589854
0.6237477
0.6265356
0.631163
0.62853277
0.6273552
0.62362796
0.61733234
0.6150248
0.61622167
0.61536586
0.61473614
0.61056525
0.6117335
0.60648566
0.6152491
0.6079348
0.61348385
0.61428744
0.6162023
0.61538774
0.6212649
0.61954796
0.62373704
0.6223716
0.624935
0.61836445
0.629758
0.6266719
0.62868994
0.6293103
0.63111496
0.6229221
0.63181984
0.63212043
0.63441044
0.6343284
0.63030064
0.633577
0.6365557
0.63446015
0.64505595
0.64597493
0.64390475
0.64562124
0.652214
0.64737886
0.6496316
0.6409779
0.6445168
0.64796656
0.6490769
0.6461075
0.65511286
0.6504695
0.6528905
0.6432396
0.6400583
0.64474535
0.6475783
0.6449908
0.65431327
0.651123
0.65084356
0.65261805
0.65245837
0.6548619
0.6577955
0.64880013
0.65448225
0.65695745
0.6579861
0.66385674
0.64821523
0.65287185
0.65252733
0.6418967
0.64540154
0.6360658
0.6386382
0.6475528
0.6470608
0.6529923
0.6408982
0.6415015
0.644102
0.6509148
0.6531371
0.65938145
0.6560401
0.65601957
0.6630216
0.66201437
0.6637832
0.66610324
0.66197276
0.6587625
0.6611599
0.65986013
0.66253644
0.6625163
0.6546
0.66153836
0.65413296
0.67004627
0.6550126
0.6610026
0.66359746
0.6647606
0.664021
0.6600075
0.6601609
0.660144
0.65644175
0.66253644
0.6555283
0.6603151
0.6592837
0.6571197
0.66416687
0.6633282
0.6618988
0.6517738
0.65282226
0.64916617
0.6575569
0.65450704
0.65763557
0.654805
0.6546515
0.6496778
0.6527011
0.6515563
0.649498
0.65538377
0.6523679
0.6576583
0.65063465
0.6580769
0.6574457
0.65768164
0.6599579
0.661089
0.6623777
0.6637198
0.65951276
0.6642197
0.66700083
0.66268605
0.6689534
0.6707963
0.69646543
0.7136267
0.723258
0.7191737
0.72680414
0.717791
0.7155731
0.70079166
0.7119036
0.7060333
0.71867627
0.7030744
0.7091175
0.69846606
0.7123774
0.69964755
0.7304078
0.7006239
0.71173745
0.70571864
0.7091746
0.71100307
0.71633357
0.7095288
0.7357787
0.71747595
0.7280352
0.726026
0.725065
0.7338172
0.7360247
0.7389477
0.72788984
0.73793846
0.7197445
0.7254515
0.73012793
0.72677296
0.7190964
0.72283417
0.7207602
0.7266376
0.7352162
0.72908545
0.7337806
0.7251518
0.73934406
0.7195854
0.72713596
0.7204112
0.7311937
0.7198588
0.7261545
0.7215991
0.7260506
0.720806
0.72559696
0.72095126
0.71865654
0.72153145
0.72489333
0.7116234
0.72292405
0.71452147
0.7238765
0.7182519
0.7294948
0.71401894
0.7099048
0.7144181
0.7211878
0.7239784
0.7079613
0.7168352
0.7002428
0.7170863
0.7009327
0.70609164
0.69251287
0.7139529
0.6896213
0.6959157
0.69207394
0.7110536
0.700414
0.72471535
0.7048514
0.68253523
0.682601
0.6669784
0.65937763
0.64586
0.6452862
0.63664496
0.6313221
0.61637354
0.5990411
0.58528686
0.5846262
0.5763304
0.5631675
0.55505973
0.56755894
0.5598365
0.57399106
0.5604753
0.53922594
0.5573362
0.54552346
0.55833936
0.555525
0.5632836
0.568966
0.56514806
0.5653854
0.567704
0.56855595
0.56276035
0.5660811
0.5633502
0.56922746
0.5674734
0.57148397
0.5639525
0.577611
0.5710585
0.5721832
0.5858667
0.5721788
0.5810666
0.5723365
0.5804161
0.5702449
0.57209444
0.5748977
0.567152
0.57346475
0.5727786
0.5748446
0.575678
0.56977236
0.57623094
0.57671744
0.58202845
0.57901406
0.57935184
0.57548493
0.5718396
0.58149797
0.5794042
0.5771208
0.57929045
0.5802837
0.5738352
0.57876045
0.5732281
0.5795954
0.5788121
0.57498616
0.57278514
0.57794213
0.5735282
0.576967
0.57417125
0.57571304
0.5735826
0.57136375
0.5700491
0.5723376
0.57305324
0.57015324
0.57247555
0.56712395
0.57216
0.5700118
0.5758088
0.5651892
0.5741295
0.56692314
0.56464887
0.566879
0.5646758
0.56871796
0.56705654
0.5678253
0.58009857
0.599735
0.60541344
0.60116005
0.6085759
0.6117521
0.61144114
0.6066098
0.60339534
0.5974755
0.5867821
0.5921912
0.60139805
0.5922461
0.5996178
0.60576653
0.6093415
0.60383064
0.60409975
0.595752
0.6024163
0.74027336
0.7408414
0.74836135
0.7304226
0.7189659
0.7129476
0.7089559
0.70927083
0.7114353
0.6999665
0.6968446
0.6940193
0.69215226
0.6897037
0.68268794
0.6857249
0.68342733
0.6866149
0.68221825
0.68249154
0.6779028
0.67868954
0.68355536
0.6774776
0.67969495
0.68632275
0.6803499
0.68544596
0.6792261
0.68133724
0.68112147
0.68106794
0.67535216
0.68034065
0.67576873
0.6779407
0.6777034
0.6798343
0.68151253
0.67967135
0.6747891
0.678053
0.6774949
0.67662054
0.6773512
0.6840605
0.5628285
0.56622154
0.57450104
0.5803792
0.57496387
0.5708968
0.5852039
0.59166795
0.58858097
0.59797174
0.57896966
0.59369874
0.5844848
0.6079557
0.587605
0.60809827
0.58426785
0.6048468
0.5890574
0.5994243
0.5904852
0.6043133
0.59219277
0.60837907
0.59633034
0.6064323
0.5984831
0.59150034
0.61615336
0.5915079
0.6075
0.58371615
0.6150197
0.5839871
0.6116424
0.58592993
0.61040395
0.5864233
0.612088
0.5875854
0.61449075
0.58755344
0.6134298
0.5874784
0.6157198
0.5850644
0.6166707
0.58603877
0.6137724
0.58587575
0.6134167
0.5852966
0.6178104
0.582183
0.61930716
0.58233494
0.6178223
0.58189446
0.6001476
0.6033348
0.6129056
0.6075204
0.60263145
0.6138577
0.59463674
0.6165564
0.5992862
0.61106116
0.60392547
0.6152772
0.60011035
0.6174831
0.5995775
0.6142303
0.6037997
0.6182641
0.6035541
0.6199954
0.6014015
0.6083638
0.5930355
0.6096391
0.5912654
0.60566974
0.58627754
0.61413467
0.5873391
0.6081987
0.5867439
0.6157764
0.5891145
0.6075184
0.59105474
0.61576205
0.59034103
0.61520857
0.5979344
0.61147475
0.5979709
0.60533065
0.60118496
0.60582656
0.60720396
0.6169031
0.6040269
0.61084664
0.6000938
0.60482764
0.60000885
0.60760564
0.59911644
0.6068563
0.60198176
0.6064873
0.6030469
0.604782
0.60331523
0.6017947
0.6038792
0.6022952
0.59703785
0.60239285
0.60465235
0.6013603
0.6002976
0.59875
0.5965116
0.5964701
0.5981118
0.59792125
0.5972726
0.5977857
0.59585226
0.5958857
0.59720945
0.5924507
0.59837663
0.5970578
0.5981775
0.6018988
0.59586585
0.5989279
0.5953107
0.5928083
0.5954527
0.5872952
0.5964377
0.5928951
0.5940669
0.58936524
0.5975248
0.5982034
0.601235
0.60539365
0.6045654
0.60332745
0.5998106
0.60128945
0.5992069
0.6012506
0.5910047
0.60273916
0.5891391
0.60337365
0.59152645
0.61223245
0.5956671
0.6111309
0.59624016
0.60433984
0.59241784
0.6010609
0.5956597
0.59908646
0.5938815
0.5951595
0.596489
0.60254055
0.59421915
0.5991038
0.58811724
0.59713614
0.5941777
0.5995371
0.5861738
0.59777117
0.5878832
0.5993791
0.5876373
0.5981171
0.5909027
0.59454465
0.5916085
0.5916803
0.58910596
0.5936228
0.59043086
0.59451824
0.5913874
0.59853595
0.59219915
0.59923583
0.5931261
0.59769416
0.5917397
0.6006657
0.5908292
0.5973544
0.5919327
0.599565
0.5960729
0.5997757
0.60169107
0.599889
0.60292006
0.60002446
0.6019357
0.68648136
0.6838583
0.67649156
0.68307525
0.68961465
0.6915601
0.68767554
0.6969981
0.68922967
0.6947974
0.69066447
0.69871455
0.6923113
0.7002206
0.6901402
0.6985441
0.6895231
0.70015657
0.6926741
0.70035684
0.6878755
0.69927096
0.68502635
0.6968694
0.6865923
0.55555755
0.54462725
0.5369299
0.53480446
0.53553796
0.529998
0.5330451
0.5304293
0.53244436
0.53325874
0.5318347
0.52778286
0.5282124
0.5255187
0.52520895
0.5259676
0.54025143
0.5297104
0.5412343
0.52604145
0.5452931
0.5288068
0.5354327
0.53241587
0.54204744
0.54011506
0.5313175
0.5358177
0.52657014
0.5364592
0.5294706
0.5332455
0.5279193
0.5330245
0.5278297
0.53166217
0.52324605
0.534124
0.52789915
0.5248554
0.522712
0.5342856
0.5129803
0.5131979
0.5215597
0.50734985
0.51804304
0.50460607
0.5099336
0.500233
0.5107337
0.50373673
0.51165885
0.500731
0.50982934
0.4948956
0.4993711
0.5050401
0.49506384
0.50159997
0.4847047
0.48793468
0.4877266
0.47517213
0.48051575
0.47114837
0.47853282
0.48177403
0.47348067
0.4779853
0.48752096
0.48682773
0.48844883
0.50685024
0.49336413
0.5162351
0.53546673
0.5360886
0.5476258
0.54610616
0.53435874
0.5451112
0.53967583
0.54052
0.53764653
0.5556363
0.5632387
0.5758408
0.5628424
0.58177
0.57892025
0.59455985
0.5933093
0.6040297
0.5930239
0.6084175
0.6163973
0.6233979
0.6244239
0.6318148
0.63864595
0.6337624
0.6607672
0.6365591
0.6605911
0.63618547
0.66849536
0.64238054
0.65280205
0.64939576
0.64886194
0.6522781
0.6573794
0.6562267
0.6547747
0.6608426
0.6593324
0.6662724
0.6614039
0.678417
0.67493075
0.67588943
0.6671471
0.673716
0.6692519
0.6785112
0.66814876
0.67984545
0.67075235
0.6857938
0.66829985
0.6918677
0.6736332
0.6915976
0.6740997
0.6950392
0.6806971
0.70611346
0.6852427
0.7117859
0.7020438
0.7047644
0.7076168
0.71952474
0.7069088
0.7045607
0.7102487
0.7032258
0.71065146
0.7055659
0.720767
0.7085458
0.7104592
0.7033557
0.7055355
0.70542353
0.7000681
0.6947587
0.6934376
0.6751617
0.6677328
0.6666776
0.6490264
0.64873594
0.64567137
0.6310937
0.62682396
0.6386999
0.6385925
0.63734496
0.6425177
0.6513754
0.6404064
0.65205455
0.64536655
0.6374738
0.65442145
0.64247906
0.65723133
0.6528522
0.65857667
0.6431271
0.6492388
0.6411218
0.64499897
0.637796
0.64829487
0.64398116
0.63948125
0.64581704
0.6429469
0.643913
0.64236504
0.6523329
0.63887596
0.6400086
0.6357306
0.6401916
0.63513356
0.64641505
0.62956864
0.6302251
0.63898915
0.62618494
0.63376933
0.627643
0.62715876
0.6160542
0.6238574
0.61435324
0.62097526
0.6212055
0.62038714
0.61588734
0.6220508
0.62466586
0.62195253
0.61653674
0.62083954
0.62316495
0.62275827
0.6200797
0.6229692
0.6131402
0.6150624
0.6110258
0.6055382
0.60291475
0.6017199
0.5986384
0.59848446
0.59781104
0.5853582
0.58976907
0.57099354
0.5884247
0.5746053
0.5757821
0.56318647
0.5820223
0.5626487
0.5749126
0.5674206
0.5724245
0.57552946
0.5612015
0.5809533
0.56616104
0.57827735
0.55218685
0.5759764
0.5591168
0.56962776
0.5523416
0.5688871
0.563074
0.56812745
0.5599512
0.5628783
0.5556363
0.56192225
0.55644196
0.5576162
0.5486204
0.55536157
0.54737043
0.5557313
0.5518855
0.5560202
0.5505782
0.5502142
0.54925114
0.5473204
0.54329854
0.55093646
0.54513985
0.5482045
0.5430251
0.54875374
0.5495828
0.5447809
0.54665893
0.5460552
0.5429364
0.54556525
0.543492
0.54357326
0.5424109
0.54160285
0.5491765
0.5502985
0.55120486
0.55897963
0.5571497
0.5474055
0.5505175
0.556059
0.5518091
0.55630475
0.55138
0.5603431
0.5501997
0.55827296
0.55305827
0.56220996
0.56409
0.5573883
0.5588714
0.5552351
0.5560307
0.55672824
0.5646597
0.55720496
0.57264507
0.5550338
0.5634463
0.56067526
0.57072014
0.5528164
0.5722174
0.5533676
0.5675836
0.55283386
0.56552035
0.5574744
0.57276875
0.55856544
0.5673143
0.55316174
0.5621189
0.5547998
0.56574255
0.5461843
0.55825436
0.5461751
0.551233
0.5391763
0.5489385
0.53941
0.54522794
0.5423258
0.544595
0.53647655
0.54578537
0.5391958
0.5463914
0.5418384
0.54735684
0.54067916
0.5412252
0.54000574
0.5437091
0.5424251
0.54307586
0.5400994
0.5464364
0.5466747
0.5489075
0.5453769
0.6693648
0.66368276
0.66280985
0.66893953
0.6642917
0.66964006
0.6578059
0.6671525
0.6588748
0.6605746
0.65550834
0.67069006
0.66200876
0.6693727
0.6624068
0.6683819
0.6645142
0.67927
0.670937
0.67935663
0.6700828
0.6820472
0.67420274
0.6923644
0.67511785
0.6916814
0.67586726
0.69712824
0.67767763
0.69204485
0.67050636
0.69131744
0.67482275
0.69444144
0.678258
0.69894534
0.67541766
0.6970512
0.68033826
0.7017989
0.6796607
0.696403
0.6819074
0.69548464
0.6791794
0.68964547
0.679176
0.49719104
0.49773967
0.49708813
0.4936985
0.48719457
0.4861173
0.48540908
0.49015218
0.48120928
0.48770806
0.48608807
0.49461618
0.49317
0.4933586
0.480156
0.48991147
0.47726333
0.48580548
0.48215184
0.4921611
0.48926306
0.49461845
0.48861486
0.49600792
0.49766418
0.49952236
0.4996438
0.4935351
0.48809472
0.49451548
0.48816618
0.4961026
0.4899249
0.50625354
0.49227434
0.50804454
0.50186294
0.5063976
0.49625778
0.5051586
0.50059676
0.5049829
0.5090861
0.50040704
0.5046974
0.516878
0.501577
0.5078653
0.5068082
0.5012161
0.49422085
0.5008574
0.49396893
0.4961584
0.4929417
0.48911
0.4807412
0.49607912
0.49524269
0.49519753
0.49639267
0.5000816
0.49405196
0.50064015
0.49432012
0.5029691
0.5030212
0.50324285
0.4997466
0.49535248
0.49606338
0.4836865
0.49076182
0.49305788
0.4827765
0.4780383
0.4725216
0.48365808
0.70951265
0.7259891
0.7165726
0.7156746
0.7230273
0.7240161
0.7171436
0.7223004
0.71979576
0.72578496
0.71765125
0.72179043
0.7155615
0.7235657
0.7188062
0.72650135
0.7236889
0.72687346
0.72679776
0.72883207
0.73370594
0.72721815
0.72720367
0.7411427
0.7230337
0.7380313
0.7232673
0.73758817
0.72515476
0.7221023
0.71885204
0.748925
0.78058946
0.8053122
0.79188657
0.7929529
0.7859795
0.7636575
0.7515895
0.7521697
0.72849107
0.7334821
0.7113768
0.71050084
0.70354295
0.7135242
0.70407087
0.6942026
0.69352376
0.68992674
0.68669057
0.6803409
0.69149965
0.68109137
0.69042134
0.6822673
0.6876269
0.6859646
0.70830953
0.6953831
0.71607214
0.7202796
0.7249552
0.73947793
0.7380584
0.7479881
0.75044954
0.7595416
0.7508497
0.7516798
0.7576089
0.7668572
0.61080754
0.6085328
0.6134095
0.61977446
0.61725426
0.61360806
0.610443
0.61015564
0.61467993
0.6153298
0.6145651
0.6169435
0.6064747
0.62329483
0.60619444
0.6189913
0.6100938
0.6180938
0.6038518
0.62525165
0.60817504
0.62513036
0.60586447
0.6198739
0.6242013
0.6254453
0.6206403
0.62834644
0.6180243
0.63287747
0.61837167
0.6370224
0.61986256
0.63482285
0.6223927
0.63542616
0.624694
0.63464445
0.6202225
0.6315887
0.6152665
0.6372458
0.6188507
0.6319101
0.62367463
0.63797736
0.62976354
0.6416075
0.6298463
0.6365823
0.6235122
0.636525
0.6238091
0.64134693
0.6383028
0.6430059
0.65100664
0.64101386
0.6529657
0.64419806
0.656715
0.64256406
0.6633292
0.6583113
0.66225255
0.6613706
0.672079
0.66098595
0.6699166
0.6567288
0.6623477
0.6553866
0.66347903
0.6566045
0.6642207
0.65436417
0.66754407
0.6606222
0.6654874
0.65932554
0.6631077
0.66492236
0.66899586
0.66552395
0.66296965
0.6621106
0.6656038
0.6600475
0.65511787
0.64463204
0.6490286
0.64899004
0.65948176
0.64973044
0.6469427
0.6428435
0.6448032
0.64871585
0.64621913
0.64758086
0.6506913
0.6511653
0.6610704
0.651245
0.66440904
0.65582055
0.6641337
0.65967184
0.66805655
0.66434985
0.66179204
0.6578199
0.66186607
0.6653422
0.6601126
0.6700845
0.6594053
0.67196447
0.66949594
0.6707516
0.6630047
0.67047125
0.66026634
0.6703528
0.6470134
0.65897053
0.6547376
0.6614914
0.65686494
0.66282886
0.6504736
0.6636824
0.64285266
0.66865164
0.6420615
0.6651011
0.63895005
0.6460156
0.65247715
0.64444625
0.6560553
0.64721644
0.65657187
0.64379424
0.6538252
0.6437736
0.650924
0.64617056
0.6539363
0.64791405
0.64726233
0.6494369
0.6524717
0.6488858
0.643388
0.6490683
0.65231496
0.6495148
0.6485004
0.6341971
0.6384147
0.6396208
0.6401563
0.64022344
0.6383064
0.6290548
0.6409104
0.639562
0.6398728
0.6285436
0.63509595
0.63671464
0.641276
0.63100684
0.64282084
0.6352022
0.64930886
0.63229823
0.6513127
0.6370708
0.641036
0.6400026
0.6333425
0.6356795
0.63819283
0.6330566
0.639845
0.6289941
0.63549787
0.63144904
0.6208247
0.6309325
0.62100345
0.627345
0.62282795
0.62715787
0.6230128
0.6206713
0.62992543
0.62354034
0.6263778
0.61610794
0.6227552
0.6186564
0.6194729
0.61674255
0.62366307
0.6291742
0.6183117
0.6158942
0.61583924
0.6182031
0.6113633
0.60945684
0.608822
0.61331815
0.6178226
0.62768894
0.6229261
0.61806047
0.6166937
0.62298334
0.6217714
0.62338793
0.61705273
0.62026364
0.61969066
0.61497945
0.6184088
0.613896
0.6190219
0.61557007
0.6166707
0.61569595
0.61537963
0.6208113
0.61678267
0.61860085
0.616982
0.61779034
0.6189477
0.6203753
0.61514586
0.6188541
0.61426324
0.62038934
0.626484
0.62467355
0.6259903
0.6263893
0.6294778
0.6303898
0.6253244
0.6277902
0.63174087
0.63232666
0.62351274
0.6280974
0.62555516
0.6244374
0.6263514
0.61416894
0.6240168
0.62683994
0.63014615
0.62428606
0.63389707
0.6328641
0.6417159
0.6435066
0.64299285
0.6429719
0.6495753
0.6435763
0.65132904
0.65250653
0.64730054
0.6461028
0.645839
0.6434289
0.6436192
0.6527822
0.6536992
0.66213137
0.6564877
0.6614407
0.662513
0.66131204
0.66124845
0.66075635
0.65553653
0.6562665
0.657046
0.6514632
0.65638137
0.6541553
0.6538325
0.65492535
0.6600141
0.6642556
0.6622605
0.6631673
0.6662255
0.6618926
0.66057116
0.67708284
0.652296
0.68160665
0.6657484
0.6551179
0.6667014
0.65080035
0.66362035
0.6466664
0.65921944
0.6471917
0.65102947
0.6461151
0.64821804
0.647459
0.6549839
0.6448696
0.65459657
0.6424924
0.6385157
0.63507426
0.63556474
0.63699275
0.6281275
0.6442027
0.63729274
0.6310416
0.63197136
0.6191294
0.6340886
0.6202679
0.6297535
0.6213268
0.63220495
0.62590224
0.6353541
0.62922204
0.64065987
0.6396674
0.6393288
0.6457356
0.64025164
0.65218085
0.6588332
0.65791315
0.65585035
0.6457549
0.6648518
0.66478556
0.67624635
0.66787076
0.6601275
0.665788
0.6682421
0.65581864
0.65470254
0.65758526
0.66478664
0.668648
0.6695616
0.6870201
0.6656301
0.6688781
0.66587156
0.6734007
0.66579413
0.66615
0.6740195
0.6673867
0.67809314
0.6797778
0.690236
0.6758963
0.69535923
0.6801448
0.6891091
0.6819563
0.6966895
0.6735043
0.6881936
0.6785559
0.685076
0.6867173
0.6887029
0.68743503
0.6732327
0.6630165
0.67607
0.6791878
0.6747432
0.67786795
0.6763488
0.67583483
0.67586374
0.67042667
0.66929823
0.68554777
0.6783249
0.6718246
0.68124974
0.6766854
0.677492
0.6798054
0.66751945
0.6937327
0.6669049
0.6718775
0.6654257
0.6645853
0.66037536
0.6707433
0.6728795
0.67242455
0.66796535
0.6723099
0.66762
0.67158204
0.6648111
0.6771182
0.6665864
0.6845576
0.6708485
0.68616426
0.66446143
0.68069804
0.66867644
0.6776965
0.6709028
0.6753688
0.6571064
0.6678175
0.65580773
0.6708744
0.6555869
0.6665727
0.65336156
0.65975416
0.65775627
0.6651381
0.6598439
0.66611344
0.6832344
0.6764652
0.67864895
0.66915536
0.6691408
0.6770916
0.6773642
0.6635614
0.66331404
0.66375375
0.6630152
0.6486038
0.65163153
0.6580771
0.6491746
0.64815646
0.63982034
0.64336205
0.63522696
0.63730055
0.6414738
0.63978595
0.63377535
0.6418366
0.6262589
0.6428477
0.62747043
0.6430759
0.6425937
0.6286372
0.6447297
0.6328214
0.7155019
0.7184265
0.7162493
0.7157156
0.71221954
0.7350519
0.747287
0.7461298
0.7416285
0.75184363
0.7579241
0.7665591
0.76098317
0.75674874
0.77156466
0.7771053
0.77543235
0.79351556
0.78717786
0.7925696
0.77804816
0.7649379
0.7489668
0.7549291
0.73883796
0.7371185
0.7236112
0.72753567
0.71800095
0.7177357
0.72603005
0.72601026
0.7358258
0.73075604
0.73025405
0.7370382
