10000
0.89369535
0.8916712
0.8618198
0.8406635
0.8289286
0.7954711
0.75861824
0.75409275
0.769618
0.796352
0.80548185
0.8216162
0.826588
0.8270189
0.83609015
0.84338343
0.82539237
0.81154
0.82963943
0.83004814
0.88138634
0.88893265
0.8757908
0.79865605
0.71882623
0.83118606
0.8732843
0.87365896
0.85485864
0.6912267
0.47871003
0.47796172
0.5420073
0.5420883
0.58587044
0.6144788
0.6152437
0.60927063
0.6046098
0.5917354
0.5837845
0.5905114
0.6299721
0.5887964
0.41018692
0.4181933
0.4477376
0.48468205
0.5354289
0.5876185
0.63233554
0.6900006
0.71203446
0.66765827
0.5934483
0.56128687
0.55398256
0.56235373
0.5532625
0.55375975
0.55389315
0.57328147
0.6055455
0.6122252
0.66332567
0.68317294
0.7052456
0.69745773
0.6841791
0.71691936
0.7373461
0.74028265
0.7524536
0.78434646
0.79308754
0.7989964
0.83054394
0.8536753
0.8424197
0.7905613
0.7088022
0.5857247
0.5708352
0.6177987
0.5463194
0.50745714
0.48198047
0.48948953
0.47345734
0.4113074
0.45523658
0.50576687
0.50911844
0.47336245
0
0
0
0
0.5889632
0.6078904
0.5622136
0.48224992
0.5973146
0.6486599
0.74876773
0.8375733
0.9197136
0.9413818
0.9572502
0.9459922
0.87321967
0.86016613
0.91583896
0.862763
0.8217328
0.8047734
0.8228416
0.87927574
0.8905419
0.8634742
0.8389983
0.82472014
0.8720432
0.908402
0.8931336
0.8851252
0.8818543
0.8725318
0.87456197
0.85324395
0.8027086
0.6763094
0.52442044
0.42118695
0.40707117
0
0
0
0
0
0
0
0
0
0
0
0
0
0
0
0
0
0
0
0
0
0
0
0
0
0
0
0
0
0
0
0
0
0
0
0
0
0
0
0
0
0
0
0
0
0.6234218
0.864689
0.5553226
0.7266398
0.5954538
0.8061584
0.76356065
0.68506044
0.6793697
0.7332784
0.7531623
0.73072284
0.7300067
0.7086017
0.72056735
0.7156202
0.69900864
0.6814941
0.6577072
0.635511
0.4365505
0
0
0
0
0
0
0
0
0
0
0
0
0
0
0
0
0
0
0
0
0
0
0
0
0
0
0
0
0
0
0
0
0
0
0
0
0
0
0
0
0
0
0
0
0
0
0
0
0
0
0
0
0
0
0
0
0
0
0
0
0
0
0
0
0
0
0
0
0
0
0
0
0
0
0
0
0
0
0
0
0
0
0
0
0
0
0
0
0
0
0
0
0
0
0
0
0
0
0
0
0
0
0
0
0.66590077
0
0
0
0
0
0
0
0
0
0.5966872
0
0
0
0
0
0
0
0
0.58062696
0
0
0
0
0
0
0
0
0
0
0
0
0
0
0
0
0
0
0
0
0
0
0
0
0
0
0
0
0
0
0
0
0
0
0
0
0
0
0
0
0
0
0
0
0
0
0
0
0
0
0
0
0
0
0
0
0
0
0.59261626
0
0
0
0
0
0.61827564
0
0
0.5898933
0
0.59825206
0
0
0
0.59737694
0
0.5882004
0
0.5972119
0
0.60451704
0
0
0.61329293
0.43805087
0.41789585
0.4337697
0
0
0
0.59048665
0
0
0.5909885
0
0
0
0
0
0
0
0
0
0
0
0
0
0
0
0.5871025
0
0.58279544
0
0
0
0
0
0.64227164
0.42995587
0
0
0
0
0
0.5995779
0
0
0
0
0
0
0
0
0
0
0
0
0
0
0
0
0
0
0
0
0
0
0
0
0
0
0
0
0
0.6070236
0
0
0
0
0
0
0
0
0
0
0
0
0
0
0
0
0
0
0
0
0
0
0
0
0
0
0
0
0
0.624732
0
0
0.70864296
0.4062793
0.45330462
0.44437167
0.46819767
0.44067928
0.41593558
0.41930777
0
0
0
0
0.62128097
0.45720065
0.6343032
0.6480105
0.6391162
0.6238698
0.635171
0.6203572
0.59528667
0.59859884
0.5782887
0.54705155
0.5203079
0
0.65600866
0.6604465
0.66545147
0.6335199
0.63020283
0.59227777
0.5678442
0.53949636
0.5434243
0.55182475
0.52127564
0.54034007
0
0
0
0.71346205
0.50620246
0.4454825
0.4476498
0.4545287
0.4483255
0.43416467
0.4062301
0
0
0
0
0
0
0
0.57569575
0
0
0
0
0
0.82698005
0
0.76579463
0
0
0
0
0
0
0.6160911
0
0.6233728
0.5901757
0.57153845
0.5525794
0.5413031
0.5635589
0.5621885
0.5655378
0.56520736
0.56775206
0.57512754
0.57917047
0.54694265
0.5594035
0.5483715
0.5513358
0.5417311
0.55943435
0.5561444
0.56120765
0.5529055
0.5498159
0.5440684
0.5378928
0.52512646
0.5104764
0.5029194
0.50448537
0.51856804
0.5066511
0.5039226
0.5151774
0.49215603
0.49653366
0.4990808
0.48232138
0.4884226
0.47735685
0.46055895
0.4435319
0.44005883
0.4443716
0.45681646
0.4619409
0.4565954
0.45174462
0.44140914
0.45340803
0.4443649
0.46549708
0.42231968
0.411359
0
0
0
0
0
0
0
0
0
0
0
0
0
0
0
0
0
0
0
0
0
0
0
0
0
0
0
0
0
0
0
0
0
0
0
0
0
0
0
0
0
0
0
0
0
0
0
0
0
0.58788997
0
0.58113927
0
0
0
0
0
0
0
0.5746002
0
0.57900286
0
0.6046943
0.455146
0
0
0
0
0
0
0
0
0
0
0
0
0
0
0
0
0
0
0
0
0
0.5728776
0
0
0
0
0
0
0
0
0
0.7115674
0
0
0.6659427
0.47045267
0.4244783
0
0
0.61421436
0
0
0.59326816
0
0.5792328
0
0
0.6022242
0
0
0
0
0
0
0
0
0
0
0
0
0.5849662
0
0
0.57284296
0.4322216
0.44900674
0.43263325
0.44212115
0
0
0
0
0
0
0
0
0
0
0
0
0
0
0
0
0
0
0
0
0
0
0
0
0
0
0
0
0
0
0
0
0
0
0
0
0
0
0
0
0
0
0
0
0
0
0
0
0.5994336
0
0.66057575
0
0.614393
0
0
0
0
0
0
0
0
0
0
0
0
0
0
0
0
0
0
0
0
0
0
0
0
0
0
0
0
0
0
0
0
0
0
0
0
0
0
0
0
0
0
0
0
0
0
0
0
0
0
0
0
0
0
0
0
0
0
0
0
0
0
0
0
0
0
0
0
0
0
0
0
0
0
0
0
0
0
0
0
0
0
0
0
0.6032756
0
0.6665484
0
0.67573553
0
0
0
0
0
0
0
0
0
0
0
0
0
0
0
0
0
0
0
0
0
0.5784111
0
0
0
0
0
0
0
0
0.62980753
0.47059852
0.44940114
0.45168853
0.44398853
0.42323577
0.42676097
0.44535193
0.46245316
0.44023043
0
0
0.6890621
0
0.6209832
0
0
0
0
0
0
0
0
0
0
0
0
0
0
0
0
0
0
0
0
0
0
0
0
0
0
0
0
0
0
0
0
0
0
0
0
0
0
0
0
0
0
0
0
0
0
0
0
0
0
0
0.6077669
0
0
0
0
0
0
0
0
0
0
0
0
0
0
0.57683057
0
0
0
0
0
0
0
0.58930546
0
0
0
0
0
0
0
0
0
0
0
0
0
0
0
0
0
0
0
0
0
0
0
0
0
0
0
0
0
0
0
0
0
0
0
0
0
0
0
0
0
0
0
0
0
0
0
0
0
0
0
0
0
0
0
0
0
0
0
0
0
0
0
0
0
0
0
0
0
0
0
0
0
0
0
0
0
0.57235163
0
0
0
0
0
0
0
0
0
0
0
0
0
0.6212845
0
0
0
0
0
0
0
0
0
0
0
0
0
0
0
0
0
0
0
0
0
0
0
0
0
0
0
0
0
0
0
0
0
0
0.62313503
0
0
0
0
0
0
0
0
0
0
0
0
0
0
0
0
0
0
0
0
0
0
0
0
0
0
0
0
0
0
0
0
0
0
0
0
0
0
0
0
0
0
0
0
0
0
0
0
0
0
0
0
0
0
0
0
0
0
0
0
0
0
0
0
0
0
0
0
0
0
0
0
0
0
0
0
0
0
0
0
0
0
0
0
0
0
0
0
0
0
0
0
0.60232294
0
0
0
0
0
0
0
0.62383336
0
0
0
0
0.6195129
0
0
0
0
0
0
0.6014336
0
0
0
0
0
0
0
0
0
0
0
0
0
0
0
0
0
0
0
0
0
0
0
0
0
0
0
0
0
0.5776076
0.40449187
0.41489142
0.43163
0.44274694
0.44338286
0.43445194
0.4193264
0.42211622
0.4309306
0.42408738
0.4276672
0.43065685
0.447087
0.466515
0.46938467
0.4534161
0.4484158
0.47493982
0.4750737
0.42827564
0.42230937
0.4576181
0.46440715
0.48134717
0.45224926
0.4180926
0.4639515
0.45701197
0
0
0
0
0
0
0
0
0
0
0
0
0
0
0
0
0
0
0
0
0
0
0
0
0
0
0
0
0
0
0
0
0
0
0
0
0
0
0
0
0
0
0
0
0
0
0
0
0
0
0
0
0
0
0
0
0.5779414
0
0
0
0
0
0
0
0
0
0
0
0
0
0
0
0
0
0
0.574323
0
0.57703674
0.5447187
0.4330042
0
0
0
0
0
0
0
0
0
0
0
0
0
0
0
0
0
0
0
0
0
0
0
0
0
0
0
0
0
0
0
0
0
0
0
0
0
0
0
0
0
0
0
0
0
0
0
0
0
0
0
0
0
0
0
0
0.6428949
0
0
0
0.6269187
0
0
0
0
0
0
0
0
0
0
0
0.5732165
0
0.57433033
0
0
0
0
0
0
0
0
0
0.59765005
0.41892207
0
0
0
0
0
0
0
0
0.5737958
0
0
0
0
0
0
0
0
0
0.5730783
0
0.5731462
0
0
0
0
0
0
0
0
0
0
0
0
0
0
0
0
0
0
0
0
0
0
0
0
0
0
0
0
0
0
0
0
0
0
0
0
0
0
0
0
0
0
0
0
0
0
0
0
0
0
0
0
0
0
0
0
0
0
0
0.6211078
0
0.6984052
0
0
0
0
0
0
0
0.5911445
0
0
0
0
0
0
0
0
0
0
0
0
0
0
0
0
0
0
0
0
0
0
0
0
0
0
0
0
0
0
0
0
0.58664674
0
0
0
0
0
0
0
0
0
0
0
0
0
0
0
0
0
0
0
0
0
0
0
0
0.6069405
0
0.6367507
0
0
0
0
0.6140701
0
0.6297379
0
0
0
0
0
0
0
0
0
0
0
0
0
0
0
0
0
0
0
0
0
0
0
0
0
0
0
0
0
0.6680057
0
0.5683031
0
0.6211554
0
0
0.5659921
0
0
0
0
0
0
0
0
0
0
0
0
0
0
0
0
0
0
0
0
0
0
0
0
0
0
0
0
0.5823159
0
0
0
0
0
0
0
0
0
0
0
0
0
0
0
0.57542765
0
0
0.56861115
0
0.6068974
0.5035513
0.48701143
0.4830665
0.5901504
0.48035955
0
0
0
0
0
0
0
0
0
0
0
0
0
0
0
0
0
0
0
0
0
0
0
0
0
0.6210785
0
0
0
0
0
0
0
0
0.5753852
0
0
0
0
0
0.69384
0.5045188
0
0.6297323
0.5058999
0.49815136
0.48492688
0.5046544
0.5039555
0.48413712
0.48351145
0.4887269
0.50062436
0.51728386
0.529322
0.53067964
0.55318284
0.58323455
0.6189209
0.5236071
0
0
0
0
0
0
0
0.6229872
0
0
0
0
0
0
0
0
0
0
0
0
0
0.5811
0
0
0
0
0.5729328
0
0.56483644
0
0
0
0.609294
0
0
0.60569274
0
0
0
0
0
0.62276846
0
0.61712015
0
0
0.58081514
0.40789112
0.4119521
0.4089735
0.4363769
0.43896022
0.48383737
0.4998708
0.49642152
0.4495467
0.41517314
0.4040311
0.43683702
0.44357553
0.4723732
0.47021994
0.49523515
0.5140307
0.550658
0.54307157
0.50394356
0
0.58975637
0
0
0
0
0
0
0
0
0
0
0
0
0
0
0
0
0
0
0
0
0
0
0
0
0
0
0
0.56824744
0
0
0
0.58605444
0
0
0.5668183
0
0.626913
0
0.56899595
0
0
0
0
0
0.57957006
0
0.58130074
0.45178685
0.432344
0.47538555
0.42905334
0
0
0
0
0
0
0
0
0
0
0
0
0
0
0
0
0
0
0
0
0
0
0
0
0
0
0
0
0
0
0
0
0
0
0
0
0
0.6442208
0
0
0
0
0
0
0
0
0
0
0
0
0
0
0
0
0
0
0
0
0.5822302
0
0
0
0.56655836
0
0.61160356
0
0
0.6380981
0.41739723
0.46859953
0.51196396
0
0
0
0
0.63275003
0
0
0
0
0.5759215
0.482818
0.48802182
0.4538799
0.4357671
0.42950103
0
0
0
0
0
0
0
0
0
0
0
0
0
0
0
0
0
0
0
0
0
0
0
0
0
0
0
0
0
0
0
0
0
0
0
0
0
0
0
0
0
0
0
0
0
0
0
0
0
0
0
0
0
0
0
0
0
0
0
0
0
0
0
0
0
0
0
0
0
0
0
0
0
0
0
0
0
0
0
0
0
0
0
0
0
0
0
0
0
0
0
0
0
0
0
0
0
0
0
0
0
0
0
0
0
0
0
0
0
0
0
0
0
0.5753616
0
0
0
0
0
0
0
0
0
0
0
0
0
0.57155734
0.4481452
0
0
0
0
0
0
0
0
0
0
0
0
0
0
0
0
0
0
0
0
0
0
0
0
0
0
0
0
0
0
0
0
0
0
0
0
0
0
0
0
0
0
0
0
0
0.5938159
0
0
0
0
0
0
0
0
0
0
0
0
0
0.5651969
0.41205668
0
0
0
0
0
0
0
0
0
0
0
0
0
0
0
0
0
0
0
0.6336392
0
0
0
0.5683037
0
0
0
0
0
0
0
0
0
0
0
0
0
0
0
0
0
0
0
0
0
0
0
0
0
0
0
0
0
0
0
0
0.57233024
0
0
0
0
0
0
0
0
0.58927494
0
0.593195
0
0
0
0
0
0
0
0
0
0
0
0
0
0
0
0
0
0
0
0
0
0
0
0
0
0
0
0
0
0
0
0
0
0
0
0
0
0
0
0
0
0
0
0
0
0
0
0
0
0
0.6678802
0
0.76187867
0
0
0.6508641
0
0
0
0
0.61853415
0
0
0
0
0
0
0
0
0
0
0
0
0
0
0
0
0
0
0
0
0
0
0
0
0
0
0.57097036
0
0
0
0
0
0
0
0
0
0
0
0
0
0
0
0
0
0
0
0
0
0
0
0
0.5657529
0
0.56926143
0
0
0.6622641
0
0
0.5784939
0
0
0
0
0
0
0
0
0
0
0
0
0
0
0
0
0
0
0
0
0
0
0
0
0
0
0
0
0
0
0
0
0
0
0.58790326
0
0.6142466
0
0
0
0.57589275
0
0.56757826
0
0.58032644
0
0
0
0
0
0.5752603
0
0.56033045
0
0
0
0.56873924
0
0.62495565
0
0.5634806
0
0.65342355
0
0
0.6705466
0
0.56930476
0
0.5729564
0
0.640042
0
0.63735515
0
0
0.63186526
0
0.6088234
0
0.62358636
0
0.60649824
0
0.56567705
0
0
0
0
0
0
0
0
0
0.57079613
0
0
0
0
0
0
0
0
0
0.5697589
0.52804613
0.52124375
0.5414988
0.5160485
0.5463647
0.5176619
0.53282726
0.5281282
0.5218176
0.5193647
0.51445556
0.5211394
0.51002395
0.52650756
0.53008574
0.5172781
0.5173814
0.49934417
0.48601934
0.49284634
0.49077365
0.48493803
0.49246407
0.48117983
0.4758348
0.4720991
0.6904466
0.8433887
0.86589986
0.87332135
0.9131754
0.9099973
0.90131444
0.9020669
0.9044015
0.90796214
0.90296555
0.8946696
0.89281285
0.8754469
0.8525828
0.8427407
0.84192944
0.83763844
0.83788985
0.83494323
0.82223356
0.8208903
0.8043443
0.80465114
0.79698294
0.76134247
0.75526446
0.75820357
0.750639
0.7483887
0.7423163
0.74345255
0.7269666
0.73300827
0.7470321
0.742417
0.74111027
0.7621597
0.7753764
0.81611675
0.82060117
0.81193775
0.8246888
0.8408095
0.8417128
0.86240125
0.87866026
0.8797612
0.8652826
0.8788232
0.8682718
0.8954376
0.89695525
0.8946887
0.8961063
0.88641745
0.8613846
0.822286
0.7957422
0.7730572
0.76645815
0.7564173
0.7355547
0.72563505
0.7012146
0.6848984
0.68531215
0.6843285
0.6772878
0.68156433
0.66955876
0.6716587
0.667044
0.67033476
0.69321567
0.68194616
0.7023224
0.7173619
0.7114915
0.7135361
0.72042066
0.72889566
0.7429751
0.761078
0.7808425
0.81242615
0.851293
0.8799501
0.89922756
0.9238882
0.9326068
0.924637
0.9115568
0.91246927
0.91955733
0.8972632
0.90421677
0.88360643
0.88223416
0.86026347
0.8575997
0.84477174
0.8417501
0.8512506
0.8555325
0.84744066
0.8557974
0.86400115
0.8414156
0.8231128
0.8171031
0.8385065
0.82261676
0.82488257
0.8271144
0.82020175
0.82601
0.8348429
0.8460159
0.87812334
0.88334054
0.892911
0.8914901
0.88495183
0.87825483
0.89642173
0.9004501
0.9314985
0.9367468
0.9447019
0.93453026
0.92821294
