10000
1.0524149
1.065045
1.0599248
1.0838305
1.028994
1.0352792
1.0726862
1.0542065
1.0708953
1.0596901
1.0493584
1.0546246
1.0331529
1.0437198
1.0435303
1.0317545
1.0186934
0.9974514
1.0074254
1.015609
1.0073588
1.0412939
1.0306003
0.99962085
0.9959374
0.9796809
0.99505997
0.9828191
0.98069835
0.9527227
0.9467859
0.9403567
0.96369714
0.97970015
0.97268283
0.98320895
0.9953762
0.96668696
1.022232
0.997608
0.9972627
0.96658933
0.97898
0.99382955
1.007061
0.9744964
0.96147853
1.008206
1.0087082
1.0071718
1.0227083
1.0180497
1.0209363
1.0178564
1.0102786
1.0115955
1.0134455
1.0240422
1.0139853
1.0125413
1.0128784
1.0204198
1.0105231
1.0083286
1.016392
1.005465
1.0007001
1.002362
0.98793083
1.0016941
0.9968234
0.9801236
1.014172
1.0002859
1.012414
1.0035048
1.0180417
1.0164348
1.0242226
1.0198332
1.0182344
1.0186257
1.0020896
1.0067044
1.0058258
0.9938998
0.99879533
0.9993018
0.99905604
1.0055022
1.0038689
1.0040736
0.9891126
0.9904871
0.98764604
0.9966639
0.99319094
0.9921337
0.9851455
0.96376586
0.97633225
0.96852446
1.0100688
0.99019474
0.97515905
0.9866364
0.9898213
0.9841555
0.9912009
0.9965956
0.9895419
0.99700916
1.002402
1.0005035
1.0107106
1.0153396
1.0113264
1.012361
0.9942367
0.99270374
0.98654395
0.9673185
0.9710505
0.9749997
0.96537906
0.961507
0.97662973
0.9939104
0.98402727
0.98137563
0.98410475
0.986649
0.9795981
0.9647104
0.97253525
0.9721557
0.9750651
0.96922404
0.9799562
0.976859
0.990932
1.0048982
1.0124238
1.020331
0.99866843
1.0171707
1.0236366
1.0249226
1.0125566
1.0088683
1.0081294
1.0042193
1.0197493
1.0082808
1.020141
0.97835517
0.95911264
0.9530449
0.9615941
0.9807469
0.9843847
1.0062947
1.0142485
1.0177647
1.0204574
1.0039691
1.0198282
1.0252283
1.0231456
1.0167998
0.9948306
1.0024927
0.99657285
0.98753726
0.9766178
0.9803329
0.9650339
0.98060596
0.98280036
0.97070867
0.97021925
0.969112
0.96701556
0.9801203
0.9762187
0.9822395
0.99003375
1.0043012
0.9872885
0.99986243
1.0202972
1.0119243
1.0044094
0.9867737
0.9645624
0.9641007
0.9635615
0.97546923
0.9597075
0.996917
0.969638
0.98133683
0.9666155
0.95659924
0.93724597
0.9325403
0.929542
0.9306036
0.9359871
0.92377347
0.9202746
0.9026217
0.9035925
0.8968091
0.89392394
0.89457965
0.90376854
0.90264016
0.9136388
0.9291177
0.9387907
0.92436016
0.91977316
0.92381996
0.9032098
0.89600325
0.88754135
0.8879138
0.8793796
0.8875734
0.88711256
0.89061356
0.90091985
0.90444225
0.91521543
0.9050863
0.90183747
0.90199935
0.9129794
0.9280885
0.9378822
0.9242025
0.93729556
0.9285001
0.92442745
0.92176133
0.91014045
0.91553813
0.9103809
0.86769205
0.89758795
0.87409836
0.90525335
0.88565135
0.90673727
0.9129406
0.90499634
0.9122581
0.92879647
0.92585677
0.9212876
0.9112445
0.9323934
0.9288153
0.9099274
0.92141
0.9360124
0.9286499
0.93292457
0.9558336
0.97216886
0.966345
0.9730174
0.96341467
0.97640747
0.95404494
0.9455256
0.9455885
0.9393914
0.94772255
0.9473741
0.9708373
0.97368956
0.9707102
0.9907922
0.9682998
0.93679243
0.9176132
0.91400915
0.91766655
0.9144626
0.9218596
0.91765267
0.9198744
0.92208475
0.93494314
0.9245269
0.94811434
0.9533309
0.9488861
0.9525516
0.93607575
0.951985
0.93829715
0.9272494
0.9244444
0.92017233
0.9144405
0.9338701
0.9229116
0.9024469
0.8927481
0.88973707
0.9078824
0.9069515
0.8792977
0.91068155
0.89269376
0.90810114
0.9239464
0.9455453
0.93394154
0.934789
0.8867517
0.86047995
0.85361695
0.85535836
0.86533535
0.87671894
0.8891362
0.88260835
0.8723225
0.8521403
0.86755925
0.87834394
0.8698519
0.8686674
0.8707864
0.8917378
0.8847345
0.8749098
0.8643216
0.86721265
0.86387074
0.87249947
0.88605917
0.9090365
0.9194476
0.9456091
0.9390243
0.9522689
0.9601934
0.9674826
0.95982814
0.96266556
0.9515541
0.95040846
0.95424604
0.9516338
0.94390285
0.95367384
0.93526125
0.93773323
0.9227529
0.9227313
0.9107585
0.9086176
0.90778124
0.88651145
0.8610148
0.8745265
0.86323935
0.8383992
0.8506598
0.8440161
0.85855013
0.84557784
0.8518783
0.86398697
0.84482783
0.8701635
0.88091457
0.87805194
0.8920679
0.88983834
0.90853167
0.9191083
0.92466265
0.93280506
0.92861056
0.9325727
0.9235293
0.92349756
0.9149518
0.8955099
0.8869923
0.9182987
0.88465613
0.87448543
0.9026119
0.9204874
0.93493956
0.95152384
0.96674263
0.9735329
0.95723116
0.9509123
0.9241739
0.90524197
0.889352
0.85783786
0.8633077
0.8581909
0.8397068
0.84910464
0.8522887
0.8516024
0.8601449
0.8705976
0.88165224
0.88724464
0.8835653
0.8668705
0.86149395
0.863718
0.85914403
0.86673766
0.8860006
0.8446902
0.8598841
0.86991864
0.8622612
0.8783928
0.83080024
0.83814454
0.854218
0.8255377
0.823027
0.81720084
0.8573332
0.8305228
0.82438755
0.8113736
0.79573935
0.7975632
0.7842501
0.7569429
0.7461789
0.7160632
0.72078377
0.7205719
0.7100977
0.7261963
0.71974164
0.7374929
0.74560326
0.76339334
0.7756376
0.7645459
0.76443017
0.7479434
0.74297523
0.7335129
0.7309818
0.74658084
0.7235531
0.72038126
0.737946
0.78365666
0.770793
0.80849224
0.8362592
0.8123001
0.7914596
0.7617613
0.71905303
0.6871528
0.69606453
0.6827137
0.69641465
0.7395709
0.7185678
0.712526
0.7411951
0.72193325
0.7338756
0.737264
0.71151614
0.7077665
0.70992744
0.71598303
0.7109723
0.6892489
0.71774805
0.6984915
0.6707894
0.6586133
0.63738227
0.6105199
0.59292847
0.6006768
0.5951687
0.6116289
0.6044218
0.59661084
0.62657046
0.6290587
0.6197509
0.6292668
0.635258
0.6244423
0.6244927
0.61189485
0.60456383
0.6057703
0.5686383
0.6241997
0.60860527
0.6236927
0.62363845
0.6009014
0.61945105
0.6483022
0.62078404
0.6358205
0.60999376
0.6209822
0.5883583
0.5934984
0.61094683
0.6402624
0.6443294
0.68854564
0.6763467
0.6909665
0.7142852
0.5387911
0.60588807
0.6133347
0.6277018
0.69884485
0.7387528
0.72057265
0.7421323
0.68473065
0.68701667
0.70051694
0.70651335
0.73780966
0.7600761
0.7648429
0.75508446
0.749678
0.7589419
0.7537577
0.77066493
0.8062643
0.7536531
0.75392115
0.7282348
0.6947899
0.7335575
0.64741516
0.67595625
0.71646714
0.7308456
0.7040398
0.7294813
0.7176826
0.7203876
0.7159481
0.7272569
0.73746043
0.7185108
0.7090207
0.7055544
0.74697757
0.76784337
0.7944887
0.7736529
0.7307465
0.7307081
0.7340459
0.7311156
0.69850945
0.6927678
0.6961676
0.707509
0.7020197
0.71960264
0.71382827
0.6931703
0.6770284
0.69572306
0.7004838
0.7171346
0.73021245
0.72009075
0.72981465
0.73971665
0.7585051
0.7721801
0.7539189
0.76844066
0.7670426
0.75088567
0.7340041
0.7405811
0.7178104
0.68567926
0.6927359
0.6735915
0.7249921
0.7165703
0.75288373
0.74341506
0.75490147
0.7644142
0.8026631
0.8108249
0.81397176
0.7857371
0.8294149
0.83281606
0.81717265
0.7760072
0.77996016
0.7804106
0.7902961
0.74623734
0.75533855
0.75158316
0.7586272
0.74905616
0.74460214
0.7611152
0.73532003
0.7388164
0.74072164
0.7614896
0.8113799
0.8014049
0.81327915
0.811081
0.8425673
0.8131727
0.7932946
0.79005784
0.7989924
0.78514767
0.75714356
0.7425758
0.7654982
0.7460472
0.7671242
0.7899409
0.7972022
0.7809256
0.7681727
0.78784204
0.78474784
0.7688477
0.80342174
0.7490616
0.7684335
0.74734396
0.7501009
0.7671271
0.79864806
0.8086762
0.7908392
0.7458231
0.7122174
0.7168639
0.7087514
0.67666304
0.6662644
0.6478627
0.6287861
0.6022058
0.58957136
0.60045713
0.62802494
0.6455476
0.6159738
0.61024886
0.63501257
0.6573052
0.64966714
0.61008877
0.5968777
0.64810175
0.7157644
0.74334896
0.76163226
0.72391903
0.68551874
0.6530839
0.6003698
0.5983845
0.58322155
0.58410037
0.6146185
0.6495066
0.6601124
0.674185
0.6857797
0.72083753
0.68902117
0.7114221
0.7057248
0.7688655
0.8107955
0.8289182
0.8226949
0.80508953
0.8294998
0.865146
0.8724903
0.86406726
0.86669415
0.84666526
0.84355325
0.8287274
0.8042478
0.78117114
0.78484046
0.764426
0.74500793
0.711732
0.7364811
0.7418206
0.72002554
0.7399945
0.7221462
0.7192766
0.7113351
0.676278
0.6935564
0.7153337
0.7321321
0.7225887
0.7377256
0.7581986
0.74097097
0.76528543
0.74221104
0.741161
0.7647597
0.7770927
0.7902363
0.79680735
0.7910309
0.7431862
0.6989878
0.6783507
0.6750881
0.7151895
0.7201356
0.7281486
0.73715335
0.7360406
0.75659084
0.7405759
0.7254894
0.75290203
0.72254586
0.72559583
0.704337
0.6796635
0.64595807
0.6369958
0.65683603
0.66394746
0.67102164
0.59074974
0.5816882
0.5501224
0.566177
0.5694215
0.6154667
0.6273844
0.62107605
0.62051207
0.6258786
0.6524989
0.6516512
0.6253643
0.67596275
0.64271945
0.62697595
0.62091696
0.61965716
0.6460106
0.63075197
0.646892
0.65740085
0.69021934
0.69402575
0.71233845
0.7259912
0.69311637
0.7234223
0.7072375
0.6764972
0.66256076
0.67250836
0.68845767
0.6925161
0.6968904
0.68375176
0.6741035
0.67320526
0.66000485
0.6638272
0.65089095
0.6810089
0.670964
0.72804207
0.6975202
0.70009136
0.7081156
0.68794715
0.7053075
0.72532874
0.73703825
0.7647736
0.7687399
0.7330072
0.73654544
0.71069
0.7132012
0.7417645
0.7309661
0.71473193
0.7449653
0.6971915
0.7395819
0.77008927
0.77085674
0.7736348
0.776137
0.78440535
0.8027138
0.79182225
0.77480614
0.8059066
0.77896315
0.7977895
0.8152215
0.80419326
0.82483345
0.8281598
0.83402586
0.8456876
0.85330796
0.85339844
0.8438585
0.8492144
0.8608094
0.8256304
0.8362198
0.81572956
0.82137215
0.811707
0.83069843
0.8123486
0.82738733
0.827013
0.83459425
0.83148414
0.83254486
0.82900363
0.8293616
0.8425023
0.8360004
0.82677394
0.81389827
0.8192723
0.812647
0.822663
0.8276588
0.8382196
0.8393356
0.8303491
0.8368119
0.8253637
0.7923637
0.843621
0.7803966
0.7626299
0.72678083
0.6933827
0.675308
0.689884
0.6967379
0.7152339
0.70241547
0.70833707
0.69410396
0.7342412
0.7230256
0.7425182
0.7435649
0.75201887
0.73737437
0.7711944
0.75465894
0.7780004
0.76173586
0.78267807
0.78976226
0.7691016
0.7800037
0.78586483
0.8034667
0.8420776
0.801259
0.79745036
0.79000914
0.7904478
0.7628864
0.755851
0.7786544
0.75128305
0.76275843
0.7782917
0.80110955
0.78256965
0.7931434
0.7952926
0.7805871
0.7967923
0.7844364
0.79204714
0.7952921
0.796148
0.7885017
0.794082
0.7920443
0.80963504
0.82305926
0.83537847
0.82389706
0.8110925
0.8165047
0.84200716
0.8463318
0.8603786
0.8704017
0.8016915
0.7956465
0.7987311
0.80356216
0.8170188
0.82755387
0.81856775
0.8268953
0.82603616
0.80889153
0.79356045
0.75938725
0.75457305
0.7686869
0.773973
0.7367774
0.74779606
0.74326175
0.7898666
0.7724995
0.7511234
0.7522082
0.7604754
0.7961812
0.7944659
0.79107237
0.7587634
0.70078814
0.7046742
0.71661526
0.7817311
0.7839249
0.7999246
0.78982687
0.7822223
0.7819823
0.814853
0.80169356
0.7968319
0.8029487
0.7935571
0.7655254
0.8071584
0.8185074
0.8481255
0.83461106
0.820983
0.79838395
0.8047381
0.7916069
0.75846034
0.76831806
0.79162776
0.7800897
0.7598723
0.7668361
0.75127214
0.76231307
0.7633356
0.74493015
0.77997744
0.7646001
0.7836424
0.78333366
0.7909112
0.7686445
0.78197426
0.7907842
0.8187299
0.8025624
0.80908966
0.78338546
0.76506644
0.75383
0.72792536
0.7371276
0.7303229
0.7516138
0.7566276
0.74348724
0.7552858
0.7599644
0.7744534
0.78325063
0.75997627
0.78158265
0.7706495
0.78683984
0.7832469
0.78219634
0.77587616
0.77012706
0.7721293
0.7739565
0.78789717
0.79091215
0.80495274
0.7816117
0.7872315
0.7735631
0.7853922
0.76599765
0.77629715
0.76558536
0.79076064
0.7444839
0.7399498
0.7332718
0.7360356
0.71471006
0.7121798
0.7022109
0.6564137
0.6439995
0.65981483
0.64787585
0.6636337
0.65274763
0.6874339
0.75171226
0.78984904
0.8209991
0.77115625
0.7751276
0.777402
0.79015005
0.798359
0.8071611
0.80239636
0.78069246
0.7439285
0.7131703
0.72849363
0.7221951
0.68111926
0.6860712
0.6761627
0.6945485
0.6778212
0.6961943
0.70522934
0.8000364
0.8099059
0.80727065
0.7858238
0.77096236
0.7865238
0.79559505
0.80699223
0.7912494
0.7982415
0.8162265
0.78318816
0.7872968
0.7727356
0.7698082
0.801112
0.79347205
0.74189264
0.69531786
0.6459085
0.6142857
0.6203671
0.6463899
0.67213714
0.71438706
0.70988685
0.71394026
0.72236544
0.7262406
0.71034956
0.7281373
0.70940965
0.75549924
0.7723697
0.765658
0.7512863
0.7439365
0.748662
0.7499621
0.7484953
0.7505537
0.76360255
0.7766133
0.77215195
0.78780234
0.78758806
0.8122815
0.8035921
0.8010704
0.7985957
0.78944653
0.7734725
0.76411045
0.76238525
0.77595115
0.781654
0.7807116
0.76348287
0.7409593
0.73970854
0.7361386
0.71991205
0.69820917
0.72234356
0.69965774
0.69865376
0.6817935
0.6816455
0.68608105
0.6581736
0.6618679
0.67024064
0.6741824
0.6813306
0.6942913
0.7004208
0.7404691
0.81398296
0.84254086
0.81136155
0.80996096
0.8088863
0.8032083
0.7827413
0.76295096
0.75466496
0.7547071
0.73384094
0.75192064
0.7580701
0.7575864
0.7818201
0.77530587
0.77926993
0.7868485
0.78851
0.7859231
0.7837395
0.80149186
0.8024656
0.7874889
0.801779
0.77636915
0.7789686
0.764344
0.7720268
0.77204144
0.75978285
0.77988166
0.78791684
0.7871572
0.78166413
0.81114274
0.79126513
0.80776674
0.77357364
0.77219075
0.7679467
0.7752704
0.780163
0.80545616
0.7977327
0.80081993
0.79227364
0.80981493
0.7960879
0.77964854
0.78073764
0.76852113
0.77889335
0.79464
0.7853606
0.7866212
0.7935999
0.80118114
0.8053722
0.80913705
0.8281661
0.8091002
0.83685005
0.8223905
0.83941704
0.857709
0.86369795
0.8423066
0.8461196
0.8467284
0.84977555
0.8560391
0.8511201
0.8753627
0.8701369
0.878247
0.8309792
0.827959
0.8422929
0.8439396
0.83845615
0.83675694
0.8336473
0.8159883
0.7904353
0.8074508
0.7863278
0.8110527
0.78686833
0.7727331
0.755832
0.7673494
0.7639558
0.7923153
0.83875144
0.83382344
0.8302796
0.82013965
0.81767076
0.8124553
0.816806
0.8053508
0.8270994
0.8120542
0.81590396
0.8232716
0.82266206
0.81240875
0.813161
0.8104846
0.80693257
0.80446374
0.8095594
0.8006021
0.7852801
0.7825814
0.7716045
0.77287704
0.7866226
0.7570265
0.7489393
0.73372024
0.7304393
0.727431
0.7204942
0.7247453
0.7322639
0.7245984
0.70359087
0.71389884
0.7123937
0.6818454
0.66372013
0.63928556
0.66039014
0.6691293
0.6920515
0.70940226
0.7252717
0.7143727
0.68273705
0.6876921
0.6812355
0.6887004
0.6935315
0.7241273
0.7575574
0.7629292
0.73703015
0.72879326
0.7519121
0.7472414
0.7663975
0.7431239
0.7533798
0.7493493
0.80144674
0.77612144
0.7370349
0.75703496
0.7555175
0.75973284
0.7726499
0.7453982
0.70585465
0.68584967
0.6771869
0.68994176
0.6663134
0.6876531
0.7111813
0.69995224
0.69369733
0.6998938
0.6997249
0.7207393
0.7284286
0.7384213
0.7407431
0.755823
0.78730875
0.77246433
0.8112473
0.8141474
0.7694194
0.765757
0.7596798
0.7816238
0.7652072
0.75742
0.75405854
0.76962554
0.75663364
0.76207906
0.74369955
0.74858093
0.7459104
0.7527444
0.751373
0.7759541
0.7790595
0.77274686
0.750611
0.7450958
0.7177755
0.75311893
0.7668896
0.76858616
0.7672516
0.7861812
0.77116835
0.7525426
0.7388149
0.72807515
0.7358706
0.73451114
0.7384566
0.7317821
0.7282277
0.750339
0.7584089
0.7633011
0.7665663
0.7576155
0.73581713
0.72401154
0.73273104
0.7314013
0.7187178
0.7054534
0.710296
0.7521313
0.7300962
0.7368868
0.74343956
0.7108261
0.7042077
0.72741616
0.74242985
0.72698635
0.73600346
0.69952655
0.69173753
0.7010183
0.7235723
0.7248778
0.73835963
0.7287981
0.72843397
0.72274566
0.73535633
0.7375648
0.74007505
0.742053
0.7352204
0.72247905
0.7101962
0.7001021
0.6977772
0.6865936
0.68044055
0.67789596
0.67303896
0.6673091
0.674356
0.6673611
0.6694524
0.65659225
0.6614855
0.6603234
0.6750308
0.6680039
0.6613649
0.653103
0.60693544
0.6144927
0.59530836
0.5948162
0.59335285
0.61036116
0.5989218
0.6129294
0.6497538
0.68259156
0.678178
0.68194276
0.6719687
0.67667645
0.6769532
0.6629158
0.72009385
0.7379898
0.71732116
0.7087884
0.6898178
0.6523509
0.64976037
0.65024644
0.66247004
0.6522627
0.6742502
0.6345912
0.62903607
0.5769415
0.569264
0.54423445
0.56739825
0.6010074
0.63594055
0.5968581
0.5681988
0.5436234
0.54100394
0.58117706
0.61846113
0.6261119
0.637322
0.62870324
0.61823404
0.62418115
0.63334274
0.64034206
0.64438534
0.63974583
0.63535225
0.62431896
0.60763013
0.60072404
0.59672093
0.5896693
0.5990865
0.5877383
0.5928985
0.5918686
0.58723974
0.5660565
0.55553347
0.5506675
0.5576083
0.57709706
0.5890129
0.60726017
0.61294615
0.6139133
0.6244328
0.6346742
0.6512356
0.6579062
0.6336882
0.6229391
0.6309174
0.63658965
0.6122512
0.6433917
0.65234625
0.6600571
0.6367319
0.6295655
0.5895268
0.5664963
0.5774351
0.5768345
0.5836314
0.5894395
0.58355916
0.597202
0.5930189
0.5954914
0.6005435
0.57886153
0.56649643
0.57285804
0.54773754
0.5477894
0.5517255
0.54603875
0.5214331
0.55491585
0.55391914
0.5259127
0.5486398
0.5426811
0.56857693
0.5729247
0.58219993
0.57751304
0.5653028
0.55025494
0.5360781
0.52913964
0.52017146
0.51629996
0.5037011
0.50903875
0.5241196
0.502021
0.5152028
0.5059201
0.5127581
0.532852
0.5372259
0.548054
0.53350943
0.5362137
0.5154312
0.5193769
0.53841025
0.5548845
0.546386
0.58781207
0.61179245
0.6280987
0.6217294
0.6453347
0.63585883
0.6318459
0.63149375
0.6201316
0.6371377
0.63530177
0.6205373
0.61480886
0.6452243
0.58984274
0.60926884
0.6455565
0.64737564
0.67822665
0.6800966
0.66651267
0.6552522
0.6506027
0.6512639
0.6373593
0.6526964
0.62674266
0.67120016
0.6909894
0.7004513
0.7097941
0.70997715
0.706084
0.7115904
0.69398224
0.7054389
0.6940482
0.6905017
0.7034351
0.694843
0.7163167
0.69796014
0.6949111
0.72199607
0.7226953
0.7007148
0.7216923
0.6624388
0.7067715
0.6875458
0.6907496
0.66878116
0.6658301
0.6474103
0.67952937
0.68429095
0.6883989
0.6820268
0.6807823
0.6832438
0.6727967
0.6909857
0.69035745
0.68717664
0.6851163
0.68978983
0.6983518
0.69277465
0.68488514
0.70083266
0.65983254
0.6570082
0.64502215
0.6963808
0.67721087
0.6731222
0.6689918
0.6901418
0.71874726
0.75677264
0.76295626
0.7583005
0.72360516
0.7463593
0.78170294
0.8417234
0.83143294
0.8337122
0.8373571
0.81439143
0.7762098
0.7783751
0.77595687
0.75780493
0.7431168
0.7606437
0.7731831
0.7617891
0.7330664
0.7121841
0.700157
0.68700075
0.6891248
0.6691339
0.66146314
0.653468
0.6461812
0.6238485
0.61988515
0.63005453
0.6365783
0.6560915
0.670191
0.6956927
0.6892409
0.7036668
0.6783731
0.66043943
0.65215665
0.6720872
0.6876615
0.70291734
0.71763617
0.71382415
0.70619977
0.7430016
0.7768673
0.7911729
0.80898994
0.8350882
0.84281635
0.88860923
0.8966261
0.92024636
0.8815252
0.8329536
0.8261289
0.8305149
0.8369717
0.82354087
0.81162506
0.80098563
0.8037466
0.79755276
0.7999206
0.78619945
0.7766973
0.7424484
0.723771
0.7157747
0.7178429
0.6984609
0.6955659
0.6696015
0.67234164
0.63918275
0.6290075
0.6293601
0.65006834
0.6788726
0.69783074
0.7252672
0.75675714
0.7444494
0.7856269
0.79523164
0.8320891
0.851424
0.8345679
0.85655123
0.85405934
0.87541544
0.8848644
0.91454524
0.9123962
0.8912718
0.8463756
0.83112717
0.8329413
0.85372037
0.8621428
0.8857484
0.87869614
0.8756998
0.86841255
0.8782619
0.86023444
0.8813603
0.8420578
0.84781176
0.8040518
0.8210635
0.7921552
0.82477427
0.8027171
0.8039688
0.78370976
0.7946782
0.7464608
0.747967
0.72018796
0.7191146
0.7301545
0.76464164
0.8104237
0.82715356
0.83865976
0.8328535
0.79962415
0.8017456
0.77104604
0.7641753
0.7958184
0.8195262
0.8427175
0.82284224
0.8394162
0.86901814
0.89880896
0.91408676
0.93416476
0.90752727
0.8693322
0.84657586
0.84698015
0.8945523
0.9020109
0.8948417
0.88115495
0.8774299
0.8827938
0.85450983
0.85220975
0.84887016
0.8103114
0.80991673
0.7738231
0.7942631
0.74340296
0.76473385
0.7195953
0.72223794
0.71600586
0.72241884
0.7205443
0.7175035
0.7071161
0.71987253
0.7274205
0.77990574
0.8050634
0.83158827
0.825527
0.8122625
0.77543503
0.7871943
0.7804349
0.7790561
0.7631729
0.77460474
0.7505471
0.73756087
0.71364355
0.7327364
0.71492714
0.7132719
0.7043047
0.71541154
0.7512415
0.8128148
0.8323635
0.82493824
0.83264863
0.7939933
0.75456053
0.743368
0.7226278
0.68023217
0.7070815
0.7529086
0.77703905
0.7423898
0.7547387
0.73515517
0.77319527
0.79981315
0.7985395
0.8118738
0.8176692
0.8135242
0.7882827
0.802011
0.80667406
0.80649984
0.80986017
0.8097191
0.8221435
0.80529386
0.8154191
0.81181514
0.81643754
0.7931303
0.75250745
0.7485781
0.7694351
0.8226991
0.81655616
0.8506741
0.8550203
0.8726726
0.887711
0.89687866
0.88640577
0.8934882
0.86472136
0.86428547
0.8819869
0.89202935
0.90697795
0.90868616
0.8856702
0.8787776
0.8920091
0.895133
0.87616426
0.87720066
0.8556895
0.8914329
0.8621511
0.8960847
0.8717359
0.8524829
0.8487489
0.8481567
0.850204
0.83023125
0.82607305
0.81011057
0.8029732
0.77911043
0.773669
0.7735026
0.77878475
0.76871276
0.74540967
0.71965843
0.745034
0.7204399
0.7439413
0.77501583
0.8503152
0.8207323
0.8560125
0.8363027
0.85578454
0.8570233
0.88918513
0.88087493
0.8961252
0.8973558
0.9047864
0.90493375
0.93170923
0.915558
0.93858755
0.8937371
0.8581049
0.8185327
0.8073912
0.82215536
0.81410164
0.8285016
0.8276829
0.8161402
0.79542583
0.8061025
0.7596947
0.770292
0.7554868
0.77731425
0.74992347
0.73395085
0.7537871
0.73866564
0.73336524
0.78746086
0.7573388
0.77232045
0.8116281
0.76266044
0.760279
0.75229603
0.76149154
0.77030355
0.78438056
0.8093622
0.82153046
0.8237364
0.84697396
0.85650486
0.867844
0.8892978
0.8896877
0.8916659
0.8772296
0.8727985
0.853328
0.8635182
0.81859
0.8336938
0.8129645
0.8366414
0.83951646
0.81703085
0.80509776
0.79537725
0.7880693
0.7908222
0.82336634
0.80983084
0.81591094
0.8340998
0.7872278
0.78084016
0.7753044
0.7667389
0.7545649
0.7241187
0.7242039
0.7281061
0.7317741
0.7406868
0.69859755
0.709202
0.68134636
0.66477704
0.67898774
0.6667402
0.7039965
0.72387445
0.7537931
0.81693935
0.78312296
0.8111734
0.8440551
0.874602
0.8274173
0.8496804
0.8318281
0.83031785
0.82906127
0.8460406
0.8229766
0.8105752
0.81526506
0.83178085
0.8234879
0.80051345
0.79560953
0.77849716
0.7769528
0.74694926
0.7286288
0.68333006
0.66771376
0.67800754
0.6838875
0.70216775
0.7071759
0.71362495
0.7271648
0.7026987
0.71991926
0.70153415
0.69258565
0.67368066
0.68095
0.70759255
0.7245345
0.7591264
0.80841064
0.81579393
0.81676054
0.8377228
0.8483776
0.8731737
0.8741735
0.87106615
0.9067483
0.9012102
0.9166769
0.9243175
0.8997817
0.8738752
0.8588214
0.8896423
0.86636937
0.8577569
0.8368688
0.8216048
0.8110494
0.8066805
0.8057296
0.7575791
0.72495866
0.73008245
0.717542
0.70967215
0.7196407
0.71190816
0.6825201
0.6586193
0.63744015
0.6524045
0.62247777
0.65073067
0.6365453
0.64080065
0.6514441
0.6520899
0.6781596
0.72575796
0.7523724
0.7673068
0.795119
0.7789675
0.80267954
0.82756156
0.7825349
0.8379377
0.87062484
0.89876884
0.8743753
0.8970017
0.89771783
0.91030717
0.9022579
0.8517986
0.8675446
0.82727396
0.82446086
0.81747
0.8099455
0.79528385
0.8121332
0.7880483
0.80956167
0.80620277
0.79829806
0.79053205
0.786003
0.77683157
0.76810026
0.7743825
0.82294697
0.79870427
0.8069647
0.7961973
0.77773076
0.7717645
0.73630995
0.73369193
0.7056003
0.7016187
0.7170488
0.73352206
0.7451046
0.7723936
0.7834965
0.8172272
0.83817583
0.8354822
0.8343438
0.8255493
0.85639215
0.8489189
0.8676767
0.85972273
0.8330197
0.8257421
0.8180137
0.78089964
0.69911265
0.73554564
0.72270656
0.73281354
0.73001194
0.726332
0.7209226
0.7275517
0.7265969
0.7786858
0.7387153
0.726514
0.6982838
0.69131666
0.7124858
0.720419
0.74582654
0.69628936
0.6928034
0.6842654
0.7154483
0.7011716
0.7451784
0.7448318
0.7632548
0.7503457
0.80091536
0.78575474
0.81510496
0.789095
0.8046711
0.8155581
0.8124096
0.8079851
0.7939234
0.7424935
0.7294875
0.74853075
0.758453
0.75789106
0.7259221
0.7448034
0.7379098
0.7391581
0.6930816
0.7169214
0.6964379
0.6619254
0.64277816
0.65632147
0.67236686
0.69657904
0.6987333
0.70683855
0.71785367
0.72980744
0.7467555
0.7420564
0.7537839
0.7565598
0.75006896
0.7876792
0.77195716
0.7959844
0.8128353
0.81625664
0.7906064
0.81618994
0.8023287
0.80897164
0.7998641
0.7974231
0.71700686
0.7384147
0.74482393
0.7385007
0.73947126
0.727581
0.7242411
0.71540666
0.72871274
0.7147619
0.6714639
0.68896455
0.6608466
0.6349025
0.68840903
0.6963811
0.6893895
0.72009957
0.68442094
0.74794424
0.7290325
0.7259069
0.6933154
0.6967698
0.6942279
0.701302
0.661456
0.69044065
0.63082844
0.61959666
0.60244286
0.6400063
0.67310137
0.67304504
0.6761302
0.7247058
0.7177883
0.71336246
0.6965876
0.6909279
0.66903126
0.6743311
0.67006713
0.7048073
0.70057875
0.74894017
0.744119
0.7590503
0.7622244
0.7530053
0.72872853
0.74183893
0.74459195
0.73983455
0.7228609
0.72652984
0.71106416
0.7239258
0.7263539
0.75346607
0.7354719
0.7208822
0.7528576
0.7476821
0.7436727
0.7422522
0.7284824
0.72219515
0.6906924
0.6854431
0.68398845
0.6811628
0.69268036
0.7141397
0.74393094
0.74898237
0.7794436
0.77889335
0.7945284
0.82317716
0.85470575
0.84553945
0.8279834
0.827786
0.7970063
0.7597142
0.7485738
0.7491349
0.74530995
0.804035
0.7838961
0.78457206
0.7426817
0.73111206
0.7501559
0.7621065
0.76251984
0.7132593
0.71372426
0.6430298
0.6800969
0.756176
0.76778823
0.75051546
0.8067205
0.8159034
0.82798606
0.8270483
0.7959772
0.8253896
0.8184113
0.7955923
0.83426607
0.8229306
0.82111424
0.7841609
0.8029311
0.85381716
0.805709
0.8079143
0.7282448
0.7570753
0.71119756
0.79345423
0.7951733
0.8227587
0.8695767
0.83838737
0.8406674
0.8175764
0.8363761
0.8343993
0.8125179
0.84658325
0.813324
0.7798956
0.7902292
0.788015
0.7933523
0.77978015
0.7872494
0.7976405
0.81522405
0.7938315
0.7904247
0.7716692
0.79067427
0.7688624
0.76755685
0.79258484
0.77062494
0.790713
0.77070063
0.764533
0.7654208
0.7683499
0.7691434
0.7699122
0.755846
0.7931153
0.7723086
0.76340634
0.76837933
0.7817259
0.7946514
0.766211
0.8002705
0.82271814
0.8289038
0.84228677
0.82912487
0.79345495
0.77201676
0.7921382
0.81381154
0.8150396
0.76170665
0.7754588
0.7476331
0.72531515
0.755484
0.77467996
0.7485263
0.74257463
0.73334616
0.74670523
0.7077986
0.7017277
0.7205814
0.71762776
0.7100649
0.71011627
0.7009314
0.7241693
0.6816898
0.73364085
0.7535967
0.7401988
0.70690846
0.6977645
0.7270928
0.71009344
0.7787831
0.7920039
0.7975164
0.8014768
0.8084783
0.8162517
0.8452706
0.82470846
0.8305975
0.81866944
0.83371073
0.86942697
0.8656535
0.82464796
0.80801624
0.79034823
0.7686776
0.74682045
0.77376485
0.7569368
0.7356003
0.71786183
0.7066479
0.6984182
0.68545073
0.6884724
0.6954164
0.7031521
0.71284735
0.7081267
0.68562925
0.6877318
0.66953975
0.6837638
0.6846527
0.668283
0.65739816
0.656679
0.65125406
0.62317806
0.56725
0.5935474
0.6038173
0.71561974
0.80153966
0.8061864
0.8054465
0.81670445
0.7707349
0.8023147
0.79455733
0.792563
0.7786355
0.72564787
0.698128
0.69457686
0.6840737
0.65804785
0.6442172
0.63081884
0.63664585
0.65343446
0.6665662
0.64134073
0.6408674
0.64982367
0.6861624
0.67984706
0.6872382
0.70541614
0.67981976
0.65497994
0.59178853
0.5876694
0.58087724
0.5750004
0.59965193
0.6364854
0.6270706
0.5907749
0.6119909
0.60941046
0.6132347
0.55484396
0.50661093
0
0
0
0
0
0
0
0
0
0
0
0
0
0
0
0
0
0
0
0
0
0
0
0
0
0
0
0
0
0
0
0
0
0
0
0
0
0
0
0
0
0
0
0
0
0
0
0
0
0
0
0
0
0
0
0
0
0
0
0
0
0
0
0
0
0
0
0
0
0
0
0
0
0
0
0
0
0
0
0
0
0
0
0
0
0
0
0
0
0
0
0
0
0
0
0
0
0
0
0
0
0
0
0
0
0
0
0
0
0
0
0
0
0
0
0
0
0
0
0
0
0
0
0
0
0
0
0
0
0
0
0
0
0
0
0
0
0
0
0
0
0
0
0
0
0
0
0
0
0
0
0
0
0
0
0
0
0
0
0
0
0
0
0
0
0
0
0
0
0
0
0
0
0
0
0
0
0
0
0
0
0
0
0
0
0
0
0
0
0
0
0
0
0
0
0
0
0
0
0
0
0
0
0
0
0
0
0
0
0
0
0
0
0
0
0
0
0
0
0
0
0
0
0
0
0
0
0
0
0
0
0
0
0
0
0
0
0
0
0
0
0
0
0
0
0
0
0
0
0
0
0
0.664485
0
0.6830701
0
0.6641986
0
0.6659379
0
0.66312194
0
0
0
0
0
0
0
0
0
0
0.6616711
0
0
0
0
0.6734779
0
0
0
0
0.6494569
0
0
0
0
0.66749334
0
0
0
0
0
0
0.6432392
0
0
0
0
0
0
0
0
0
0
0
0
0
0
0
0
0
0
0
0
0
0
0
0
0
0
0
0
0
0
0
0
0
0
0
0
0
0
0
0
0
0
0
0
0
0
0
0
0
0
0
0
0
0
0
0
0
0
0
0
0
0
0
0
0
0
0
0
0
0
0
0
0
0
0
0
0
0
0
0
0
0
0
0
0
0
0
0
0
0
0
0
0
0
0
0
0
0
0
0
0
0
0
0
0
0
0
0
0
0
0
0
0
0
0
0
0
0
0
0
0
0
0
0
0
0
0
0
0
0
0
0
0
0
0
0
0
0
0
0
0
0
0
0
0
0
0
0
0
0
0
0
0
0
0
0
0
0
0
0
0
0
0
0
0
0
0
0
0
0
0
0
0
0
0
0
0
0
0
0
0
0
0
0
0
0
0
0
0
0
0
0
0
0
0
0
0
0
0
0
0
0
0
0
0
0
0
0
0
0
0
0
0
0
0
0
0
0
0
0
0
0
0
0
0
0
0
0
0
0
0
0
0
0
0
0
0
0
0
0
0
0
0
0
0
0
0
0
0
0
0
0
0
0
0
0
0
0
0
0
0
0
0
0
0
0
0
0
0
0
0
0
0
0
0
0
0
0
0
0
0
0
0
0
0
0
0
0
0
0
0
0
0
0
0
0
0
0
0
0
0
0
0
0
0
0
0
0
0
0
0
0
0
0
0
0
0
0
0
0
0
0
0.65479463
0
0.6930654
0
0
0
0
0
0
0
0
0
0
0
0
0
0
0
0
0
0
0
0
0.6651701
0
0.7147288
0
0
0
0.729244
0
0.69871145
0
0
0.6663127
0
0.6459263
0
0
0
0
0
0.64845407
0
0.69775134
0
0
0
0
0.7300474
0
0.66811603
0
0.6887626
0
0
0
0
0
0
0.6404656
0
0
0.66410446
0
0
0
0
0
0
0
0
0
0
0
0
0
0
0
0
0
0
0
0
0
0
0
0
0
0
0
0
0
0
0
0
0
0
0
0
0
0
0
0
0
0
0
0
0
0
0
0
0
0
0
0
0
0
0
0
0
0
0
0
0
0
0
0
0
0
0
0
0
0
0
0
0
0
0
0
0
0
0
0
0
0
0
0
0
0
0
0
0
0
0
0
0
0
0
0
0
0
0
0
0
0
0
0
0
0
0
0
0
0
0
0
0
0
0
0
0
0
0
0
0
0
0
0
0
0
0
0
0
0
0
0
0
0
0
0
0
0
0
0
0
0
0
0
0
0
0
0
0
0
0
0
0
0
0
0
0
0
0
0
0
0
0
0
0
0
0
0
0
0
0
0
0
0
0
0
0
0
0
0
0
0
0
0
0
0
0
0
0
0
0
0
0
0
0
0
0
0
0
0
0
0
0
0
0
0
0
0
0
0
0
0
0
0
0
0
0
0
0
0
0
0
0
0
0
0
0
0
0
0
0
0
0
0
0
0
0
0
0
0
0
0
0.645741
0
0.6818607
0
0
0.72030574
0
0.7222307
0
0
0
0.7467552
0
0
0
0.7348352
0
0
0
0
0
0
0
0
0
0
0
0
0
0
0
0
0
0
0
0
0
0
0
0
0
0
0
0
0
0
0
0
0
0
0
0
0
0
0
0
0
0
0
0
0
0
0
0
0
