10000
1.0
0.9983383
0.9925685
0.99321526
0.9913182
0.9964551
0.99211764
0.991215
0.9822629
0.97958666
0.9731842
0.9727061
0.9695174
0.96243006
0.9550997
0.9576518
0.9477115
0.94882923
0.94153655
0.94145876
0.93436193
0.93650526
0.9305385
0.91767097
0.92684793
0.92138284
0.92400855
0.91329485
0.9192033
0.90397376
0.9070082
0.8944499
0.89890224
0.8891021
0.8755633
0.86140025
0.86701804
0.8680827
0.84756386
0.8489436
0.8358739
0.843288
0.8250854
0.8153999
0.81954736
0.8098403
0.79634935
0.7825453
0.785692
0.7664136
0.74955106
0.7464252
0.734375
0.7243708
0.7167188
0.7235072
0.69529784
0.70761245
0.6957941
0.7030979
0.6900998
0.7145351
0.6859348
0.69906825
0.67861944
0.6968694
0.68261814
0.6914498
0.6841085
0.69770646
0.69767684
0.68617517
0.70385325
0.7051282
0.70569503
0.7061895
0.71206856
0.70860904
0.70113915
0.7268182
0.7007632
0.6982969
0.6904226
0.7014061
0.69019955
0.70462066
0.69149745
0.70009005
0.6956558
0.7127805
0.70783883
0.73407143
0.747918
0.73371035
0.74303913
0.753215
0.7702475
0.7953156
0.80691594
0.8148853
0.82827365
0.8331621
0.81840867
0.8160124
0.8210295
0.8363054
0.8425829
0.83998394
0.8355542
0.8631138
0.8529286
0.8437184
0.84251153
0.83513343
0.83009106
0.8244824
0.8142679
0.82322717
0.8165754
0.8086514
0.81515807
0.8185243
0.8162987
0.80871207
0.81851983
0.8118505
0.8104037
0.8023647
0.7923099
0.79006344
0.78654706
0.77686083
0.77104515
0.77643603
0.7678605
0.77345544
0.76725477
0.77512044
0.75800496
0.77133805
0.77460515
0.78450555
0.77861935
0.78263915
0.77491677
0.7716211
0.7706317
0.76954454
0.7754939
0.7657238
0.7616925
0.7724649
0.7633179
0.7627475
0.7528864
0.7524157
0.7513433
0.76565933
0.76190877
0.757165
0.754553
0.7447727
0.7453511
0.7530846
0.74147415
0.7370933
0.74066997
0.7321333
0.7465437
0.74488956
0.74831325
0.751071
0.76220405
0.7652184
0.7428788
0.7464074
0.75090665
0.73835915
0.7362718
0.73602384
0.7254343
0.7234886
0.72064835
0.7161962
0.7246607
0.70596504
0.71266055
0.71153456
0.72675633
0.72201514
0.7214984
0.72654134
0.7050323
0.70221156
0.69878364
0.6818398
0.67871535
0.6717793
0.6649017
0.6616305
0.67196745
0.67441404
0.66585696
0.6544705
0.65060693
0.6666998
0.65899557
0.6509549
0.6387788
0.6486295
0.64419574
0.666706
0.6507886
0.6694671
0.6710755
0.68373436
0.6737643
0.6751292
0.67278594
0.67762154
0.6749018
0.6695474
0.6590106
0.68967575
0.68895996
0.6683336
0.6583044
0.68971664
0.6692001
0.6916382
0.6836281
0.6793418
0.67591095
0.6828392
0.6928494
0.66049284
0.6957061
0.68785536
0.6840525
0.6862039
0.6758948
0.67638665
0.68052715
0.69119686
0.6674347
0.6760816
0.67360145
0.677595
0.67629373
0.6764187
0.67890286
0.6736985
0.6533791
0.6728484
0.67030364
0.6539714
0.66502494
0.6622646
0.68231094
0.68120885
0.6488822
0.6796922
0.66893256
0.6722679
0.6655851
0.66928583
0.6775525
0.6767368
0.67369086
0.6698867
0.67579836
0.66100943
0.6424486
0.6579243
0.6570266
0.64771336
0.6460063
0.64618677
0.66155297
0.6576791
0.6542232
0.6577637
0.6748798
0.6744644
0.68182576
0.645491
0.6687927
0.6686712
0.6708769
0.655031
0.6461492
0.6474673
0.64812446
0.653697
0.6627073
0.64767915
0.64346004
0.6655001
0.6554157
0.65957725
0.6498875
0.6572638
0.66217303
0.6525041
0.6529125
0.6499966
0.6466061
0.66354847
0.66060996
0.6595202
0.6471548
0.664891
0.66160953
0.67507005
0.6635244
0.6576477
0.6813005
0.6534546
0.6699415
0.6648656
0.66173303
0.6615374
0.64902663
0.6604581
0.65905845
0.65298104
0.6334811
0.6439
0.65807873
0.6513186
0.6550619
0.6523032
0.6600672
0.6344338
0.65894765
0.63661885
0.6486184
0.6463564
0.63916045
0.63994664
0.64830923
0.64725804
0.63137025
0.64125293
0.6401123
0.65653753
0.6520137
0.64187425
0.6280024
0.63553804
0.64405155
0.6461505
0.6402123
0.63357437
0.64719784
0.66134924
0.6522619
0.66343635
0.6783099
0.66329986
0.6534156
0.6764573
0.68591195
0.6703481
0.6980451
0.69728386
0.69344026
0.68371946
0.7052134
0.697698
0.70571315
0.7029657
0.7022375
0.71097463
0.7195369
0.706615
0.7183734
0.7032108
0.7129987
0.6903564
0.69898885
0.6928273
0.68896466
0.687262
0.68434477
0.6953165
0.69321954
0.6852003
0.69118255
0.69277906
0.6906629
0.6884943
0.6818475
0.6726439
0.6734808
0.6615767
0.67942446
0.6749217
0.6651307
0.6559988
0.67419904
0.67000574
0.65447986
0.65693337
0.6544426
0.64235425
0.6524734
0.67094064
0.6683028
0.66423196
0.6589936
0.67567396
0.66419226
0.6677325
0.6746803
0.6643937
0.6838444
0.69520897
0.668454
0.6915138
0.6793499
0.6839204
0.67041284
0.6760784
0.66159403
0.67430985
0.67589444
0.6658149
0.68729955
0.6969027
0.67536676
0.6818616
0.69175506
0.6956607
0.6985035
0.67596424
0.6717613
0.68443125
0.69794846
0.7011703
0.6937816
0.6917057
0.7120972
0.6986531
0.70876086
0.70714164
0.7088746
0.70565116
0.71141624
0.72024304
0.71053606
0.6937512
0.7089922
0.7031919
0.69861543
0.6913181
0.7043995
0.7075923
0.69907796
0.6913868
0.7059885
0.6957189
0.6895456
0.7028615
0.6941676
0.69344366
0.6779361
0.68163806
0.6873127
0.6990088
0.6734417
0.69478416
0.68637794
0.6939825
0.6794844
0.6840478
0.70011234
0.70378035
0.6849732
0.68525857
0.6908739
0.6959159
0.69090706
0.6913357
0.68466926
0.6936735
0.695559
0.699852
0.7070002
0.70093775
0.708782
0.7015068
0.7015816
0.7192297
0.7078198
0.721157
0.72950447
0.7214186
0.7402566
0.753775
0.7484994
0.73963755
0.7463096
0.73524296
0.7289373
0.7466516
0.74830776
0.75701636
0.7579635
0.7559155
0.752482
0.7607449
0.7385236
0.7397398
0.7270434
0.74955225
0.7467722
0.7420116
0.74012196
0.734664
0.7491453
0.7350822
0.7368996
0.7201073
0.73073477
0.71810395
0.70909196
0.7116842
0.7104707
0.6971198
0.70278716
0.70436126
0.70541316
0.71468747
0.69937867
0.6974273
0.6989724
0.7253881
0.7025989
0.6951822
0.6845456
0.69314486
0.69620264
0.70587546
0.6951165
0.69447446
0.6958705
0.70823836
0.68859166
0.6882811
0.6892262
0.68896025
0.7135088
0.6990488
0.6876865
0.69423795
0.70272857
0.7000203
0.7024189
0.69817525
0.7254141
0.70578384
0.7115027
0.7284877
0.71105856
0.7135665
0.70257837
0.7234566
0.7193374
0.7204886
0.73407024
0.73732275
0.74860567
0.7367063
0.7534314
0.7566791
0.7588994
0.7451431
0.74902093
0.75295305
0.76579714
0.7548311
0.7472816
0.7565325
0.72837996
0.7567603
0.76436543
0.7390621
0.74506533
0.73876643
0.72260535
0.73867464
0.7249693
0.74605465
0.7362541
0.7463517
0.7317352
0.703737
0.6982702
0.7080108
0.7021143
0.7167732
0.7177841
0.7110814
0.6854681
0.6883387
0.6917505
0.68500805
0.694594
0.6952801
0.6836011
0.6768697
0.7023079
0.6809574
0.6854939
0.685235
0.6883799
0.6964551
0.6987486
0.67874956
0.70176864
0.6980535
0.69920534
0.6919298
0.7056814
0.7070736
0.70535296
0.6971553
0.70926136
0.70399797
0.71392405
0.7108568
0.7000961
0.7034942
0.71431106
0.7058269
0.72704816
0.7201675
0.70712817
0.72806823
0.7392716
0.73577493
0.74582636
0.7299041
0.7331027
0.7191346
0.74860984
0.7387122
0.75950956
0.74581057
0.74457127
0.73175466
0.7560315
0.7677214
0.734119
0.7463198
0.7625037
0.7508776
0.7341133
0.74696165
0.7631369
0.74417424
0.7551028
0.73576236
0.7349318
0.72761774
0.7303616
0.7467708
0.74516475
0.742443
0.726889
0.7410466
0.7204225
0.72731006
0.7207682
0.7191469
0.6980895
0.69690555
0.71515465
0.704958
0.70124245
0.69519925
0.69880986
0.6873823
0.69518715
0.69733137
0.6966765
0.688621
0.70016587
0.6885549
0.6752893
0.699495
0.70724326
0.69513845
0.6954155
0.708814
0.6991254
0.687738
0.69188803
0.6993936
0.69780254
0.71207947
0.6952129
0.7010245
0.7147836
0.7100246
0.71548206
0.7064259
0.699736
0.70543826
0.70628893
0.7192534
0.7158946
0.7131869
0.73212445
0.69671494
0.73372775
0.73098844
0.7075706
0.7299906
0.7282822
0.7116717
0.72230417
0.72429067
0.7459584
0.74495226
0.741051
0.7331302
0.73984194
0.76137966
0.738835
0.74955744
0.7436722
0.74312156
0.7407227
0.73332196
0.7516187
0.7373391
0.7368806
0.7434747
0.7381974
0.7150556
0.7342112
0.71961004
0.72769547
0.72160774
0.74135196
0.7209851
0.72473454
0.7100349
0.72059673
0.7043631
0.72219354
0.7026327
0.6998985
0.7136882
0.70879275
0.68401927
0.6954494
0.6957884
0.6912857
0.6831368
0.7011146
0.6861513
0.7133755
0.68354595
0.7021895
0.69641566
0.6981728
0.6972381
0.713277
0.7315286
0.7268765
0.71662676
0.6951363
0.6661999
0.6558586
0.6708343
0.6717034
0.6210753
0.6184553
0.56457835
0.5210415
0.5397781
0.487169
0.47808608
0.43593204
0.4038855
0.3769181
0
0
0
0
0
0
0
0
0
0
0
0
0
0
0
0
0
0
0
0
0
0
0
0
0
0
0
0
0
0
0
0
0
0
0
0
0
0
0
0
0
0
0
0
0
0
0
0
0
0
0
0
0
0.70486414
0.65731835
0.6858774
0.71236867
0.6957806
0.69598836
0.72167635
0.69822764
0.7050824
0.70220345
0.6957018
0.71201265
0.707834
0.68898904
0.70475394
0.710487
0.6997889
0.73228896
0.73234075
0.7413491
0.7305036
0.75523967
0.7518715
0.73276544
0.7426368
0.72613925
0.7718866
0.7576623
0.751411
0.76784664
0.79013544
0.7670801
0.7863653
0.7694711
0.7755147
0.7594122
0.78123105
0.76195496
0.77020884
0.76153034
0.7654845
0.76132375
0.7683815
0.77477896
0.76391435
0.7520341
0.7651474
0.75633806
0.75177646
0.7469265
0.7594286
0.73701155
0.74316055
0.7469563
0.71744335
0.74530405
0.74329615
0.75599843
0.7386402
0.73392963
0.7352388
0.74673694
0.74782175
0.7672823
0.7490042
0.74453473
0.75659657
0.73251176
0.76194125
0.7698629
0.74719197
0.77084774
0.7563301
0.7609006
0.7636841
0.75214314
0.77249724
0.75936705
0.7334277
0.7732118
0.73426604
0.7497356
0.7663325
0.75773257
0.784848
0.7857419
0.7639386
0.7940146
0.77567935
0.79446745
0.77705383
0.79960865
0.79298407
0.7852646
0.79605585
0.80281794
0.7740538
0.776305
0.78961325
0.75256723
0.7355592
0.7790731
0.77376753
0.7538487
0.76342773
0.75393546
0.7560992
0.77111936
0.7538086
0.74347925
0.7575257
0.7373798
0.73883855
0.74713457
0.74989384
0.74375147
0.7342064
0.7468259
0.7445047
0.76211774
0.7457307
0.7399861
0.7423393
0.73836666
0.7435164
0.7351726
0.7562402
0.73390204
0.734538
0.7446242
0.76246953
0.7422981
0.7577386
0.7749721
0.7538113
0.7604407
0.76793355
0.7781249
0.7644146
0.7646211
0.770727
0.78709257
0.78830045
0.81308645
0.78021234
0.79247445
0.79341966
0.79770803
0.7931524
0.7877024
0.7996372
0.7876415
0.78575915
0.7612304
0.76762545
0.7495847
0.7884475
0.7770498
0.77194303
0.77520275
0.7699948
0.77396667
0.7600932
0.76307786
0.76764995
0.74088943
0.750221
0.7597971
0.7479605
0.7488241
0.75769067
0.7552074
0.75561833
0.7558342
0.7611014
0.78663206
0.74193764
0.7558754
0.75793123
0.7672469
0.7734103
0.7662187
0.75791687
0.7874871
0.78296995
0.79523003
0.7926755
0.8054547
0.7866715
0.7799402
0.7866101
0.7861052
0.79744166
0.7871638
0.80217826
0.79148555
0.7964992
0.79104006
0.77701896
0.79435533
0.7775577
0.7698243
0.7836703
0.772369
0.7894382
0.77717465
0.764962
0.7742158
0.7704382
0.7733685
0.76508313
0.752708
0.756336
0.7696826
0.7531563
0.7613791
0.75569946
0.73929226
0.7653712
0.7631512
0.7577206
0.7536653
0.73564494
0.74801964
0.7622588
0.7658093
0.742694
0.76804656
0.7817793
0.7778436
0.7896093
0.77837837
0.78541505
0.7867648
0.7987109
0.78829885
0.7985635
0.7899865
0.8085586
0.7932813
0.80265933
0.7826284
0.77385885
0.7929978
0.78028333
0.78143084
0.76948255
0.76729774
0.7820671
0.7694644
0.7531877
0.7636854
0.7551485
0.75441
0.7552835
0.7574527
0.7530928
0.7522191
0.7507313
0.7498615
0.74914706
0.75443774
0.7482888
0.7536377
0.7542293
0.7396128
0.7632629
0.74018073
0.75003636
0.7619538
0.74695915
0.7844007
0.7784156
0.77294594
0.7801081
0.78973764
0.80585134
0.801143
0.81310785
0.80430657
0.8007404
0.80014926
0.7941467
0.7993656
0.8107371
0.8030822
0.80377823
0.78266937
0.7871244
0.7937589
0.78081924
0.78273296
0.7720083
0.76427907
0.75786084
0.7439787
0.74519926
0.739685
0.73077565
0.73279035
0.7317571
0.7359275
0.75493413
0.7382845
0.7403828
0.74956113
0.7367126
0.77187586
0.7506383
0.74569035
0.7620332
0.74885315
0.7765946
0.7758508
0.7733709
0.76912266
0.7866467
0.76754284
0.7772612
0.77611846
0.7829908
0.7842375
0.76950383
0.7737326
0.7775545
0.7699392
0.7591298
0.774318
0.7670481
0.76258385
0.74249023
0.73106056
0.72073895
0.717825
0.70158386
0.71999943
0.7223211
0.7251798
0.7131151
0.6902617
0.7114548
0.7231738
0.69717616
0.7171127
0.7493349
0.74819463
0.7253895
0.7493807
0.7462861
0.7484462
0.76170135
0.77051514
0.7431032
0.760024
0.7542392
0.7731386
0.7571336
0.7592175
0.78548664
0.7832815
0.7919746
0.7690858
0.76917696
0.7603483
0.77858216
0.7694417
0.7617558
0.74623746
0.7297045
0.7451867
0.72543764
0.7134176
0.7348903
0.7088956
0.7266082
0.7306574
0.71617657
0.7020031
0.70803094
0.71300125
0.6859556
0.71930206
0.69236517
0.707724
0.7089691
0.71570766
0.7136801
0.7198605
0.720348
0.7241061
0.7410838
0.724121
0.7320905
0.7659969
0.7527946
0.77856195
0.762536
0.76293534
0.7908095
0.77842623
0.7232432
0.74366367
0.7409412
0.72410434
0.7436942
0.7301587
0.72049236
0.7127864
0.7436951
0.71993655
0.70675266
0.7067521
0.7388941
0.7175288
0.70750344
0.7257771
0.72053856
0.7145294
0.69547653
0.69108254
0.69945663
0.6976986
0.69282454
0.7164615
0.729096
0.7233918
0.7157547
0.67754656
0.70368963
0.70525956
0.7158605
0.73293144
0.7341128
0.760567
0.7356169
0.7566076
0.74456143
0.73678064
0.7639836
0.73183346
0.72514796
0.7507448
0.7535511
0.76008755
0.7260286
0.73610646
0.7256614
0.7379521
0.7181956
0.7211526
0.73211336
0.6910156
0.69766563
0.66941977
0.69601405
0.67252487
0.6981503
0.69196844
0.6854037
0.6937581
0.6830217
0.6887335
0.68969893
0.66646606
0.6890327
0.70077133
0.716241
0.7007121
0.71590066
0.71907854
0.7268843
0.7196313
0.7231601
0.71293586
0.7144012
0.7202051
0.73936814
0.7135976
0.6753043
0.6787511
0.6853615
0.6980497
0.680549
0.6918431
0.7021157
0.67832774
0.6682499
0.6510099
0.68170106
0.669932
0.6597596
0.6633203
0.65004164
0.6801748
0.665056
0.65193707
0.67112744
0.6820531
0.67193025
0.67712003
0.69315714
0.6780196
0.700387
0.70869243
0.706891
0.7079586
0.71043015
0.72140986
0.6795656
0.692886
0.6979769
0.6705229
0.6794548
0.6651918
0.6804047
0.6742425
0.65465814
0.68586224
0.6721784
0.64572674
0.66034645
0.6595707
0.64161766
0.6407856
0.63242877
0.6525475
0.64311343
0.61416143
0.6332031
0.6220298
0.6510994
0.6380059
0.618714
0.66203564
0.6276036
0.6282589
0.6422775
0.6306337
0.6181667
0.64249736
0.65259063
0.64725804
0.6364746
0.64050007
0.6431092
0.65582573
0.6328375
0.64159
0.65666884
0.6697501
0.6229668
0.6519822
0.63432103
0.645759
0.6293498
0.6433674
0.6375057
0.6432924
0.6247953
0.6290368
0.6210047
0.6452101
0.6418202
0.62698895
0.6380787
0.62646484
0.61630344
0.6226809
0.60708785
0.6003868
0.61254096
0.58034295
0.6009553
0.60214597
0.5968254
0.5840015
0.58741087
0.5822009
0.5878099
0.62099683
0.59134066
0.5853393
0.6015586
0.6110849
0.59562415
0.6203387
0.6336439
0.6357448
0.63092005
0.6368267
0.62308604
0.62078947
0.6193353
0.63486546
0.6155308
0.6052824
0.6334729
0.62837905
0.6331638
0.6443473
0.6541587
0.62145394
0.62567097
0.6386758
0.63354164
0.65911174
0.64108294
0.6572793
0.6476608
0.6541694
0.65533936
0.6568442
0.6463713
0.66829
0.6459244
0.6390559
0.6484544
0.6437081
0.66285104
0.6543035
0.6578079
0.64538217
0.64107865
0.66646975
0.6389036
0.6729989
0.6604095
0.65658224
0.6667095
0.65426886
0.66091806
0.6488839
0.6513051
0.64801556
0.62647694
0.625133
0.62322
0.6465096
0.66946596
0.6583466
0.6482332
0.6555436
0.66056246
0.6459049
0.6655896
0.6418073
0.66862005
0.63646144
0.64843446
0.6408242
0.65859324
0.6486958
0.63774866
0.6392915
0.6405487
0.66787666
0.65974855
0.6846966
0.673579
0.66613996
0.65768266
0.6529176
0.6612952
0.6718175
0.64524937
0.6716022
0.67439663
0.68612397
0.68352216
0.6836683
0.68629336
0.6658243
0.67176706
0.68690956
0.6823067
0.6635264
0.6462611
0.67028016
0.64876395
0.6527981
0.6395474
0.6547381
0.64519954
0.64658195
0.64825046
0.6715192
0.6535264
0.68307
0.6649797
0.66157365
0.6585687
0.63016295
0.67599833
0.66677976
0.6760796
0.70152444
0.68323296
0.67979944
0.6934312
0.69412696
0.68661696
0.7037309
0.6911608
0.6950598
0.70032316
0.6782366
0.6946781
0.68630326
0.6957105
0.6966388
0.70073324
0.6949424
0.6881424
0.6875321
0.67796934
0.6855714
0.6764321
0.6680458
0.6825054
0.6524209
0.67470175
0.7033057
0.6952285
0.70007926
0.68958944
0.70710427
0.66988015
0.68272835
0.6757833
0.6569276
0.69294727
0.6955453
0.6940209
0.6859242
0.6721318
0.6771463
0.6860217
0.6591894
0.646539
0.6835079
0.67299
0.6762977
0.68199986
0.6838916
0.6692968
0.66342
0.66761386
0.65719396
0.6273989
0.6226609
0.6338295
0.6183931
0.58466494
0.5974742
0.59974563
0.6201518
0.61924714
0.6041012
0.6178179
0.61107945
0.61403036
0.60776407
0.60949314
0.5960415
0.6242027
0.6180619
0.61251855
0.6026961
0.61562264
0.61118937
0.6112016
0.6057287
0.60756195
0.61182624
0.6112139
0.6251203
0.61392117
0.6414785
0.61025995
0.6350677
0.6207338
0.61479557
0.6179406
0.63122797
0.6172526
0.6145885
0.6209913
0.6261333
0.6349249
0.611813
0.6090391
0.60703117
0.607177
0.60619855
0.60125387
0.6139415
0.5977861
0.6053137
0.5901092
0.60374
0.5978403
0.5924498
0.59419984
0.6016621
0.5967805
0.5959267
0.5994859
0.5827665
0.5989689
0.60007304
0.5876124
0.588399
0.6034666
0.58379114
0.59370613
0.59916645
0.58296734
0.59968287
0.58628744
0.6058554
0.61463016
0.6109738
0.58475137
0.57231617
0.59436965
0.5932945
0.59531456
0.586425
0.5918201
0.5968651
0.5901013
0.59100705
0.579255
0.5844598
0.5937878
0.60610306
0.6091351
0.5746082
0.58712643
0.58890307
0.6083132
0.58372045
0.6172075
0.610608
0.62346965
0.61412543
0.61737376
0.6011199
0.61926675
0.59747875
0.5967662
0.59257656
0.61641014
0.59032345
0.6027349
0.6083366
0.6102777
0.60649985
0.5782946
0.6217571
0.60958767
0.58891827
0.5910655
0.6204059
0.62483114
0.6022024
0.6124379
0.6234534
0.62524647
0.60745794
0.5988992
0.6055539
0.6077565
0.6061156
0.58519745
0.6097304
0.5975817
0.5906193
0.59827435
0.5859063
0.59999657
0.5927059
0.6164605
0.5945158
0.57401323
0.5835037
0.5756215
0.58071375
0.5935188
0.5883008
0.6203165
0.6108144
0.581386
0.5823225
0.59165084
0.57556945
0.5900266
0.61166644
0.5776883
0.5937294
0.5946871
0.5958792
0.59698814
0.5810324
0.5878472
0.59648323
0.5840448
0.5656732
0.601029
0.5848329
0.5688769
0.5888043
0.57932925
0.57495457
0.5422268
0.5785291
0.53654116
0.5645212
0.567949
0.5461551
0.5523804
0.52924436
0.58486265
0.5415945
0.55189925
0.549279
0.5656582
0.5416748
0.55618274
0.55339295
0.56853604
0.55279404
0.5605104
0.5377668
0.56479585
0.5690272
0.5407545
0.5888854
0.5564689
0.5531667
0.5606705
0.5793581
0.567424
0.54975307
0.57412785
0.5735665
0.58129025
0.5682908
0.5879455
0.5513819
0.56395817
0.5500686
0.5867903
0.54306346
0.5421286
0.593516
0.57581306
0.5428564
0.5687839
0.5641067
0.5620815
0.5673713
0.55571914
0.5537303
0.5727726
0.55752254
0.5722944
0.557344
0.56315845
0.57112473
0.5622085
0.54790205
0.5658105
0.5782738
0.58520603
0.56272465
0.56484187
0.5709724
0.5919675
0.5554553
0.5538502
0.5850504
0.5669214
0.55083066
0.5459487
0.55436826
0.55721414
0.5759487
0.5607535
0.53641635
0.5571382
0.57213223
0.5702957
0.55047554
0.5353716
0.56025887
0.551674
0.5375435
0.5475148
0.5204536
0.5489245
0.55056095
0.5581038
0.54023504
0.5269917
0.5285673
0.51801664
0.5170746
0.533249
0.54364836
0.54480284
0.5455079
0.5485067
0.5196786
0.5430061
0.53263724
0.5313621
0.5309228
0.5478236
0.53655684
0.54787743
0.52647525
0.52611387
0.53892523
0.548099
0.53221875
0.51505435
0.5379715
0.5225346
0.52278656
0.50685954
0.5239917
0.5369342
0.5377203
0.536758
0.5174542
