10000
0.8989755
0.90289354
0.89761263
0.90330845
0.901042
0.8951901
0.9032093
0.8996937
0.8957814
0.89999413
0.91560024
0.9138517
0.9145654
0.9159626
0.9207383
0.9076805
0.8948561
0.89712125
0.9012869
0.9021317
0.9029184
0.91084063
0.916855
0.919632
0.9234874
0.92102647
0.9272865
0.92743576
0.92957175
0.92948127
0.92735803
0.9281219
0.9191735
0.9143585
0.90771323
0.90995
0.9070348
0.9160327
0.9143917
0.91804343
0.9197798
0.9266033
0.9273742
0.92651254
0.92057294
0.9277796
0.927003
0.9200159
0.9143776
0.9070959
0.90400934
0.9036934
0.90983367
0.91919476
0.92287815
0.93281716
0.93307906
0.93324226
0.93412787
0.9290937
0.92323387
0.9176503
0.91210073
0.9104417
0.9114442
0.9185316
0.9158791
0.9190964
0.91663957
0.9179031
0.91384697
0.9199492
0.91639686
0.9199087
0.9182577
0.9135368
0.912978
0.9084445
0.9102137
0.90667874
0.891765
0.8895386
0.8902581
0.8939016
0.88930416
0.89162064
0.89944714
0.8962758
0.90088856
0.89218575
0.90120155
0.9007493
0.9069489
0.9015606
0.90477985
0.90464383
0.9055792
0.9077439
0.89855963
0.8971428
0.897264
0.89431554
0.8928759
0.8952656
0.89548457
0.89436376
0.8947326
0.90021396
0.89161515
0.90012115
0.8961215
0.90655196
0.90217406
0.9004743
0.8994785
0.89855343
0.9005739
0.89923173
0.90549827
0.9077431
0.89465386
0.90103763
0.8949279
0.89735746
0.90506107
0.89606386
0.8974088
0.8969103
0.89622545
0.90342635
0.89857423
0.90756464
0.9057272
0.90533507
0.90077364
0.8970738
0.8987055
0.8943342
0.90028864
0.9026277
0.9106269
0.90604734
0.90280795
0.8960548
0.8984087
0.88826835
0.8910909
0.88661355
0.88512665
0.884092
0.8830141
0.8892139
0.8800961
0.89334244
0.8844275
0.89035296
0.88558406
0.88164854
0.8736556
0.86760694
0.8622136
0.8539002
0.8543398
0.8548062
0.87408555
0.8694376
0.8649764
0.86358
0.8576263
0.8476541
0.8407664
0.83737826
0.82469165
0.82718575
0.8122261
0.81474245
0.8015944
0.79888594
0.78748137
0.77748793
0.7439353
0.7222457
0.6887148
0.65413564
0.61223644
0.5503499
0.499363
0.4474115
0.44261914
0.4580641
0.47693023
0.5205603
0.54029554
0.5656039
0.5753646
0.59122556
0.6313248
0.6541199
0.67433435
0.70027035
0.70634013
0.7251666
0.7402722
0.74740994
0.76544994
0.7658263
0.75922805
0.75949806
0.77378654
0.778307
0.7976182
0.8192461
0.823245
0.8160244
0.822669
0.8263445
0.819154
0.8196024
0.8047141
0.81247693
0.7998052
0.8027945
0.8046112
0.8058418
0.8031092
0.8094199
0.8103146
0.81167126
0.809489
0.81482166
0.80767083
0.82270795
0.80673236
0.8193231
0.8121914
0.8126382
0.8097204
0.8188244
0.8210425
0.8175409
0.81469065
0.8116227
0.82301676
0.81943464
0.82242787
0.81190556
0.81637514
0.8098803
0.8100143
0.8115972
0.81240404
0.8136997
0.80703413
0.81934977
0.82254726
0.82148325
0.82192886
0.8231472
0.8232832
0.82305974
0.83706003
0.8362394
0.8363016
0.83852786
0.8379106
0.839099
0.8397664
0.83863413
0.8405038
0.8376219
0.8426392
0.84815603
0.8473228
0.84769046
0.8439512
0.84767663
0.8445733
0.84802794
0.8435918
0.8451141
0.8442328
0.8443324
0.8459549
0.84681463
0.8458211
0.8489184
0.84847116
0.8523541
0.843768
0.85056174
0.85488105
0.8594245
0.8664117
0.86121273
0.86320853
0.8553564
0.847763
0.84073
0.8501224
0.8507501
0.8595175
0.8582036
0.8615618
0.8604281
0.8621807
0.86320496
0.8608851
0.8602715
0.8596144
0.8580283
0.85856646
0.8611942
0.86094147
0.8577576
0.8608035
0.8601839
0.85769886
0.85656047
0.8561108
0.8522701
0.84772426
0.84226173
0.8400765
0.8402589
0.83754843
0.8463867
0.8434827
0.8509563
0.8442122
0.8509386
0.8460563
0.85266536
0.8550774
0.85041595
0.8580917
0.85391235
0.86180025
0.8515778
0.8542877
0.85074866
0.85024595
0.8492278
0.85068107
0.8501731
0.85358274
0.85422224
0.8524577
0.8565431
0.8471263
0.8403452
0.85252595
0.84552884
0.84558886
0.838039
0.83994794
0.8369732
0.83911836
0.8413646
0.8401524
0.8430974
0.8402129
0.8382059
0.8397494
0.8378535
0.8414805
0.84095395
0.83851737
0.8357081
0.83575755
0.84996694
0.8567883
0.8643473
0.8651102
0.8606782
0.86004984
0.86335635
0.8559157
0.85913014
0.8580647
0.85872597
0.85972446
0.85448694
0.8589651
0.8453484
0.8512837
0.84106183
0.8399457
0.8380894
0.8384469
0.83654124
0.83706564
0.83598167
0.83458793
0.8383871
0.832802
0.8433091
0.83102846
0.84204245
0.8318272
0.83847874
0.8352305
0.8380279
0.8338227
0.83881843
0.83108985
0.84315306
0.82935745
0.84457916
0.83921
0.8527201
0.83810383
0.84740525
0.839646
0.84216946
0.8406366
0.8438302
0.8423918
0.85513914
0.84607714
0.8503076
0.8475628
0.861638
0.8483741
0.86194736
0.8485413
0.85372484
0.8363956
0.8359384
0.816636
0.8317222
0.8246941
0.8440157
0.8533917
0.8664465
0.8573297
0.8680896
0.8581342
0.86856425
0.8575838
0.8681415
0.8530627
0.8511488
0.8269525
0.83090115
0.8208172
0.82851076
0.8242146
0.83656836
0.8295068
0.84740984
0.83342654
0.8490158
0.830782
0.8345757
0.80958164
0.8160427
0.81349975
0.8223019
0.8062572
0.81501436
0.8067534
0.7969268
0.8088778
0.8130418
0.8038178
0.80436176
0.80371994
0.8090872
0.8012113
0.81330776
0.81233877
0.8169827
0.81246406
0.8133663
0.8104448
0.82537794
0.81967163
0.82909983
0.8345372
0.8325411
0.8244832
0.8201276
0.82257986
0.8246326
0.8207646
0.8157921
0.8244631
0.8282989
0.82810724
0.8244506
0.821398
0.8302724
0.8367398
0.8280261
0.83999276
0.8032836
0.7979844
0.7759586
0.75911564
0.76149505
0.74721646
0.72014695
0.723179
0.72055095
0.7135372
0.7132674
0.70741427
0.6930555
0.6763567
0.6426685
0.63436466
0.6486749
0.6305096
0.61493796
0.58811784
0.5597221
0.52968764
0.53140527
0.51290214
0.49254176
0.5218571
0.4745876
0.4682462
0.50859874
0.52911264
0.58441067
0.55570376
0.5331651
0.5199461
0.513179
0.557838
0.5550422
0.55071294
0.50758183
0.45619208
0.4908894
0.5417685
0.54827154
0.51542294
0.5397442
0.48583007
0.47938815
0.5045045
0.5111057
0.5067621
0.48513752
0.4049029
0.43763015
0.4383715
0.40570006
0.4368275
0.5225732
0.5342732
0.62489533
0.6734562
0.6928571
0.7468534
0.713985
0.6552312
0.61547196
0.54869443
0.5236232
0.5130253
0.6453253
0.70960504
0.81099164
0.76273
0.6929143
0.7359273
0.59894526
0.68287796
0.6766287
0.7471277
0.7487478
0.69928014
0.7070715
0.73145545
0.6746646
0.69304806
0.7245498
0.7805676
0.8170014
0.7854375
0.7910062
0.79396373
0.7723043
0.6591531
0.74119025
0.7681536
0.7580818
0.77350605
0.7350419
0.69670135
0.60745484
0.47151208
0.37331745
0.42832965
0.36681032
0
0
0
0
0
0
0
0
0
0
0
0
0
0
0
0
0
0
0
0
0
0
0
0
0
0
0
0
0
0
0
0
0
0
0
0
0
0
0
0
0
0
0
0
0
0
0
0
0
0
0
0
0
0
0
0
0
0
0
0
0
0
0
0
0
0
0
0
0
0
0
0
0
0
0
0
0
0
0
0
0
0
0
0
0
0
0
0
0
0
0
0
0
0
0
0
0
0
0
0
0
0
0
0
0
0
0
0
0
0
0
0
0
0
0
0
0
0
0
0
0
0
0
0
0
0
0
0
0
0
0
0
0
0
0
0
0
0
0
0
0
0
0
0
0
0
0
0
0
0
0
0
0
0
0
0
0
0
0
0
0
0
0
0
0
0
0
0
0
0
0
0
0
0
0
0
0
0
0
0
0
0
0
0
0
0
0
0
0
0
0
0
0
0
0
0
0
0
0
0
0
0
0
0
0
0
0
0
0
0
0
0
0
0
0
0
0
0
0
0
0
0
0
0
0
0
0
0
0
0
0
0
0
0
0
0
0
0
0
0
0
0
0
0
0
0
0
0
0
0
0
0
0
0
0
0
0
0
0
0
0
0
0
0
0
0
0
0
0
0
0
0
0
0
0
0
0
0
0
0
0
0
0
0
0
0
0
0
0
0
0
0
0
0
0
0
0
0
0
0
0
0
0
0
0
0
0
0
0
0
0
0
0
0
0
0
0
0
0
0
0
0
0
0
0
0
0
0
0
0
0
0
0
0
0
0
0
0
0
0
0
0
0
0
0
0
0
0
0
0
0
0
0
0
0
0
0
0
0
0
0
0
0
0
0
0
0
0
0
0
0
0
0
0
0
0
0
0
0
0
0
0
0
0
0
0
0
0
0
0
0
0
0
0
0
0
0
0
0
0
0
0
0
0
0
0
0
0
0
0
0
0
0
0
0
0
0
0
0
0
0
0
0
0
0
0
0
0
0
0
0
0
0
0
0
0
0
0
0
0
0
0
0
0
0
0
0
0
0
0
0
0
0
0
0
0
0
0
0
0
0
0
0
0
0
0
0
0
0
0
0
0
0
0
0
0
0
0
0
0
0
0
0
0
0
0
0
0
0
0
0
0
0
0
0
0
0
0
0
0
0
0
0
0
0
0
0
0
0
0
0
0
0
0
0
0
0
0
0
0
0
0
0
0
0
0
0
0
0
0
0
0
0
0
0
0
0
0
0
0
0
0
0
0
0
0
0
0
0
0
0
0
0
0
0
0
0
0
0
0
0
0
0
0
0
0
0
0
0
0
0
0
0
0
0
0
0
0
0
0
0
0
0
0
0
0
0
0
0
0
0
0
0
0
0
0
0
0
0
0
0
0
0
0
0
0
0
0
0
0
0
0
0
0
0
0
0
0
0
0
0
0
0
0
0
0
0
0
0
0
0
0
0
0
0
0
0
0
0
0
0
0
0
0
0
0
0
0
0
0
0
0
0
0
0
0
0
0
0
0
0
0
0
0
0
0
0
0
0
0
0
0
0
0
0
0
0
0
0
0
0
0
0
0
0
0
0
0
0
0
0
0
0
0
0
0
0
0
0
0
0
0
0
0
0
0
0
0
0
0
0
0
0
0
0
0
0
0
0
0
0
0
0
0
0
0
0
0
0
0
0
0
0
0
0
0
0
0
0
0
0
0
0
0
0
0
0
0
0
0
0
0
0
0
0
0
0
0
0
0
0
0
0
0
0
0
0
0
0
0
0
0
0
0
0
0
0
0
0
0
0
0
0
0
0
0
0
0
0
0
0
0
0
0
0
0
0
0
0
0
0
0
0
0
0
0
0
0
0
0
0
0
0
0
0
0
0
0
0
0
0
0
0
0
0
0
0
0
0
0
0
0
0
0
0
0
0
0
0
0
0
0
0
0
0
0
0
0
0
0
0
0
0
0
0
0
0
0
0
0
0
0
0
0
0
0
0
0
0
0
0
0
0
0
0
0
0
0
0
0
0
0
0
0
0
0
0
0
0
0
0
0
0
0
0
0
0
0
0
0
0
0
0
0
0
0
0
0
0
0
0
0
0
0
0
0
0
0
0
0
0
0
0
0
0
0
0
0
0
0
0
0
0
0
0
0
0
0
0
0
0
0
0
0
0
0
0
0
0
0
0
0
0
0
0
0
0
0
0
0
0
0
0
0
0
0
0
0
0
0
0
0
0
0
0
0
0
0
0
0
0
0
0
0
0
0
0
0
0
0
0
0
0
0
0
0
0
0
0
0
0
0
0
0
0
0
0
0
0
0
0
0
0
0
0
0
0
0
0
0
0
0
0
0
0
0
0
0
0
0
0
0
0
0
0
0
0
0
0
0
0
0
0
0
0
0
0
0
0
0
0
0
0
0
0
0
0.71625644
0.38796434
0.41347352
0.44508663
0.50423306
0.46969077
0.4790536
0.4829399
0.47741428
