10000
0.8198979
0.82271385
0.8250572
0.818706
0.81491804
0.8186833
0.8384471
0.8359064
0.82397556
0.8249218
0.8160927
0.807724
0.77229404
0.77245396
0.78073496
0.7794395
0.78178793
0.7868446
0.78251433
0.7675854
0.7674895
0.7629077
0.75506544
0.7765758
0.76404786
0.76425856
0.7631363
0.7608704
0.7614268
0.74191386
0.73776
0.76050305
0.7760588
0.7886428
0.815079
0.807719
0.80367947
0.8029494
0.8077662
0.81218815
0.8104301
0.82062775
0.8279459
0.8398576
0.82072854
0.80484205
0.7847621
0.7712683
0.7515884
0.7511794
0.75010973
0.752903
0.7695097
0.7619597
0.7751226
0.76185685
0.7670904
0.7579555
0.7478897
0.7520988
0.7507548
0.74528927
0.7383548
0.742061
0.75625306
0.7313335
0.7337645
0.755273
0.7697892
0.7829867
0.7942332
0.7876927
0.78456813
0.78721535
0.79212993
0.7957627
0.79743737
0.8025893
0.797645
0.7853398
0.78532726
0.77594423
0.7659381
0.7502525
0.7421996
0.75616646
0.7548412
0.7557095
0.7508305
0.7564548
0.7430043
0.753565
0.7400396
0.75565636
0.75561166
0.7690708
0.7624386
0.7521942
0.75158894
0.749133
0.7366226
0.7222658
0.74646425
0.7612447
0.78072965
0.79077613
0.79882437
0.7894039
0.7890512
0.7958715
0.7971574
0.7959461
0.8060846
0.8033122
0.78495234
0.7858493
0.7857473
0.78708035
0.7676894
0.7560612
0.7656907
0.76941407
0.7788097
0.7884844
0.802159
0.8134513
0.8142033
0.8093769
0.80147934
0.7956853
0.7890289
0.7928696
0.7761103
0.7704899
0.74997675
0.7332628
0.7162233
0.73502797
0.7522745
0.78200924
0.79947674
0.80636567
0.8011878
0.7887795
0.80089384
0.8112611
0.8010377
0.79419553
0.80283374
0.80330914
0.7810309
0.77726907
0.7837122
0.7698042
0.7525399
0.7546229
0.75921035
0.7729342
0.77591306
0.77719206
0.7804863
0.7975692
0.7943604
0.7966353
0.7819342
0.783415
0.78123957
0.793756
0.789324
0.7890997
0.782542
0.75462073
0.73719335
0.7490031
0.762156
0.78212965
0.7921293
0.80564314
0.79832286
0.79658383
0.7850154
0.79224867
0.7927798
0.7821784
0.79685515
0.7901242
0.7895351
0.77580994
0.7770564
0.76070654
0.7516317
0.76642406
0.778187
0.7762599
0.7944035
0.7944574
0.79422283
0.800913
0.79451144
0.7959544
0.78906894
0.78855044
0.799538
0.7934365
0.79602677
0.77731335
0.7502778
0.734104
0.72196937
0.74941564
0.7673407
0.7822232
0.7957221
0.7950912
0.7972373
0.80232096
0.80268294
0.802124
0.7984754
0.79896873
0.7994967
0.7887814
0.78200036
0.7728351
0.7618769
0.74338406
0.7448322
0.7596504
0.76670825
0.7717259
0.78435254
0.7876865
0.7875759
0.79289037
0.7876405
0.7901219
0.78828025
0.79213244
0.78844917
0.7925543
0.76993847
0.77060026
0.7582652
0.7309431
0.72691035
0.7478913
0.77980244
0.79598784
0.8070485
0.79795283
0.77945924
0.77930486
0.7824216
0.7799184
0.7816546
0.78498054
0.79802126
0.8029022
0.8032521
0.78967273
0.79069424
0.7787893
0.75726336
0.7608685
0.7743365
0.76969504
0.7738218
0.76622117
0.76889473
0.7595091
0.763976
0.7571331
0.7632717
0.76534426
0.77932805
0.7490959
0.7657167
0.7607221
0.74404746
0.72587806
0.72603196
0.74363905
0.76922774
0.7813198
0.78839105
0.77574784
0.7833723
0.7717222
0.7692928
0.77015334
0.77577585
0.7992084
0.796408
0.7992245
0.78425956
0.7880575
0.77103573
0.76172614
0.7548258
0.7606146
0.76918286
0.7843197
0.7681562
0.7717304
0.7579665
0.7827687
0.7688608
0.7707503
0.77556026
0.7839098
0.7658947
0.7745455
0.7576424
0.7567763
0.7424618
0.72792596
0.72281504
0.7500965
0.7738185
0.7656821
0.7754937
0.77693933
0.7658844
0.7625619
0.77922416
0.77469224
0.790999
0.7826425
0.8065945
0.7887724
0.7809941
0.7506315
0.7517058
0.7445335
0.7588635
0.76170784
0.7762855
0.7674654
0.7636043
0.77365845
0.78443265
0.78240603
0.7746204
0.7829933
0.7729405
0.7683575
0.7677904
0.74801993
0.73860484
0.73769647
0.72441393
0.7220947
0.71694297
0.7665567
0.76807404
0.7731024
0.77291816
0.7681211
0.7623692
0.76803625
0.7672582
0.78341556
0.7727814
0.79898274
0.78735346
0.78242576
0.7816094
0.7819287
0.75934833
0.74032426
0.75178415
0.7640336
0.7630409
0.7645916
0.747119
0.76413727
0.7621181
0.76492786
0.7575904
0.7584931
0.750252
0.7478625
0.76951236
0.7510528
0.74133426
0.734847
0.72868687
0.7255562
0.72890586
0.7661282
0.7695544
0.7689659
0.7798885
0.76555496
0.76121217
0.7563542
0.7576143
0.7644162
0.7704253
0.76091546
0.7769446
0.7637163
0.76600957
0.741584
0.73178935
0.6989215
0.7051968
0.7174867
0.7300849
0.7246038
0.704336
0.7232488
0.7250995
0.7449155
0.74429286
0.7360112
0.7545635
0.73144585
0.7348505
0.72690517
0.747552
0.72605944
0.7275763
0.7223745
0.72379285
0.7148894
0.7365953
0.7406256
0.7495281
0.7504134
0.7433643
0.74425405
0.7478119
0.74723214
0.75386953
0.7521828
0.7557544
0.7653179
0.7714544
0.7542243
0.74646264
0.7390265
0.7323693
0.7431956
0.75229716
0.7666356
0.73617303
0.7434223
0.748213
0.77293825
0.77078533
0.76242834
0.7665325
0.77447313
0.78036267
0.76694363
0.7584961
0.75695163
0.75257415
0.75747985
0.74825907
0.7557318
0.7666817
0.77513194
0.7867262
0.7837502
0.7875761
0.77665275
0.7797964
0.7767535
0.78931755
0.783787
0.7980991
0.7932918
0.7845319
0.7817754
0.7709116
0.75409573
0.7305808
0.73286456
0.7346808
0.74424404
0.7525028
0.73086375
0.74006695
0.71703345
0.7385299
0.73533154
0.73979014
0.73026204
0.7424237
0.7492753
0.76504505
0.7518338
0.7612339
0.7427203
0.7643968
0.75534856
0.7597817
0.78338736
0.81064594
0.81889606
0.822019
0.82725334
0.8304383
0.8291586
0.831177
0.8381616
0.8377625
0.8233207
0.83341306
0.8328327
0.8240176
0.80271024
0.7895903
0.7972238
0.7879287
0.8072462
0.81104606
0.806238
0.8055177
0.7991802
0.8068521
0.8157087
0.8210166
0.81931347
0.82671857
0.80575573
0.8215449
0.7983247
0.7904583
0.7807146
0.7678574
0.76799536
0.77234495
0.8021641
0.80489385
0.8132394
0.80875516
0.8112229
0.80996484
0.80560577
0.8066641
0.8109264
0.8019245
0.80119073
0.79534054
0.79707646
0.79359156
0.7959639
0.785015
0.7883444
0.7811236
0.77908546
0.78799766
0.7820058
0.7791041
0.7796547
0.77959025
0.7949642
0.78551817
0.7825666
0.78014874
0.769292
0.76733494
0.77468604
0.7713926
0.78183764
0.7865134
0.78870714
0.80332476
0.80758446
0.8183776
0.82201445
0.8186065
0.8099097
0.8153616
0.80709255
0.80361974
0.78979796
0.7946866
0.79097205
0.7871179
0.78991127
0.7959862
0.7882849
0.7861617
0.7840745
0.77607375
0.7733229
0.789529
0.7896156
0.7902044
0.7743868
0.7663571
0.77127117
0.78314584
0.79295075
0.7886023
0.7791083
0.7763828
0.76410913
0.7710009
0.7703919
0.798958
0.80361336
0.80113506
0.82451326
0.8067413
0.8010749
0.80775434
0.81003696
0.795872
0.8083474
0.7922108
0.78123224
0.78024054
0.7817701
0.7811974
0.77490205
0.76805514
0.7745613
0.77747977
0.7852849
0.788158
0.7725412
0.79228675
0.79447347
0.7896446
0.7810609
0.76288915
0.76462847
0.7623188
0.78313804
0.78336054
0.78594667
0.7903909
0.7765648
0.77780986
0.7826192
0.79677933
0.7969239
0.80675626
0.7964629
0.796592
0.7918419
0.78642493
0.7754043
0.7660332
0.7841103
0.77738684
0.77101797
0.76756537
0.76255274
0.75832677
0.7498861
0.76080203
0.7594552
0.74825907
0.76819927
0.76530105
0.7679287
0.77396816
0.7836329
0.7849952
0.76803887
0.7585595
0.7687555
0.7754289
0.7768145
0.76831496
0.78504544
0.78725284
0.7814645
0.7629685
0.76410973
0.758966
0.78267294
0.7892315
0.78933936
0.7819638
0.7697964
0.7867065
0.7751627
0.7553739
0.7354663
0.7321669
0.7276305
0.71781737
0.7220974
0.7284561
0.73426193
0.7343178
0.7408972
0.7404044
0.7487568
0.7481489
0.762094
0.7642644
0.78682786
0.7853749
0.78767
0.76676
0.74203146
0.7310794
0.74631983
0.7565005
0.7566195
0.7680271
0.77533525
0.77831197
0.7572741
0.755658
0.7628536
0.7671318
0.7768708
0.7798405
0.7747901
0.7498216
0.7335082
0.7344786
0.72358125
0.727289
0.7263281
0.73552203
0.74352646
0.7332238
0.73223305
0.7302705
0.74887353
0.747168
0.7421267
0.72457516
0.71872604
0.743125
0.7472189
0.7523851
0.7596122
0.7603218
0.7481911
0.74535173
0.7691567
0.7711998
0.7645614
0.7606206
0.7636876
0.76249826
0.7686187
0.7552331
0.7363425
0.73557836
0.74624383
0.7422097
0.74379265
0.73253465
0.72678924
0.7080164
0.7251835
0.71444935
0.7113169
0.69631046
0.69519013
0.6925553
0.69367135
0.69590443
0.69395345
0.69308215
0.6931134
0.6923144
0.6944884
0.71370864
0.705813
0.72628814
0.70908743
0.74264526
0.76595515
0.7495654
0.7486918
0.77188283
0.7720509
0.76103145
0.7633313
0.75495934
0.7658459
0.7515805
0.73254657
0.73086673
0.70800096
0.7129382
0.7079969
0.69957536
0.68477154
0.6829366
0.6696618
0.6739974
0.68197525
0.64731246
0.6774101
0.6511097
0.6509136
0.64939725
0.6579264
0.659431
0.6643223
0.67415595
0.6842193
0.6932798
0.69279146
0.7127119
0.7258991
0.710838
0.7196895
0.724001
0.7252697
0.724131
0.73582125
0.73477936
0.72616833
0.72667843
0.7281104
0.73853976
0.7399401
0.71939147
0.70487404
0.6755343
0.67495376
0.67554694
0.6690798
0.6544759
0.64790094
0.63762015
0.6588447
0.65352905
0.6424863
0.6371261
0.6331351
0.63464797
0.642317
0.64831
0.67081404
0.6686959
0.66528034
0.6793129
0.6713382
0.67608255
0.657436
0.6712778
0.67402303
0.66356117
0.6891523
0.66490686
0.68064475
0.7016644
0.71450454
0.7188083
0.7183122
0.7119648
0.7197188
0.71675634
0.6992174
0.6925424
0.708664
0.70404845
0.69315284
0.7073456
0.6791169
0.66973287
0.6700874
0.67196023
0.6789768
0.6541843
0.67119133
0.6582607
0.6652613
0.6799226
0.68607396
0.68996936
0.69871014
0.7003487
0.6825177
0.68158615
0.69438255
0.6988616
0.69678044
0.7144601
0.73665047
0.7279384
0.72064656
0.71511793
0.74139714
0.7370287
0.744372
0.73481375
0.7445604
0.7407365
0.73168087
0.70653903
0.6934024
0.7137924
0.71435165
0.7071856
0.7134744
0.72007746
0.70931596
0.6872599
0.70263493
0.6858392
0.68825036
0.6922839
0.6865729
0.6826474
0.70601875
0.6832071
0.7117793
0.7022202
0.7016612
0.686239
0.69637406
0.70328724
0.72219056
0.7312287
0.73550826
0.73153055
0.7487836
0.6923268
0.7022116
0.68404824
0.6849222
0.6921489
0.6844239
0.684918
0.69901884
0.7012376
0.6988438
0.6915663
0.7073109
0.6874559
0.67382336
0.66352177
0.6732819
0.67153543
0.6767767
0.66661614
0.66074884
0.6457974
0.62694347
0.6394985
0.65097
0.6530479
0.6673636
0.66612154
0.6724481
0.66056955
0.6519662
0.65869886
0.6525316
0.6603124
0.67516696
0.69412076
0.67288834
0.6564897
0.6432221
0.66040283
0.6509345
0.6475541
0.6537157
0.6571675
0.6522774
0.66124207
0.64748126
0.6701172
0.6548616
0.6422575
0.6199492
0.59337753
0.6108556
0.61656594
0.63329124
0.6310767
0.59649354
0.6039599
0.5977685
0.6080219
0.604821
0.60901725
0.5823511
0.6001863
0.5965801
0.5900747
0.58471465
0.5984482
0.60858405
0.6120612
0.59823656
0.6234867
0.6195662
0.607657
0.60598963
0.6259157
0.6145723
0.6239756
0.627901
0.62765366
0.64554316
0.6517491
0.6433995
0.64459383
0.6593417
0.64632434
0.6457963
0.6360492
0.6415049
0.64318794
0.6439611
0.65997154
0.63924474
0.6541485
0.64788955
0.65835893
0.65239173
0.64879805
0.6405628
0.64011574
0.63394547
0.66380584
0.64263463
0.6670906
0.66961396
0.6604572
0.66486585
0.6546618
0.6652772
0.6388453
0.6334957
0.6230008
0.63061523
0.626342
0.61767274
0.62802005
0.61419815
0.6191829
0.61964494
0.62345827
0.62582326
0.6569562
0.6548615
0.659765
0.66562915
0.66974187
0.659588
0.66545784
0.6721478
0.66599524
0.6483413
0.6545312
0.63850194
0.64390534
0.6408902
0.62781334
0.64613146
0.6259482
0.62239516
0.6355217
0.6286803
0.6229874
0.6232175
0.61997205
0.6154741
0.6060164
0.60484993
0.58560044
0.58429265
0.59335285
0.59734434
0.6079815
0.6232496
0.62560344
0.63426244
0.63401186
0.6280025
0.63290197
0.6294078
0.6370207
0.64215755
0.6488606
0.6467953
0.64163387
0.65527105
0.6261748
0.62482303
0.61795735
0.6237746
0.61292505
0.6192497
0.61473495
0.61395
0.60743755
0.5981288
0.6024633
0.6088974
0.620673
0.59461236
0.5894654
0.57804024
0.568186
0.5413511
0.5474682
0.5252168
0.5285262
0.5264041
0.5222768
0.5237755
0.52317107
0.53479874
0.5092039
0.5443176
0.53461194
0.527797
0.57057565
0.5500604
0.54983354
0.5538805
0.5464495
0.4994649
0.49631372
0.4467974
0.48876077
0.45417193
0.49060914
0.51271284
0.5157124
0.53787506
0.53822654
0.5432359
0.54445964
0.5701517
0.5472441
0.61127096
0.5777612
0.6157034
0.59871525
0.5643069
0.54587
0.5394318
0.5460329
0.53707886
0.56052756
0.558449
0.5729715
0.5976212
0.60762596
0.6260535
0.61445
0.6067452
0.6139777
0.631189
0.6332617
0.6553792
0.6572373
0.64435875
0.6289197
0.6266825
0.6246925
0.632233
0.6442933
0.6557653
0.6585389
0.66732794
0.65183264
0.6500386
0.6446413
0.64087677
0.6511611
0.6530947
0.6430795
0.6419557
0.6395763
0.6219635
0.62107074
0.61532664
0.6171697
0.6245971
0.6341724
0.640078
0.65560853
0.6539945
0.6710693
0.66673464
0.66788566
0.6714249
0.6700157
0.67595404
0.67004025
0.6741213
0.6652906
0.64874214
0.63109154
0.6369114
0.6428748
0.658354
0.6688218
0.67782766
0.6724348
0.66422063
0.6506886
0.66662526
0.65196335
0.670665
0.67042875
0.6775905
0.65719444
0.6506817
0.6493913
0.6163367
0.6098626
0.6069146
0.6179796
0.63337374
0.6350977
0.6362111
0.6479501
0.63556147
0.64077514
0.63391054
0.64342904
0.63363826
0.63937455
0.6440175
0.64920855
0.6335399
0.62800515
0.6156688
0.6133634
0.626979
0.6433331
0.656908
0.65894693
0.6691353
0.68005854
0.7019684
0.6997235
0.69126236
0.6711644
0.6655498
0.68004745
0.6761756
0.6736727
0.6628406
0.6470227
0.6344241
0.62487733
0.61807984
0.6187762
0.6291848
0.6350623
0.6594473
0.6614454
0.66356814
0.6702787
0.66837674
0.6826364
0.675215
0.6773017
0.6866771
0.671161
0.6782944
0.6553072
0.6599925
0.6667043
0.6839012
0.6861247
0.69258666
0.7010376
0.7048389
0.71780324
0.7089749
0.7116013
0.7038773
0.6986408
0.6811883
0.67696613
0.6777761
0.66579324
0.6874655
0.66651547
0.6466458
0.6182989
0.59721017
0.60123163
0.6084234
0.61226356
0.64211386
0.6530079
0.6733603
0.6725079
0.6825578
0.6817368
0.6835949
0.6728818
0.6613369
0.64542055
0.621329
0.6296558
0.6426682
0.6354186
0.63339645
0.64806414
0.6465228
0.64554197
0.65617645
0.63725805
0.66252714
0.6855895
0.68871427
0.68623185
0.6974826
0.69545317
0.7024532
0.70626533
0.6827237
0.68974334
0.6716862
0.66656387
0.661571
0.65532243
0.6692194
0.69336146
0.7199042
0.72693855
0.7115431
0.67682254
0.64982706
0.6284343
0.64263517
0.63385046
0.6390152
0.6504628
0.6217958
0.6012009
0.61810225
0.63754773
0.6525701
0.67478955
0.67177117
0.6870387
0.69472754
0.6914251
0.69280064
0.6980434
0.6987539
0.6989117
0.6999413
0.6966112
0.6563826
0.6071254
0.60537803
0.5904438
0.59268606
0.5901754
0.5593416
0.57081324
0.59224504
0.61672
0.65324104
0.674515
0.6719935
0.6811573
0.6568181
0.6723187
0.677143
0.6936203
0.702284
0.71758693
0.698209
0.70305246
0.68748665
0.6784644
0.7079811
0.7191713
0.7504251
0.7489384
0.73661387
0.7416554
0.7449182
0.7499841
0.7522678
0.7697175
0.76928335
0.76215655
0.7345674
0.74427295
0.72980094
0.709909
0.72519606
0.7236148
0.7179793
0.7035066
0.6948203
0.69815004
0.7037361
0.70355535
0.70500135
0.71295404
0.7241325
0.70497215
0.6719772
0.6563598
0.65385264
0.6564945
0.663979
0.63156533
0.64111954
0.6294635
0.6155725
0.6110887
0.6067522
0.57331675
0.58554935
0.5570474
0.56874764
0.56839055
0.567321
0.5871974
0.6021562
0.6105461
0.6034986
0.61323035
0.62324315
0.63225436
0.62107724
0.6152208
0.6263649
0.5999643
0.60335565
0.5683928
0.54744184
0.5388292
0.5494487
0.55387837
0.5848978
0.6158569
0.61868656
0.6401423
0.6266802
0.6384655
0.6504131
0.65614426
0.65152
0.6368592
0.6621082
0.671312
0.71114045
0.716112
0.70949584
0.7288237
0.7409758
0.72910744
0.7363939
0.7225787
0.7451362
0.7301755
0.75571877
0.73934096
0.7611863
0.7460501
0.75814164
0.7172765
0.73041016
0.74249774
0.7238279
0.7321577
0.7418194
0.7136939
0.73437697
0.71757257
0.7221331
0.70020974
0.6981104
0.6874125
0.6821176
0.7184389
0.72750235
0.69490653
0.6808425
0.6844648
0.69383955
0.70899916
0.71309566
0.7523099
0.7561822
0.72015303
0.69280875
0.6923217
0.69882745
0.7074277
0.7210652
0.7147375
0.70764077
0.7043378
0.70399797
0.6993067
0.6898682
0.692537
0.68722975
0.6804447
0.6978911
0.70951277
0.7299666
0.7330112
0.72828996
0.7310343
0.713971
0.71506643
0.70667785
0.6947178
0.691576
0.7084316
0.6792272
0.6778659
0.6537838
0.6437354
0.6630732
0.6886812
0.70915854
0.75030863
0.7570892
0.73915684
0.66833234
0.6618674
0.70963323
0.68545926
0.7133824
0.70830256
0.7160529
0.6929376
0.66706264
0.6372669
0.6404449
0.6480475
0.6398326
0.61203754
0.62933767
0.6417049
0.6437973
0.68778586
0.6596074
0.67297834
0.6297428
0.6199143
0.6447611
0.6374535
0.6157081
0.6362695
0.66130376
0.6302236
0.6305808
0.5825227
0.6396044
0.6547384
0.6750255
0.7057458
0.7044078
0.6862987
0.68895644
0.66520077
0.68922627
0.70232904
0.7198073
0.69350564
0.72198457
0.6984522
0.67435455
0.68665123
0.67619604
0.6647224
0.67549783
0.64888155
0.6711847
0.6907821
0.67660177
0.6949341
0.68578243
0.67888033
0.66362685
0.6591153
0.6303361
0.6269021
0.6549696
0.6598744
0.66232497
0.6480027
0.6127297
0.5938501
0.60349464
0.643061
0.65282494
0.66784495
0.66884863
0.66635776
0.63845396
0.6608563
0.6513135
0.68464893
0.6687479
0.6823951
0.6681682
0.6612062
0.651888
0.62566537
0.62362194
0.61931026
0.62855005
0.64034545
0.63273853
0.63176185
0.66643775
0.65584064
0.6533244
0.6446967
0.63828355
0.62950575
0.62656575
0.6206351
0.61854136
0.61687183
0.6225007
0.61016035
0.5851957
0.580382
0.60294163
0.6068703
0.6181958
0.6466136
0.6553427
0.6458561
0.608982
0.6447682
0.6519576
0.6507961
0.65955466
0.6475304
0.65585965
0.6657047
0.64271367
0.6308201
0.6136813
0.605875
0.6075486
0.6103317
0.6135352
0.6018192
0.5998379
0.63308954
0.65346366
0.65193814
0.644889
0.6478381
0.639778
0.6192291
0.6342211
0.647264
0.63160616
0.6288971
0.6061537
0.5733169
0.57462215
0.5570754
0.5560457
0.5675043
0.63243484
0.65724474
0.6291992
0.61731225
0.6725418
0.65734595
0.66118413
0.651662
0.6386567
0.65578604
0.669844
0.6302304
0.6140789
0.64109755
0.62152344
0.6196538
0.6216585
0.64615226
0.631973
0.6139178
0.66040903
0.637506
0.635326
0.62494755
0.64493626
0.64049715
0.64866954
0.6442284
0.6338497
0.63264346
0.61992306
0.6207464
0.5998597
0.602451
0.59307605
0.60339886
0.6440797
0.66236866
0.6518799
0.6260442
0.67274314
0.6864203
0.67602193
0.6894257
0.6674099
0.67128706
0.6725089
0.6623791
0.6497046
0.6535422
0.6464119
0.6560886
0.66354585
0.6754676
0.68077356
0.68565065
0.6810802
0.6860926
0.6746915
0.64929885
0.6545132
0.6621088
0.67850906
0.6600086
0.65666944
0.6558359
0.6516784
0.628952
0.61916035
0.592015
0.5957428
0.59004265
0.60547996
0.6684644
0.6660665
0.6223208
0.61288434
0.6470819
0.66799396
0.67235845
0.6683612
0.6740447
0.67393696
0.66238654
0.6507265
0.64784646
0.65642905
0.65553707
0.66464126
0.69111407
0.6629366
0.70046496
0.67093205
0.6861381
0.680141
0.65921205
0.6781005
0.6679379
0.65936995
0.6640103
0.66904426
0.6406164
0.65220195
0.6352047
0.6150154
0.60748714
0.603314
0.58136827
0.59077394
0.6406049
0.6829935
0.63890916
0.62584025
