10000
0.8975866
0.88745594
0.88172305
0.88946724
0.88796777
0.8741451
0.87504596
0.87339395
0.86671287
0.84124815
0.823064
0.815995
0.8079447
0.81054354
0.78278583
0.8224433
0.8153302
0.7771141
0.74328846
0.7225101
0.72869635
0.7264201
0.7350163
0.77808887
0.7798667
0.81967735
0.829484
0.8390075
0.83067095
0.8304542
0.84008896
0.82423747
0.8203585
0.8086093
0.8103225
0.83570135
0.8407138
0.8184981
0.8271384
0.8226445
0.8261798
0.82268906
0.811663
0.7945929
0.7697092
0.76915956
0.7763816
0.8106064
0.84948194
0.8539545
0.83847034
0.8074556
0.8148997
0.84411186
0.85536236
0.8691754
0.85969746
0.8540978
0.8517216
0.8331553
0.82453454
0.84042144
0.8166159
0.8055907
0.78021085
0.8010859
0.78087425
0.7847164
0.7824599
0.8119259
0.83280015
0.838778
0.83130854
0.8399362
0.8047977
0.84042865
0.88690346
0.86093765
0.85539347
0.8399974
0.8422903
0.841959
0.8313511
0.83498037
0.8167558
0.822683
0.84435725
0.7801417
0.7860466
0.7653435
0.7867679
0.8082852
0.82746243
0.8438008
0.8571317
0.82797194
0.78872937
0.8587329
0.83522666
0.79503816
0.77767754
0.78271675
0.76363176
0.7153204
0.6803162
0.63002807
0.6428457
0.59961504
0.52430755
0.5834392
0.615248
0.5784183
0.53895754
0.5047516
0.4661131
0.44899747
0.44697025
0.5050031
0.54736733
0.6452855
0.6450509
0.6187979
0.6002904
0.5462377
0.5689989
0.59394056
0.5697394
0.56493723
0.5861979
0.57372606
0.54812735
0.5107438
0.47169724
0.46707582
0.4143493
0.3802324
0.3840622
0.39533564
0.39306456
0
0
0
0
0
0
0
0
0
0
0
0
0
0
0
0
0
0
0
0
0
0
0
0
0
0
0
0
0
0
0
0
0
0
0
0
0
0
0
0
0
0
0
0
0
0
0
0
0
0
0
0
0
0
0.69135064
0
0
0.7120266
0
0
0
0
0
0
0
0
0.722168
0.54158425
0.768151
0.7641516
0.7604085
0.7696683
0.7842659
0.79338086
0.7564164
0.7414261
0.75867003
0.765397
0.76367146
0.7687957
0.76113904
0.7781584
0.7411541
0.7530896
0.7703178
0.7573407
0.7529471
0.76242906
0.7709931
0.7962374
0.8073103
0.8092781
0.80260676
0.8237395
0.8109635
0.8234065
0.787008
0.76367813
0.7700879
0.7865981
0.79131234
0.78751296
0.7849097
0.7825163
0.79423726
0.7832512
0.75882727
0.7848593
0.78882897
0.80016583
0.7702812
0.77492166
0.77901024
0.792536
0.75615406
0.76455134
0.7640706
0.784852
0.78756696
0.76725173
0.7693851
0.78284234
0.7845494
0.7913312
0.78855884
0.77318496
0.75558984
0.7580068
0.755912
0.7500858
0.7734508
0.7783243
0.77252644
0.78294206
0.7833197
0.790242
0.7468565
0.75480443
0.746357
0.76089185
0.78979003
0.7909868
0.7993552
0.78067195
0.77467024
0.78445625
0.7897663
0.8082547
0.8015476
0.80340654
0.77536905
0.7845271
0.78233224
0.77449274
0.75454897
0.76804477
0.767297
0.76978034
0.78747725
0.78043884
0.77499497
0.77790105
0.75282794
0.7451674
0.7661124
0.75871515
0.762269
0.7833203
0.8009787
0.8112806
0.80079293
0.8051763
0.79019207
0.7706342
0.7838061
0.79602164
0.7947749
0.7788285
0.7775461
0.75501525
0.7645233
0.76560545
0.78343785
0.765978
0.7661275
0.7790592
0.79186064
0.79527694
0.80028266
0.78638345
0.7823984
0.77951425
0.78845304
0.78901076
0.7989408
0.7516514
0.7402665
0.7363191
0.7382451
0.7459041
0.74089676
0.74670446
0.75654495
0.7317617
0.74737024
0.7425667
0.7485369
0.7705216
0.76642096
0.7541901
0.77314895
0.75956213
0.75145334
0.77530515
0.754861
0.75496095
0.74860156
0.74495643
0.751434
0.72776854
0.74374604
0.7479031
0.76777637
0.7628013
0.77708673
0.773638
0.7588027
0.75440806
0.7491428
0.77111304
0.761077
0.74879915
0.7366297
0.764224
0.76646817
0.76902664
0.75859576
0.76584166
0.7774951
0.774645
0.78209627
0.7735985
0.7585151
0.7492636
0.75541663
0.7923736
0.7746871
0.7875569
0.7650709
0.7628791
0.7603725
0.7811913
0.7806322
0.76522875
0.74862266
0.7441771
0.7582794
0.78654
0.797151
0.78346133
0.76214033
0.7751406
0.7861768
0.79532933
0.79037845
0.758763
0.7100316
0.7263309
0.7431368
0.75279874
0.75343806
0.76538235
0.7534264
0.76167685
0.7563218
0.7745956
0.7476142
0.74683005
0.74339277
0.7597481
0.783539
0.79949284
0.78740156
0.78029567
0.78591317
0.794494
0.7724964
0.76296914
0.75861126
0.7439896
0.7580369
0.7657762
0.75410223
0.7562607
0.7686303
0.7678912
0.7659105
0.77367085
0.7752001
0.7601065
0.75472707
0.73799944
0.76346976
0.80546564
0.7966514
0.7664184
0.77118176
0.7836096
0.7862339
0.7793917
0.7738572
0.74662435
0.74237055
0.75183856
0.7650116
0.76891613
0.7524515
0.7536163
0.7550576
0.75098556
0.7497077
0.76997393
0.7489377
0.74620426
0.7602128
0.74936384
0.76776534
0.7883628
0.77119184
0.7897019
0.7639862
0.75767505
0.77342075
0.752062
0.76014245
0.7319111
0.74131894
0.7578063
0.7853321
0.7852278
0.7875314
0.7722763
0.7708853
0.7758421
0.75254357
0.7613401
0.7449997
0.75371456
0.74359655
0.731844
0.7581701
0.7721346
0.7563558
0.7515529
0.7354372
0.7625089
0.7486635
0.7294945
0.72459537
0.7096098
0.7030427
0.71410465
0.7601829
0.75429183
0.7550254
0.75325906
0.76941484
0.7734857
0.7708713
0.76363343
0.7551183
0.7684774
0.75250185
0.77832377
0.80897385
0.78712994
0.79673034
0.7736643
0.79766595
0.8019537
0.79682434
0.78207517
0.78217494
0.75142205
0.7125404
0.7390333
0.75740206
0.74769133
0.74586487
0.7516192
0.7532928
0.7362201
0.7317395
0.73471427
0.7016218
0.7186785
0.7116588
0.7215989
0.7307646
0.73176783
0.73825496
0.70474344
0.7171794
0.7319849
0.7338555
0.7365237
0.7524011
0.72110826
0.7189957
0.74175197
0.7568906
0.7626957
0.7547342
0.7547479
0.73852265
0.76695675
0.75400025
0.74797636
0.7281274
0.71837676
0.7241012
0.7258653
0.7303374
0.7206229
0.7305693
0.7442197
0.75067496
0.74075943
0.7227517
0.7043242
0.6932684
0.670414
0.72463155
0.735538
0.7351635
0.74164504
0.7533067
0.7676227
0.7721457
0.7696555
0.76216286
0.73748153
0.7369872
0.74494475
0.7491784
0.7867751
0.7720747
0.7968181
0.7621456
0.74776876
0.7337031
0.7304651
0.7137499
0.6794277
0.6724633
0.7150489
0.72579217
0.7384035
0.76140255
0.7501259
0.748313
0.73928505
0.7582503
0.760084
0.74631053
0.75027514
0.7236395
0.7579974
0.7620124
0.76549804
0.78067106
0.7922053
0.76597804
0.7642166
0.787179
0.7707783
0.7833883
0.75091267
0.7357644
0.73850596
0.764379
0.78211457
0.7670325
0.7539001
0.75428486
0.7498173
0.74487543
0.7771282
0.73788804
0.71949935
0.6941866
0.72692263
0.751751
0.77336067
0.7957533
0.7766411
0.77916884
0.75571865
0.7957896
0.7859814
0.7577934
0.73637676
0.70271057
0.7515801
0.7657466
0.77286667
0.7530243
0.75998193
0.7563669
0.7714811
0.77363604
0.75548875
0.7441259
0.74207616
0.7472363
0.78823686
0.79119116
0.811132
0.8002896
0.78111476
0.77865475
0.78626376
0.7795443
0.78159106
0.75727594
0.76183146
0.74259514
0.76642925
0.7690745
0.78280133
0.7691347
0.7652922
0.76082087
0.75806093
0.77666384
0.7675426
0.74905646
0.73617
0.77458984
0.7979511
0.83397484
0.8235378
0.81926584
0.80763566
0.8086981
0.82198626
0.8119484
0.7801776
0.76370525
0.7521087
0.7757204
0.78934765
0.7778219
0.76153004
0.74609953
0.76183426
0.77283776
0.787425
0.81037456
0.78112274
0.7747587
0.7587597
0.79131013
0.82648057
0.830063
0.8240174
0.80785036
0.80626124
0.8155844
0.8217767
0.7929589
0.77102673
0.77068466
0.8097451
0.80747825
0.79695
0.7868743
0.7767952
0.7731828
0.7898674
0.79429364
0.80308264
0.7921919
0.8000333
0.80812144
0.8372773
0.8404444
0.8491417
0.83531857
0.83578265
0.8486252
0.84351563
0.83971083
0.8250586
0.8097027
0.7893189
0.7903711
0.78859264
0.7836433
0.7560071
0.7575281
0.7799543
0.7861935
0.7909615
0.80177253
0.7755476
0.76670784
0.79568493
0.8258255
0.821596
0.8120658
0.82032174
0.8226045
0.8266068
0.8316401
0.8324167
0.8081571
0.77749014
0.7834903
0.81770897
0.78274816
0.78876317
0.7993412
0.7962357
0.78812194
0.7872428
0.7966514
0.8091749
0.8146349
0.8291076
0.7924867
0.8021366
0.8339623
0.83776236
0.82004136
0.8064094
0.8093095
0.82536876
0.8320008
0.8533171
0.79875803
0.7985646
0.77962434
0.77481145
0.77154124
0.7650065
0.7640558
0.78282696
0.79148304
0.7799137
0.77903163
0.78078693
0.76058173
0.7465763
0.7664745
0.8022726
0.8141924
0.7890034
0.79700315
0.7946824
0.8040582
0.8343465
0.81367147
0.7789558
0.7805237
0.8087379
0.8266227
0.8104022
0.8081314
0.8058431
0.80373996
0.79844767
0.7947673
0.8045686
0.81284404
0.8132873
0.8069541
0.79553866
0.8119213
0.83618236
0.83445686
0.82837385
0.8089641
0.8138557
0.8233556
0.81876254
0.808075
0.78185844
0.78685445
0.7716557
0.7708528
0.7861249
0.80479455
0.7958152
0.7965719
0.8052287
0.8093767
0.81379277
0.8183208
0.81084394
0.80541265
0.79565626
0.8069785
0.82661456
0.83736205
0.8263291
0.83230424
0.83835435
0.8347951
0.82405186
0.8049706
0.79070777
0.7983949
0.848963
0.8163973
0.8359781
0.81335276
0.82225084
0.8134128
0.8340919
0.83851844
0.83688927
0.8170132
0.81012464
0.803598
0.79526716
0.8032964
0.81451535
0.8037645
0.8065367
0.81298053
0.8194939
0.80732834
0.788008
0.80222195
0.8384308
0.803914
0.8307851
0.8181053
0.7739789
0.7598266
0.7596971
0.7610906
0.797181
0.8077719
0.8105476
0.7927999
0.79131496
0.77430046
0.7993843
0.82196474
0.80966294
0.7975168
0.78835773
0.7782355
0.77835107
0.78881377
0.787593
0.76639205
0.728725
0.752054
0.7657014
0.72935605
0.7150438
0.7313195
0.7427824
0.7421375
0.7433817
0.75312716
0.7531581
0.76022637
0.7262776
0.697459
0.6824817
0.71968234
0.6861619
0.71758676
0.7324874
0.73304003
0.73501897
0.7251974
0.7072171
0.7161438
0.73397654
0.7365269
0.76458794
0.7513296
0.7738417
0.7844154
0.7706717
0.7569599
0.7164674
0.7001006
0.6937323
0.7258245
0.72758
0.7398603
0.73713696
0.74419135
0.7663264
0.7438078
0.72115123
0.6982516
0.6913396
0.73395383
0.7308017
0.71893203
0.7250974
0.74652225
0.7453725
0.7480501
0.70629686
0.6930428
0.72512746
0.7418218
0.7870949
0.7983335
0.803475
0.80123603
0.80720496
0.78187937
0.79862964
0.78690356
0.7854038
0.79883075
0.7543053
0.7642956
0.7482762
0.7253427
0.72474754
0.73637
0.734302
0.72104305
0.6884074
0.7106266
0.71966636
0.71805596
0.7258779
0.7310657
0.7428619
0.74892676
0.71289337
0.69262457
0.69647336
0.6919609
0.72104824
0.7225479
0.73687756
0.7447006
0.7315195
0.7605458
0.752257
0.7534574
0.7294313
0.70756924
0.6671001
0.7063925
0.74797815
0.7471967
0.74739563
0.73425514
0.7336384
0.7275601
0.72372895
0.73006636
0.74426717
0.7460407
0.69753176
0.7297016
0.73168933
0.7443867
0.75227207
0.7413026
0.7256317
0.7162287
0.6809334
0.67828244
0.7329539
0.74546134
0.7465262
0.76711696
0.7734624
0.7650485
0.77954274
0.7636132
0.7569022
0.75284415
0.74095106
0.7353752
0.70421684
0.7529974
0.7400595
0.75227356
0.74527913
0.7549524
0.739595
0.71426284
0.70154625
0.69441605
0.666572
0.69239783
0.74666584
0.75349164
0.7617502
0.74302703
0.7290702
0.7027778
0.71134067
0.6968577
0.6973093
0.6825561
0.6800558
0.6797993
0.70331234
0.73127097
0.7120762
0.722374
0.7059967
0.70163035
0.70324725
0.6905029
0.71323323
0.6831283
0.6992096
0.7039676
0.7113323
0.7087559
0.6813825
0.6777322
0.6744828
0.6853063
0.68652886
0.694887
0.73231786
0.736239
0.7455978
0.7106286
0.7435169
0.72743803
0.71030486
0.70060164
0.70824176
0.7313
0.76402116
0.7881556
0.7653021
0.72214204
0.666309
0.65258807
0.6701606
0.67999536
0.71373284
0.7310349
0.74662447
0.7458999
0.77470255
0.8014481
0.80114084
0.80132324
0.81542623
0.7962677
0.74171877
0.71892875
0.7410008
0.7184368
0.7198796
0.7242505
0.73968136
0.75792354
0.80988324
0.7855249
0.75252676
0.76452655
0.7697416
0.7528153
0.7429782
0.72864914
0.71766126
0.73617226
0.73043513
0.7622843
0.78537446
0.7702931
0.7629358
0.7360574
0.6851492
0.6763796
0.6881566
0.6763388
0.680294
0.690647
0.67895305
0.7034591
0.7257987
0.73654675
0.7502845
0.7348184
0.7312525
0.74338496
0.7239016
0.72824174
0.72508454
0.71156573
0.7484571
0.77858347
0.765532
0.7414759
0.7313303
0.7055717
0.67872816
0.6903335
0.6625692
0.6337434
0.6397933
0.65774566
0.6795333
0.6848739
0.7091823
0.69572794
0.7091047
0.71535695
0.7433177
0.71560097
0.70704293
0.68593633
0.7127911
0.7239292
0.7373738
0.7410469
0.7053534
0.67341363
0.6730238
0.6803007
0.6828062
0.63344187
0.5823203
0.60795194
0.58986026
0.62612355
0.6410066
0.6765299
0.6640978
0.6390135
0.67243266
0.7155402
0.6975066
0.6896992
0.66324526
0.6686817
0.66191465
0.69001305
0.72785795
0.70169485
0.6858795
0.6971732
0.66818523
0.61596876
0.6403685
0.6142977
0.60768443
0.54902965
0.5860483
0.59681964
0.6183231
0.650246
0.70197093
0.68243754
0.6879341
0.7144103
0.7122303
0.69345033
0.65143806
0.6539935
0.6924794
0.711683
0.71541333
0.70366126
0.7050364
0.67260134
0.65237087
0.65295494
0.6700954
0.6438458
0.62085503
0.5710117
0.6126601
0.6309077
0.65764666
0.68076795
0.6763531
0.65574765
0.6657202
0.73814124
0.7182435
0.72500575
0.6670693
0.70131725
0.734762
0.7337285
0.7539985
0.72957677
0.67409384
0.6444064
0.6458615
0.66896915
0.66370964
0.61659205
0.6309779
0.64475346
0.64615047
0.6752819
0.67565036
0.6596775
0.64219505
0.6206867
0.73508066
0.7215048
0.7280854
0.71405905
0.7110603
0.71969235
0.74166155
0.71747905
0.6966978
0.6977887
0.6123261
0.6357075
0.65079284
0.6482336
0.6213736
0.61077887
0.6444701
0.6501069
0.6969217
0.68553513
0.6389745
0.6307556
0.6455668
0.6900185
0.6950679
0.66942656
0.67391634
0.6750151
0.69034994
0.6902956
0.72269964
0.69393796
0.6472535
0.60687643
0.58835053
0.5802369
0.60793626
0.5911839
0.545409
0.5541267
0.58065313
0.6047977
0.59176344
0.6238656
0.6259499
0.60231894
0.59769547
0.6132396
0.6350633
0.6442686
0.6584109
0.6567925
0.6460797
0.6912366
0.6957882
0.72559524
0.71214795
0.6630723
0.6199519
0.57637376
0.56138384
0.6037585
0.6072625
0.60982937
0.6114063
0.6524563
0.65832794
0.67069834
0.65818727
0.6276898
0.6056612
0.6209495
0.6215357
0.65366346
0.70700896
0.72741026
0.72103596
0.72880614
0.74966526
0.7533209
0.72465736
0.64185274
0.60928595
0.55003405
0.52949977
0.573805
0.586001
0.5914509
0.5975023
0.6224897
0.64485663
0.6540198
0.64893997
0.60662717
0.6023252
0.6535085
0.69280714
0.70521164
0.7393854
0.7303647
0.6979153
0.696068
0.71882725
0.7322033
0.70278513
0.62873644
0.59494394
0.5686475
0.5905789
0.60662097
0.626815
0.61934423
0.645708
0.65646327
0.61234534
0.5905426
0.57985103
0.6021113
0.6032025
0.6579535
0.69880205
0.72571915
0.7408048
0.7476517
0.728895
0.697857
0.67905146
0.6354796
0.59466696
0.57315797
0.60282856
0.58141047
0.58765286
0.58555824
0.60830295
0.63971883
0.65731996
0.6315481
0.6185042
0.6209518
0.6463275
0.6165018
0.659595
0.66168696
0.67935085
0.6623989
0.6660157
0.6924697
0.68863696
0.67247415
0.61185455
0.6202376
0.60665745
0.64814824
0.66427094
0.6640367
0.6488193
0.6871632
0.7033917
0.7055393
0.71249765
0.6929145
0.7019295
0.6819623
0.7123974
0.7415253
0.72034425
0.7014035
0.72440135
0.73253524
0.74429154
0.7026719
0.7021049
0.71535105
0.7055644
0.7203655
0.70745194
0.6906691
0.6637132
0.69069964
0.72808963
0.7710873
0.78141737
0.74077827
0.70369136
0.69909984
0.72546077
0.70831954
0.7025457
0.7187751
0.7106944
0.72858506
0.70527846
0.7201463
0.70682675
0.65496784
0.621764
0.62451553
0.62739056
0.6346456
0.655282
0.6664895
0.6810068
0.67287886
0.67598706
0.69122785
0.6658855
0.63336855
0.6238493
0.619708
0.61560535
0.63859713
0.6165604
0.587001
0.5950973
0.64005834
0.6576291
0.6397351
0.6463523
0.6275727
0.6122336
0.6642532
0.66236156
0.6755074
0.66657126
0.6494673
0.6627452
0.6701452
0.65243244
0.6428329
0.6382922
0.66366243
0.6432423
0.69048315
0.69145167
0.6289249
0.6271464
0.6287454
0.65534663
0.6494914
0.6600995
0.67067534
0.6612664
0.66666347
0.660083
0.6708242
0.651637
0.64285517
0.62930167
0.64883643
0.6561796
0.6779668
0.690575
0.6616161
0.63216406
0.65218425
0.67318094
0.66721684
0.67093253
0.62998617
0.64979684
0.6632533
0.69260406
0.7192237
0.73076916
0.7040904
0.68672955
0.66722643
0.693754
0.6548683
0.6777058
0.6661384
0.6721246
0.70562893
0.70514303
0.7421946
0.7210982
0.6900615
0.7033209
0.7371204
0.7324827
0.71885
0.6834904
0.6852803
0.67766416
0.71607226
0.73231596
0.7518446
0.74799937
0.718704
0.74601173
0.7230688
0.67011946
0.6823815
0.69677216
0.7121366
0.6986728
0.71207905
0.72247493
0.7402409
0.6826014
0.7098329
0.7282823
0.7376499
0.74544805
0.75476336
0.705448
0.6848083
0.7056803
0.7268317
0.7683881
0.74733025
0.74542695
0.7123201
0.71477604
0.7067712
0.67795646
0.7114582
0.7040235
0.7062664
0.70626634
0.7131783
0.6911917
0.6800872
0.72741246
0.7217078
0.72642773
0.74664205
0.7607576
0.68694186
0.68142515
0.6717672
0.6883472
0.6931217
0.6894539
0.70215434
0.70599955
0.69166166
0.6991976
0.70892906
0.72792464
0.70910823
0.67820615
0.69686353
0.70331156
0.6336111
0.67648816
0.73294353
0.70348
0.72009796
0.7464298
0.7212401
0.69327956
0.6559542
0.65525335
0.7093462
0.723227
0.7368381
0.70252705
0.6987704
0.6918865
0.6456959
0.6971703
0.6905751
0.6998129
0.70055586
0.6786263
0.6321916
0.6459635
0.695675
0.7265728
0.7304963
0.74980605
0.74624634
0.7159853
0.68673
0.66018236
0.65519935
0.7074162
0.7289931
0.7214282
0.7166792
0.7049658
0.6784219
0.70142007
0.74143714
0.72849
0.7365758
0.7133521
0.6792413
0.6460992
0.68570906
0.75228894
0.749234
0.75694984
0.76394284
0.72012573
0.6962652
0.6830766
0.66300774
0.68473446
0.71764
0.68689525
0.6958121
0.731851
0.7123843
0.6841703
0.666178
0.7225633
0.7343082
0.70297295
0.6812562
0.64923346
0.6893783
0.71267223
0.7218842
0.7253468
0.74420136
0.73294747
0.6960785
0.67297846
0.66349626
0.66277194
0.6709544
0.6923644
0.6825281
0.68754065
0.69616765
0.6900147
0.6548724
0.69841754
0.70893186
0.6851491
0.6725933
0.63322306
0.61014587
0.6556271
0.6772299
0.7045273
0.6978498
0.7127482
0.6993726
0.6744234
0.6705433
0.65240115
0.63430655
0.6574207
0.67774934
0.69751745
0.68650645
0.676355
0.64078945
0.62489873
0.6813496
0.67056733
0.69642425
0.6506514
0.6240867
0.62040836
0.65928745
0.7090674
0.7174899
0.7315407
0.7209315
0.70794606
0.6920395
0.68716985
0.6724003
0.6794755
0.6886091
0.6964871
0.70673996
0.71965545
0.6906554
0.72722477
0.66817844
0.6703603
0.70440763
0.68803406
0.67130685
0.6601966
0.6726895
0.6705087
0.709895
0.71246433
0.7336591
0.7357374
0.73241454
0.71584445
0.71464133
0.7069604
0.6936393
0.6812183
0.7064305
0.71642643
0.718598
0.6996596
0.6991878
0.6836842
0.6701399
0.67301375
0.6704518
0.65935653
0.63970417
0.68386304
0.71519744
0.7334448
0.7584411
0.74672234
0.72991925
0.71770924
0.70819885
0.70389247
0.7029746
0.68957925
0.6920887
0.70902485
0.73702425
0.7205349
0.731525
0.7438125
0.70500106
0.69232285
0.67247856
0.6450072
0.64512426
0.64603204
0.64638525
0.6920588
0.71168613
0.7290854
0.7386441
0.7190223
0.71901035
0.6943706
0.6953928
0.68712664
0.6706189
0.68303853
0.6991433
0.713756
0.7270953
0.7324398
0.7417024
0.7109939
0.6745736
0.65330714
0.68161345
0.67810285
0.66340643
0.6877268
0.70399046
0.7152008
0.7378847
0.7333183
0.72248936
0.71455556
0.71026725
0.71277565
0.7089896
0.71478516
0.70246834
0.7018384
0.7115022
0.7059624
0.69591874
0.7097735
0.70048857
0.70011866
0.6955618
0.6766135
0.6830033
0.6633106
0.64010745
0.6743535
0.69333494
0.7152182
0.7262129
0.7186111
0.71816087
0.7065159
0.70563674
0.71723044
0.7137772
0.6919176
0.6862143
0.7021948
0.69744414
0.7131113
0.6733719
0.68694097
0.6893809
0.64693516
0.6560166
0.6341481
0.6188421
0.6058125
0.62655544
0.6579078
0.677998
0.71436965
0.70925695
0.7129612
0.71394116
0.6992182
0.689509
0.6865889
0.67626154
0.70480347
0.69252515
0.69395584
0.68878514
0.6677557
0.63757163
0.6590703
0.64720917
0.6314227
0.6318278
0.6252033
0.6224472
0.5999481
0.60226434
0.64815533
0.665868
0.6997446
0.6828787
0.69476295
0.7018664
0.67965907
0.66793966
0.67010736
0.66212726
0.66177154
0.66883403
0.675833
0.64536285
0.5922113
0.58000994
0.56869936
0.5455502
0.5850817
0.5738378
0.6166629
0.60760707
0.6028388
0.574922
0.5595221
0.60421443
0.6361778
0.66680217
0.72679347
0.7285317
0.7285387
0.74639654
0.7559927
0.7506717
0.71756995
0.71520233
0.70385784
0.7128308
0.72221863
0.70933294
0.69894665
0.72365195
0.76541287
0.76593465
0.76337487
0.7695855
0.7656515
0.75405216
0.73354554
0.728727
0.7226357
0.73590046
0.7488005
0.7554265
0.74275684
0.74182963
0.731254
0.68405753
0.68462735
0.66691965
0.67629296
0.68832195
0.6704783
0.6518935
0.65116644
0.6366337
0.65720075
0.6454903
0.6822452
0.690211
0.7240062
0.71526194
0.7340924
0.7639239
0.726962
0.69790787
0.679773
0.6722889
0.6707822
0.6603862
0.64995545
0.6396057
0.6382542
0.6530282
0.667743
0.7149683
0.7241845
0.7247081
0.6956219
0.66644675
0.6221308
0.5695165
0.58706665
0.5788404
0.558175
0.55348575
0.55196154
0.57087797
0.53714186
0.5523474
0.5649645
0.5808991
0.5798832
0.58035153
0.63114977
0.62511146
0.5730292
0.5430865
0.4992705
0.49692264
0.5336224
0.552518
0.55844873
0.56870455
0.571606
0.5311587
0.49723172
0.47588673
0.5095534
0.5392283
0.51136327
0.46725756
0.44560114
0.4520563
0.5315269
0.5804716
0.6168098
0.5991923
0.5956965
0.5911947
0.5923109
0.57822925
0.5493352
0.5201195
0.5289911
0.5466101
0.6045375
0.6624805
0.61798394
0.5816176
0.5184586
0.50010115
0.5701816
0.598908
0.57187253
0.5513496
0.5386453
0.54869723
0.5734157
0.59651434
0.59633327
0.60933465
0.6143455
0.6044788
0.58877605
0.6218467
0.5806877
0.5665091
0.5603962
0.5570828
0.56642246
0.5732714
0.5573141
0.51932645
0.4868347
0.45058876
0.52467304
0.5947521
0.6159193
0.60091317
0.53949124
0.5407466
0.55669117
0.5680845
0.5641549
0.5748205
0.5661245
0.5555007
0.64200264
0.7166742
0.68181896
0.6062331
0.60004747
0.5760116
0.6031654
0.64619166
0.63029313
0.65624946
0.5863787
0.54398423
0.5443399
0.6272911
0.6169244
0.55487
0.5185463
0.53195983
0.55785275
0.59157485
0.6042019
0.5583245
0.54730487
0.5685216
0.67309386
0.6798506
0.59770536
0.58855957
0.5870885
0.5869933
0.6347292
0.6636726
0.64463204
0.6254982
0.55394053
0.51471484
0.5893042
0.63368386
0.5996876
0.57506764
0.56501436
0.59533006
0.6116102
0.6280545
0.6186016
0.57336986
0.58991677
0.5877001
0.6814138
0.6826845
0.59666604
0.566205
0.54270947
0.546966
0.5728531
0.61152047
0.63517016
0.5864717
0.5817546
0.56781703
0.52341926
0.5176565
0.6036261
0.60399336
0.5924716
0.55041564
0.5316845
0.5522367
0.572771
0.59532946
0.6584634
0.64204425
0.6035456
0.56330645
0.6193514
0.66680706
0.67118907
0.632409
0.6158718
0.56705755
0.52868205
0.57043844
0.61753285
0.60596853
0.61573887
0.5897551
0.60669464
0.6016408
0.5652238
0.55292124
0.49984848
0.54734397
0.5981233
0.5703147
0.5400461
0.52854985
0.52543724
0.52340525
0.52472353
0.5623908
0.6210395
0.6470468
0.6423943
0.6045098
0.60160434
0.65763426
0.6927307
0.64169645
0.6185292
0.63078797
0.6242885
0.6218496
0.62086254
0.62635154
0.6456744
0.6625988
0.65553206
0.64151984
0.60872966
0.61546046
0.6084196
0.6061885
0.59023815
0.5743259
0.5543864
0.591068
0.63144934
0.65631664
0.66260284
0.6527135
0.64817137
0.65444773
0.67788714
0.68929845
0.6573285
0.66207045
0.6557778
0.654741
0.6789943
0.6904839
0.6985163
0.69605726
0.67802715
0.6990216
0.715239
0.69292057
0.69985497
0.68629915
0.6907843
0.6775459
0.67902625
0.6619139
0.69521785
0.721249
0.7156641
0.7166671
0.73452413
0.72328913
0.74240875
0.74693936
0.75229657
0.7142451
0.7244943
0.7415943
0.7339952
0.7585322
0.7433616
0.7326862
0.7203973
0.711069
0.6905702
0.7110442
0.70887655
0.72325253
0.7451177
0.778102
0.76359135
0.7845893
0.75875956
0.77754813
0.75491536
0.7331308
0.74424684
0.7343051
0.7294889
0.73366123
0.7128487
0.723263
0.7425555
0.73812187
0.68758124
0.68502825
0.6445128
0.64393157
0.6416308
0.65270257
0.68743706
0.7087964
0.73585886
0.71891195
0.73023367
0.7239379
0.72418624
0.7390354
0.7173644
0.7020411
0.68502253
0.6883775
0.70298773
0.7223508
0.7347329
0.71556497
0.7346718
0.72877324
0.6938921
0.6928497
0.7096653
0.70477563
0.6930358
0.6731286
0.7028782
0.72372794
0.7433691
0.7747456
0.747236
0.7601755
0.76553893
0.76189554
0.76111895
0.7586814
0.74525934
0.72604936
0.7163626
0.704785
0.72611195
0.7567285
0.7827595
0.80090153
0.74139076
0.752583
0.7787189
0.7820137
0.76057404
0.75117695
0.76397973
0.79142874
0.8041267
0.7956466
0.7525186
0.73437446
0.77337855
0.74132794
0.7525475
0.713998
0.7172083
0.72833663
0.72874546
0.7153112
0.76267177
0.7982421
0.8089022
0.77408665
0.7267122
0.7398866
0.74816984
0.7381109
0.7093842
0.73935246
0.75320315
0.7977035
0.8235524
0.7991371
0.75466496
0.75532854
0.76046616
0.79321766
0.79121184
0.7557718
0.7320651
0.73537135
0.69118595
0.69596726
0.7326486
0.7540741
0.7800718
0.73930055
0.74692845
0.7634036
0.7347465
0.73680335
0.69297904
0.7147627
0.7368932
0.7737758
0.77650857
0.74932957
0.7211737
0.7058467
0.74922025
0.80391896
0.77697295
0.7630824
0.7528917
0.73292446
0.7387466
0.7408699
0.77984756
0.8062053
0.7707465
0.76174927
0.74772817
0.7426613
0.7106696
0.69500786
0.73152816
0.7544363
0.7640287
0.8081025
0.78820837
0.79493445
0.77458656
0.82056403
0.8470235
0.8172892
0.8051911
0.7728856
0.77704555
0.798479
0.77560353
0.8193859
0.83510005
0.8049911
0.75069505
0.7668527
0.7609138
0.72833246
0.7063555
0.73120815
0.7414145
0.76743245
0.7875307
0.72937346
0.72557104
0.7233654
0.8190366
0.8115027
0.7841844
0.76387125
0.7659998
0.76024985
0.77299666
0.78479785
0.7794001
0.796318
0.7616927
0.74961954
0.72386205
0.7005738
0.7069248
0.70767736
0.67737126
0.6911264
0.71318895
0.71142405
0.67177457
0.68959224
0.7075117
0.74155813
0.7275543
0.72174585
0.7299894
0.73777205
0.7167317
0.7128847
0.7569972
0.77188694
0.7594142
0.78741133
0.7431924
0.7418967
0.7346182
0.72415197
0.72274035
0.70513266
0.7084227
0.7054406
0.7128984
0.6769312
0.6847144
0.720752
0.80795234
0.81320125
0.80535203
0.82241154
0.8131795
0.8009349
0.78240305
0.7914722
0.7933286
0.7687358
0.77479774
0.7343925
0.7385614
0.7812837
0.76601607
0.7492972
0.76553035
0.75927484
0.7402475
0.7601584
0.7806793
0.7360277
0.7255046
0.7357493
0.7627297
0.8267146
0.8393094
0.82967675
0.81925946
0.81188214
0.8098538
0.80465555
0.798835
0.7762046
0.7828928
0.7902013
0.76171505
0.7413194
0.73589474
0.738441
0.74880093
0.73122084
0.7464014
0.7331166
0.7282928
0.707784
0.6923275
0.7049011
0.7061298
0.78335226
0.8171759
0.81878954
0.81050706
0.8142647
0.79128283
0.81015164
0.7864815
0.8047537
0.81982887
0.7799065
0.723276
0.75073594
0.7706666
0.7479934
0.74102145
0.7339837
0.714466
0.7057215
0.7002092
0.6846577
0.6682582
0.69108427
0.7544183
0.77911437
0.78948134
0.78916746
0.79221636
0.79402584
0.794447
0.81431264
0.80128574
0.7802987
0.7736098
0.75067437
0.69920206
0.7069976
0.75521183
0.7615003
0.78128356
0.76448476
0.72350657
0.7424783
0.735934
0.68448323
0.65820813
0.7103512
0.72450435
0.79219705
0.78918344
0.78208345
0.76850885
0.7567537
0.7538906
0.77140874
0.7637238
0.7708175
0.7575794
0.7264279
0.6667554
0.68341386
0.7542942
0.7296886
0.7313235
0.7494003
0.72222644
0.72021383
0.7157765
0.6813541
0.68243754
0.70603055
0.77239937
0.7821518
0.79331565
0.77232826
0.7877156
0.7801484
0.7750388
0.761073
0.7620895
0.7773409
0.75746834
0.68825346
0.68804175
0.7504118
0.7231156
0.7359163
0.74769294
0.74287134
0.7376392
0.75040954
0.69877833
0.6865186
0.73746645
0.748741
0.7876582
0.79437584
0.7908523
0.8058155
0.80590314
0.8070434
0.79280293
0.7795251
0.780965
0.771178
0.76224804
0.71604824
0.7462222
0.7642988
0.7472108
0.75768137
0.7509747
0.74477357
0.74425226
0.7229955
0.6875391
0.6814441
0.69762206
0.72200644
0.720398
0.7060036
0.67733514
0.70078564
0.69022256
0.71366304
0.6958634
0.6633875
0.67850155
0.6817436
0.66221577
0.58834696
0.6386763
0.67182773
0.66517216
0.6748712
0.6684254
0.63889855
0.62897074
0.5906779
0.5694494
0.64164764
0.6691352
0.6875331
0.7488758
0.7401151
0.7152764
0.74920714
0.7798051
0.7150126
0.7184451
0.6934263
0.69442415
0.6700282
0.6329698
0.61259097
0.6031982
0.62922007
0.6430243
0.61790377
0.5807513
0.5884981
0.604556
0.6377036
0.6423073
0.67360055
0.6869378
0.70446396
0.68912137
0.68855774
0.69001466
0.6789828
0.67760557
0.64713466
0.6639373
0.6581468
0.6447144
0.64433867
0.5900361
0.6031263
0.666621
0.68642944
0.713924
0.7005909
0.7110005
0.7022404
0.67829555
0.65039504
0.6546896
0.6991192
0.688346
0.7229933
0.72062874
0.7249304
0.765718
0.7670608
0.7694615
0.78023225
0.762104
0.72942865
0.72664815
0.724223
0.637008
0.6643
0.65920573
0.68928736
0.69431275
0.71800125
0.6964252
0.6928171
0.67598766
0.6661694
0.63414925
0.66402835
0.70442
0.7644601
0.74520856
0.7299677
0.7384118
0.75143254
0.76891667
0.7622603
0.77279085
0.743538
0.72914875
0.72375214
0.7233664
0.7211658
0.69642717
0.6908402
0.7080631
0.7400628
0.7312577
0.7323764
0.7402089
0.7091081
0.7178633
0.7025104
0.7197198
0.6980503
0.6956739
0.700451
0.7241819
0.7148298
0.72580653
0.71482795
0.69038576
0.66173
0.67156494
0.68296146
0.68255574
0.65775603
0.66029865
0.6653974
0.6649585
0.6662888
0.6797034
0.7188935
0.696712
0.6874181
0.6920488
0.70371866
0.71618295
0.729992
0.72698313
0.68140906
0.6705731
0.66213447
0.64367235
0.596224
0.62837106
0.65895265
0.6497744
0.6724843
0.6495759
0.6304555
0.6622194
0.66315687
0.6759181
0.6774643
0.6837896
0.6793745
0.6892812
0.68475986
0.70801455
0.7406655
0.70799345
0.651802
0.6306756
0.62960625
0.6604215
0.6533189
0.6423989
0.6174864
0.5898563
0.59931034
0.56056434
0.57964003
0.5497331
0.5576266
0.592538
0.58887786
0.55587023
0.50088346
0.5164245
0.5519886
0.6164015
0.6423837
0.6048861
0.58219683
0.6112787
0.6338078
0.632899
0.6699137
0.60599846
0.49786586
0.47146723
0.5060165
0.5955483
0.6097467
0.6025235
0.5807658
0.55721027
0.51243305
0.5398169
0.5288853
0.611452
0.60240436
0.58945405
0.57276845
0.5941454
0.5853166
0.5541295
0.5443363
0.5295158
0.5653685
0.61187184
0.6342247
0.6189021
0.6550996
0.6272729
0.5726224
0.49994236
0.50984454
0.55461955
0.5825326
0.536255
0.48902258
0.47193998
0.46094573
0.47457206
0.49001908
0.48813847
0.48561642
0.44645855
0.46293578
0.4036063
0.36139113
0.38058975
0.37467864
0.4075118
0.3986418
0.41568142
0.41503468
0.4064939
0.39850295
0.4040513
0.4039005
0.4000574
0.4027143
0.41205406
0.409097
0.39142242
0.3826966
0.38105813
0.39207587
0.3821469
0.37204567
0.38172078
0.36096045
0.38956296
0.38160548
0.36572623
0.38343588
0.37557855
0.3776881
0.3796731
0.39314044
0.372705
0.36983892
0.3646991
0.36414987
0.37151542
0.3692472
0.3813565
0.3722467
0.37233096
0.3671126
0.36345196
0.37400886
0.35817882
0.37517142
0
0
0
0
0
0
0
0
0
0
0
0
0
0
0
0
0
0
0
0
0
0
0
0
0
0
0
0
