10000
0.93177813
0.92633003
0.94797903
0.9492543
0.9044591
0.9526541
0.92031735
0.9389063
0.9541038
0.9430468
0.93362385
0.9251147
0.9430445
0.9255553
0.9103491
0.91618526
0.9034925
0.89836955
0.89508915
0.90483135
0.8869039
0.91149694
0.897016
0.8874237
0.872732
0.8625356
0.8698553
0.8669334
0.86343133
0.83636117
0.8402673
0.83145577
0.846937
0.84640247
0.8556136
0.8644461
0.8645292
0.85911506
0.89399683
0.8778985
0.86212337
0.8486837
0.8666519
0.86777025
0.8838907
0.8601657
0.8655495
0.8725563
0.879145
0.8836424
0.8959872
0.889694
0.89482045
0.9021505
0.8893667
0.8902323
0.8913283
0.89178497
0.88885766
0.882965
0.88519305
0.8974059
0.88203233
0.8768586
0.88671255
0.8777635
0.86429983
0.86868525
0.8694863
0.85503024
0.86499965
0.8586951
0.86906534
0.87583286
0.8833164
0.8824087
0.88035244
0.8851706
0.8925873
0.890555
0.8880822
0.8728156
0.8708767
0.9017721
0.87005943
0.8740622
0.88027424
0.87981033
0.88052154
0.88536733
0.8731257
0.8840115
0.8857101
0.87365544
0.8769685
0.881189
0.8772769
0.8824259
0.8505287
0.8569381
0.8595874
0.8527132
0.8892898
0.8742891
0.8574115
0.86865944
0.86182016
0.8669345
0.87267816
0.87742776
0.8712175
0.8777918
0.88193274
0.8925534
0.88314074
0.8993601
0.88449055
0.87909526
0.8753509
0.8751734
0.8762757
0.86391085
0.8653843
0.86368483
0.8519401
0.85369766
0.8697481
0.88015527
0.8806422
0.86169183
0.87136906
0.8754858
0.871399
0.8644179
0.8589328
0.8531927
0.85961825
0.8625398
0.8639823
0.87376916
0.8831319
0.8952482
0.90181655
0.89832497
0.8895426
0.889479
0.89271355
0.88703775
0.88375384
0.88803333
0.8751866
0.88087016
0.8864315
0.8847561
0.88909775
0.86858237
0.8526666
0.8358346
0.86072326
0.8539476
0.8733315
0.88839734
0.897731
0.8898031
0.8984363
0.8933942
0.89739645
0.907126
0.8949184
0.89623725
0.8758738
0.8824504
0.8821553
0.8639641
0.871092
0.8627585
0.85763603
0.86335003
0.86528206
0.8524522
0.86622757
0.8509464
0.84836453
0.84589165
0.85975605
0.86478823
0.86974853
0.8851891
0.8692335
0.88430494
0.8944249
0.89092344
0.88727504
0.8687803
0.8501262
0.849334
0.85148567
0.84814847
0.8540111
0.8536197
0.85654724
0.85442495
0.84975195
0.8273945
0.8248035
0.82668555
0.8270442
0.817086
0.827922
0.81134707
0.80821526
0.82199603
0.8123057
0.80240184
0.789248
0.8057501
0.81700814
0.80065024
0.800435
0.8131489
0.8113179
0.8149411
0.80036825
0.8019006
0.7844243
0.7795764
0.76705605
0.7666833
0.76607835
0.7573628
0.76633084
0.760146
0.76658356
0.7832323
0.80028313
0.79684275
0.79199845
0.79438037
0.80144185
0.82541144
0.81897366
0.8176108
0.8075202
0.820674
0.7936466
0.8055319
0.8071091
0.799724
0.7908098
0.7593957
0.7776196
0.7856024
0.7684323
0.7828415
0.79682654
0.78561026
0.79400617
0.8092572
0.80907017
0.82273364
0.8096283
0.817016
0.82494074
0.82087284
0.80741876
0.8177541
0.8287037
0.8376136
0.84452176
0.85219383
0.85918725
0.8710351
0.86678636
0.8600357
0.8679251
0.8485881
0.840874
0.83087146
0.8352311
0.84569156
0.83549553
0.8535626
0.8528775
0.8556814
0.8763805
0.85416234
0.82705224
0.8115418
0.8052561
0.7992092
0.8070008
0.8165991
0.79871404
0.8108943
0.8087155
0.8146897
0.8223624
0.8291806
0.84941465
0.8281156
0.8423928
0.83723843
0.83015436
0.8292845
0.8211278
0.8215203
0.810156
0.8106065
0.83536685
0.80944556
0.78727645
0.7863957
0.785404
0.8098448
0.80906916
0.78868073
0.816748
0.79453087
0.8143019
0.8297708
0.8447782
0.8419784
0.83744705
0.8228306
0.7754436
0.7652326
0.77153015
0.7844247
0.7982693
0.7994344
0.8035716
0.7929987
0.78393656
0.78430504
0.78502065
0.77774817
0.7707059
0.76749825
0.77904135
0.77680916
0.77080405
0.76712877
0.7796483
0.80112636
0.8090222
0.8182788
0.82150126
0.82965565
0.8375303
0.84053177
0.84894544
0.8453783
0.8434703
0.8450567
0.8508085
0.8377721
0.83247197
0.82832825
0.8378422
0.83328897
0.82298183
0.8421221
0.8192883
0.81404686
0.82549083
0.8051517
0.79996973
0.7992333
0.78050685
0.758059
0.76995504
0.7600175
0.7381476
0.7489422
0.7430929
0.75588906
0.74599755
0.7505493
0.7606758
0.74380755
0.76611376
0.7755793
0.7730589
0.7853989
0.78343594
0.79989403
0.80920595
0.81409615
0.8212649
0.817572
0.82106036
0.8130984
0.81307036
0.80554646
0.7884294
0.7809302
0.81167084
0.7826759
0.7640263
0.7968476
0.8056858
0.83109343
0.8424606
0.85379183
0.8503471
0.8532597
0.8293263
0.8120893
0.80249715
0.76474875
0.7719296
0.760556
0.75486046
0.7471637
0.74757296
0.75037634
0.749772
0.7572931
0.76649594
0.7762287
0.78115237
0.77791303
0.76321447
0.75848085
0.7604389
0.75641197
0.7630975
0.78005713
0.74368644
0.75706345
0.76589817
0.75915635
0.773359
0.73145735
0.73792344
0.7520749
0.72682405
0.72461355
0.7194841
0.7548176
0.73121303
0.7258114
0.7143536
0.7005888
0.7021946
0.6904734
0.66643155
0.65695465
0.63044
0.63459605
0.6344095
0.62518775
0.63936144
0.63367856
0.64311534
0.6516238
0.6755896
0.68289083
0.668432
0.6793419
0.6786339
0.70685375
0.662171
0.65037584
0.66267765
0.650545
0.6395281
0.65531117
0.6744185
0.6859279
0.71181685
0.7362635
0.7151693
0.6968209
0.67105836
0.6253903
0.6019913
0.59221286
0.6080956
0.6184517
0.65113676
0.63963705
0.6309297
0.63775545
0.6388045
0.6344369
0.64901674
0.638271
0.63519216
0.63860214
0.6303694
0.62595785
0.60064304
0.60441816
0.5904365
0.5789711
0.56200224
0.5560169
0.5398406
0.53358614
0.51961094
0.5193038
0.5298319
0.52861345
0.5295928
0.5537949
0.55067754
0.5456442
0.5550536
0.5723312
0.56208146
0.5500661
0.53590494
0.515009
0.51297873
0.48916194
0.49464348
0.5003422
0.51081395
0.5062521
0.5195114
0.49901047
0.51459056
0.5124769
0.52391046
0.5017122
0.49005887
0.49068663
0.52910674
0.51838887
0.55055994
0.5526546
0.53264993
0.5197195
0.5218452
0.5251367
0.4649248
0.46488783
0.4522916
0.48491552
0.52120507
0.56029767
0.5670519
0.5844635
0.57772344
0.57619786
0.57615787
0.58005196
0.5676216
0.5369562
0.5305901
0.56012106
0.6027751
0.60229814
0.57841223
0.5476654
0.54699486
0.5062241
0.48899326
0.5248687
0.5614355
0.5679795
0.547458
0.52586955
0.57229996
0.5747929
0.5818438
0.57165724
0.5662602
0.5915243
0.6111153
0.6159705
0.6239193
0.5870433
0.62397987
0.6110838
0.631294
0.59186023
0.6498203
0.6286316
0.6147326
0.62038904
0.6069143
0.6075965
0.58967686
0.5690867
0.58659786
0.59830904
0.6176718
0.61983615
0.60745883
0.6181174
0.61930716
0.6519659
0.66632795
0.68584967
0.70776
0.7276739
0.68314195
0.6657327
0.6783978
0.6846544
0.70509344
0.70474464
0.6936384
0.65129316
0.6194742
0.62449676
0.6183676
0.57909364
0.5639955
0.57147837
0.5742841
0.5843452
0.59832114
0.5983232
0.61292857
0.62916076
0.62554836
0.62614876
0.6485225
0.64002025
0.65450966
0.662673
0.65521115
0.6466611
0.650522
0.6596151
0.6400168
0.6317009
0.6163537
0.5994642
0.6007068
0.58420205
0.58421326
0.5942674
0.62333256
0.63071024
0.65050805
0.6825025
0.6659414
0.6567533
0.6856813
0.67711383
0.66638744
0.69032437
0.6646699
0.6993783
0.7151751
0.6996017
0.6852499
0.692269
0.70492727
0.689971
0.7061805
0.71631706
0.7079718
0.707016
0.704127
0.69793737
0.7020831
0.6739309
0.6802593
0.64498603
0.64983225
0.6309063
0.64313585
0.6655881
0.6897656
0.7104923
0.68829334
0.65307814
0.63523686
0.6339083
0.61369026
0.58346194
0.5870364
0.5681816
0.5475551
0.52567166
0.5197034
0.51919204
0.53470856
0.54954046
0.55458224
0.5514551
0.55942094
0.57043684
0.5642155
0.53787696
0.5192075
0.5505998
0.632687
0.6827282
0.6689284
0.65424925
0.6021163
0.5625664
0.51777995
0.5242562
0.5038962
0.53037024
0.54135925
0.5670005
0.55733365
0.5838488
0.5957717
0.62915087
0.6071201
0.60427564
0.64278954
0.64062417
0.6763103
0.6883639
0.69411343
0.6738062
0.6868103
0.6981163
0.71439284
0.7098406
0.6731893
0.6747953
0.67033285
0.68482697
0.68917716
0.65782905
0.6533693
0.6486672
0.64619
0.63555527
0.582896
0.6070847
0.59486246
0.5942048
0.59082407
0.6182933
0.60743195
0.58155483
0.5862072
0.5910092
0.606795
0.61968726
0.6297442
0.64591247
0.65534
0.64073336
0.65291774
0.6490912
0.6594193
0.6647812
0.67503893
0.6567429
0.64929706
0.6320786
0.60752285
0.57814586
0.6034086
0.61847425
0.634783
0.64157814
0.64623296
0.63475984
0.6111681
0.58492047
0.59318656
0.61886066
0.6133287
0.6033884
0.5711504
0.5744409
0.59000725
0.5629306
0.54969347
0.56038845
0.58537805
0.53053457
0.52876127
0.54661065
0.52325374
0.5459672
0.5837275
0.5980119
0.62696946
0.6252744
0.61320037
0.6248426
0.61537546
0.6035204
0.58775914
0.59327257
0.59982425
0.61164427
0.6128182
0.6260251
0.62609714
0.6150046
0.6267779
0.6440729
0.6570223
0.654491
0.6681496
0.64489216
0.6534869
0.64679694
0.61232036
0.59856
0.60674816
0.6193399
0.61915356
0.64116305
0.6243693
0.621184
0.6410123
0.610939
0.61034906
0.60024625
0.5699552
0.57984865
0.62651974
0.6308116
0.6259538
0.6046672
0.62043774
0.65833235
0.6616009
0.6540053
0.6638744
0.66827536
0.6423186
0.65121835
0.6668262
0.6653785
0.67585605
0.67691165
0.6993109
0.6934111
0.6536111
0.66138667
0.6857861
0.66977334
0.6567023
0.69285375
0.6938071
0.6849055
0.68967915
0.67612016
0.697105
0.6936307
0.71065927
0.706345
0.7293772
0.7261475
0.73899055
0.7349901
0.7635124
0.76329255
0.7469109
0.72883064
0.7334547
0.74177146
0.72445095
0.70666045
0.71216667
0.6694378
0.70004
0.7081482
0.71030724
0.7150267
0.73243326
0.7503737
0.72129714
0.7264637
0.6940624
0.68667465
0.6755505
0.66703737
0.66307616
0.6448703
0.64747816
0.65116084
0.6556315
0.6611555
0.6748831
0.6636954
0.6444128
0.6564439
0.6546629
0.65982884
0.63474464
0.61416364
0.56640995
0.5199167
0.5599523
0.53011924
0.535425
0.5524558
0.577085
0.59398776
0.63584906
0.6343908
0.6527112
0.65506977
0.69017714
0.68668914
0.7015906
0.70350194
0.72193307
0.7127982
0.7080673
0.7299085
0.7489078
0.74138427
0.76920056
0.7499915
0.7709106
0.7597456
0.7450899
0.71715796
0.7324274
0.7304426
0.7022185
0.72636884
0.7395433
0.7279653
0.726087
0.7461333
0.7268287
0.7272866
0.7241231
0.7049585
0.7156164
0.66976976
0.6847425
0.68434316
0.684494
0.69874597
0.71167874
0.69027543
0.70467436
0.69412434
0.7139686
0.71921736
0.7246993
0.7061311
0.71740115
0.7370802
0.7315943
0.72449774
0.7432705
0.7069494
0.71376556
0.67451453
0.68817824
0.6883348
0.6624557
0.65101177
0.6758384
0.6358318
0.6491119
0.61018485
0.64177376
0.67693233
0.7252978
0.711476
0.7355518
0.7233986
0.7374401
0.74068123
0.7443073
0.74964416
0.7519152
0.7478085
0.7530717
0.7606368
0.73431504
0.71968687
0.7198887
0.69743466
0.727869
0.74308574
0.75017434
0.74423367
0.7240906
0.7452496
0.78059065
0.75759304
0.7648788
0.7445957
0.7510274
0.7418194
0.75272506
0.75336164
0.7452608
0.74469274
0.73602337
0.7484892
0.7307349
0.72320604
0.731781
0.7156509
0.7212552
0.7225989
0.6880725
0.68998265
0.6772149
0.6480811
0.65323484
0.6387966
0.5891324
0.59613675
0.58092135
0.53885806
0.5335953
0.50917125
0.52129704
0.53611606
0.538192
0.5358555
0.52935034
0.51885355
0.5335922
0.50977486
0.53926057
0.52852666
0.5422207
0.53407
0.5364482
0.5659098
0.56697345
0.5697228
0.5781893
0.60248095
0.666021
0.67841953
0.7127417
0.71427816
0.68938506
0.6836107
0.67685664
0.69090414
0.6949711
0.7021448
0.69199353
0.7032527
0.70809346
0.73484457
0.74012405
0.7234876
0.7041078
0.69361115
0.6768261
0.68009925
0.71545655
0.76078576
0.75102586
0.7621507
0.74020565
0.7346208
0.7392566
0.7301772
0.762817
0.75405204
0.73207825
0.70182765
0.6715746
0.67076087
0.67899334
0.65030295
0.68129
0.66312474
0.6919025
0.69551504
0.71071553
0.6977529
0.6909956
0.6452974
0.65442526
0.6766947
0.6753611
0.7019122
0.6678279
0.6368485
0.6268105
0.62070084
0.658196
0.6594275
0.6750238
0.6662011
0.64707273
0.66653484
0.6658707
0.70023763
0.6906143
0.7165429
0.7087776
0.7209313
0.7298357
0.72176176
0.73565066
0.7168395
0.73003334
0.7296877
0.7216125
0.71679527
0.722076
0.6872913
0.6993845
0.7162499
0.7165638
0.7479511
0.7498947
0.76171625
0.7980581
0.76668495
0.7959773
0.79774916
0.8050536
0.7833482
0.757445
0.7559401
0.7789243
0.7748513
0.79052985
0.8005604
0.80210096
0.7683604
0.76198786
0.74355716
0.7336802
0.73605
0.7539514
0.7278874
0.73279506
0.7226665
0.7217832
0.69380176
0.6825653
0.65627915
0.67950845
0.68168586
0.71159613
0.6824631
0.7148544
0.6934514
0.715967
0.6917296
0.6679673
0.6760423
0.66135746
0.6598968
0.67024124
0.6833536
0.686745
0.6581073
0.64760935
0.6327309
0.6588946
0.66440713
0.6771066
0.66473556
0.65764785
0.65784264
0.6481085
0.65424013
0.6618957
0.68695694
0.6904798
0.66860473
0.69562465
0.70974976
0.7374526
0.755097
0.7514967
0.7707676
0.8016593
0.7759807
0.77955604
0.7743718
0.7749422
0.78011364
0.7831003
0.7793356
0.78160125
0.7678667
0.7825947
0.7673501
0.74319315
0.74284154
0.72713226
0.67769855
0.719767
0.73002815
0.71248066
0.69481045
0.72877234
0.73518854
0.7290203
0.69928265
0.69647807
0.69949335
0.70716155
0.71425116
0.6982849
0.68734175
0.68824494
0.6635873
0.64919794
0.677949
0.6748281
0.68745726
0.6980896
0.71673995
0.7259677
0.7102268
0.67953277
0.6669588
0.6516984
0.6797025
0.70143014
0.7012884
0.73230326
0.7522676
0.73353845
0.7462991
0.76593524
0.77036
0.7636596
0.76433665
0.7730046
0.7717525
0.7808956
0.7836595
0.7995799
0.79768026
0.77301145
0.7908695
0.77462023
0.73773175
0.7424396
0.7416555
0.72385246
0.72003525
0.7055093
0.680911
0.6678109
0.68351537
0.7000562
0.70747715
0.6951187
0.6907704
0.6788064
0.6715642
0.6799033
0.70059735
0.69059855
0.6954317
0.6622052
0.70425385
0.70653886
0.70487773
0.6915122
0.7095703
0.69386715
0.6975809
0.7052569
0.71016586
0.7338242
0.7199991
0.721981
0.72617894
0.74595565
0.75717974
0.75912976
0.76267743
0.76253766
0.7596319
0.7691741
0.7526549
0.7501835
0.74734825
0.7465621
0.74198836
0.73702234
0.7503946
0.7576899
0.7475231
0.7636526
0.75942475
0.7485537
0.72091913
0.7050443
0.69089246
0.67781556
0.6557269
0.6379544
0.653295
0.645342
0.643229
0.65591943
0.66260296
0.66125953
0.6737419
0.6655759
0.67767394
0.6616295
0.67024803
0.65432656
0.66371495
0.6880702
0.69699395
0.7078418
0.6991943
0.71661144
0.693135
0.70969987
0.72112817
0.71479917
0.72156996
0.73383164
0.7693778
0.75935596
0.7431951
0.7477763
0.7532333
0.7359884
0.72922015
0.7369332
0.7226987
0.7231533
0.68835557
0.6701451
0.6598386
0.6577319
0.65810794
0.64555514
0.63583905
0.64634407
0.64506596
0.66354257
0.65916896
0.6823242
0.6999565
0.7227422
0.7208339
0.72946477
0.71402764
0.69280815
0.6921475
0.705773
0.7043048
0.70592535
0.7045614
0.7282546
0.72130346
0.7183325
0.7201617
0.73070884
0.7151298
0.7233858
0.72373176
0.7294458
0.70585763
0.6887794
0.68943864
0.69521177
0.70281816
0.70282924
0.72094464
0.72630465
0.72378546
0.76673675
0.7484114
0.7417998
0.7642595
0.7655289
0.74571747
0.7680283
0.7638203
0.7264216
0.7227033
0.708855
0.6888271
0.6902684
0.684272
0.69554895
0.7123134
0.7256483
0.7286793
0.71915483
0.6931946
0.6907772
0.67661095
0.6719247
0.69801956
0.69142485
0.688626
0.66659117
0.6608665
0.66889024
0.6832707
0.70184004
0.665983
0.6325159
0.60110945
0.6114019
0.62188745
0.62670165
0.63541484
0.62079704
0.6141926
0.5965836
0.6407021
0.6207932
0.6342342
0.6496544
0.62544894
0.653829
0.6292832
0.66708994
0.64222115
0.6427787
0.6325858
0.64267784
0.6211138
0.60867417
0.60230786
0.6028799
0.5961741
0.5850067
0.58896655
0.588587
0.5915367
0.58952105
0.59479326
0.588226
0.5853949
0.59068334
0.58150136
0.60033953
0.6066944
0.58952224
0.57304597
0.52578264
0.5280913
0.5282328
0.5350661
0.5063009
0.5137924
0.51757175
0.55422574
0.58243215
0.6072874
0.6110276
0.5871481
0.5927503
0.6203299
0.5914855
0.59048355
0.62028956
0.6405093
0.63202137
0.6299215
0.61047614
0.585689
0.57963234
0.57223094
0.5887623
0.5900007
0.60515195
0.58319914
0.5626309
0.49351716
0.48481438
0.48716995
0.49437314
0.5249605
0.55332875
0.5414379
0.5002564
0.48752967
0.4922687
0.4966651
0.5209879
0.55199814
0.5680533
0.55177695
0.54507905
0.5547516
0.56113476
0.5537573
0.5666632
0.54790586
0.5352813
0.5337792
0.53385013
0.52086973
0.520724
0.5117376
0.51391
0.5469358
0.51882595
0.5095282
0.50062996
0.4854534
0.48319834
0.47036046
0.45623308
0.48620665
0.5175235
0.50592667
0.51805604
0.51125276
0.5275922
0.52593035
0.53854054
0.56206644
0.5512232
0.54379666
0.54733557
0.555048
0.55168337
0.5676918
0.56630504
0.5763434
0.56602824
0.54538447
0.5018064
0.5001408
0.5042809
0.5196583
0.5151992
0.5249325
0.5160343
0.53080237
0.5209304
0.53112376
0.52625424
0.5048392
0.50384134
0.49107537
0.48215362
0.4830054
0.4917465
0.47112298
0.47278216
0.47245938
0.44811413
0.47048905
0.47645193
0.47242838
0.49598613
0.50271356
0.510422
0.4999969
0.50024724
0.4865092
0.47882846
0.4660168
0.46222487
0.45923662
0.45126322
0.44042772
0.45288947
0.44904748
0.4528173
0.45098805
0.45237154
0.45434216
0.4569673
0.46212012
0.45857584
0.46482417
0.4507655
0.46560872
0.47236472
0.48815262
0.49032655
0.51806223
0.5375587
0.5327841
0.56772417
0.55663323
0.57240176
0.56489074
0.56311464
0.5593352
0.56028664
0.56147575
0.54745746
0.53748745
0.55303204
0.5210704
0.5329966
0.5613706
0.5669934
0.60793823
0.58944404
0.5913458
0.57518816
0.57851654
0.56846356
0.56887144
0.57163477
0.5578049
0.59509027
0.6147119
0.6229453
0.6259109
0.6270424
0.6218078
0.6326058
0.6077026
0.61228526
0.5953394
0.6009774
0.62185836
0.60279685
0.6189158
0.60501224
0.5977783
0.6209015
0.640438
0.61648154
0.61099505
0.6004886
0.6007018
0.6070971
0.6022756
0.58630866
0.57338965
0.58231574
0.58376276
0.59929794
0.60428125
0.5906897
0.5916549
0.5972631
0.60215724
0.60861
0.6090707
0.60773546
0.60166675
0.6155
0.61329967
0.6018163
0.60700035
0.6147898
0.58450884
0.58146954
0.5747994
0.6069274
0.60567445
0.6031616
0.5844262
0.61235785
0.6413203
0.6473562
0.6753686
0.6689919
0.63975286
0.6681048
0.6908873
0.74034524
0.7350857
0.7256816
0.719847
0.69958127
0.6669581
0.69010115
0.6796192
0.66605014
0.6573492
0.66447794
0.66969466
0.6728826
0.6414876
0.63072705
0.6134135
0.6044047
0.6072361
0.5901068
0.58855134
0.57453275
0.57391024
0.5605363
0.5517455
0.55575126
0.5655284
0.5727754
0.59138304
0.60881627
0.60453457
0.61557853
0.6036054
0.58312607
0.57113343
0.5896763
0.61167544
0.6257098
0.62926704
0.62793803
0.62492794
0.6585306
0.6843651
0.6921013
0.7174809
0.7410062
0.7541448
0.7847033
0.799134
0.808004
0.78333485
0.7295367
0.7328104
0.7324208
0.7371512
0.7282602
0.72225
0.7042138
0.70523036
0.70204294
0.7029669
0.68840456
0.67933095
0.6572726
0.6449079
0.6368849
0.62272197
0.6146484
0.6027283
0.5880737
0.58267576
0.56599736
0.5687556
0.5472487
0.5712959
0.5975069
0.60792214
0.64228415
0.6654764
0.6602906
0.68269074
0.70802957
0.727665
0.73870224
0.73017126
0.74449676
0.76769143
0.7676405
0.7819923
0.8071285
0.8068528
0.78680706
0.743
0.73292756
0.74671304
0.74906784
0.765021
0.7835589
0.7732567
0.7731172
0.7702303
0.76065195
0.77658296
0.7558034
0.7637364
0.7279876
0.7268669
0.7036793
0.71076167
0.72174215
0.7236007
0.7004681
0.7103334
0.6742599
0.67746985
0.65473366
0.6372256
0.6323197
0.6572442
0.6775279
0.7135374
0.7211325
0.74618876
0.73205435
0.7062919
0.6874688
0.6881331
0.676725
0.6994661
0.7067576
0.73973006
0.7246181
0.7336571
0.75128704
0.7877796
0.82213426
0.8204645
0.80690414
0.7630638
0.7274524
0.73317707
0.7780155
0.7951598
0.7795569
0.7645021
0.7681328
0.7552255
0.74509835
0.7527843
0.73625165
0.7237189
0.69346553
0.6812549
0.6680109
0.66873735
0.6372956
0.6465573
0.6341513
0.6617473
0.6241583
0.6488928
0.617544
0.6242581
0.6271626
0.6330949
0.6804408
0.718282
0.707762
0.71924746
0.6947992
0.68957305
0.6900359
0.6828685
0.65915406
0.67762893
0.6751748
0.658119
0.6523257
0.62168765
0.62407684
0.61918813
0.61164325
0.6171443
0.626605
0.66881454
0.680205
0.72087884
0.72797275
0.74718994
0.69748884
0.6670734
0.64451015
0.63740325
0.6069541
0.64056724
0.66844845
0.6802426
0.66766864
0.6514006
0.66730833
0.6713217
0.6988764
0.7253696
0.7078699
0.71568143
0.71002465
0.70685786
0.71277815
0.6998913
0.712965
0.70511585
0.7301351
0.7024302
0.7262927
0.7021889
0.71333873
0.6920829
0.68250924
0.67107975
0.6498045
0.6817118
0.7008751
0.7230393
0.730688
0.7631888
0.76886237
0.7831877
0.79999083
0.7957863
0.78668976
0.7911
0.78377175
0.806558
0.8081666
0.8081348
0.8088984
0.7818411
0.7801182
0.80114424
0.77745515
0.7904412
0.7644669
0.784187
0.77904886
0.7835248
0.7606325
0.76833564
0.7637186
0.74097383
0.76259
0.7541015
0.7525623
0.7384014
0.72978
0.70132697
0.6976457
0.7066641
0.6934134
0.69862264
0.6869112
0.6676134
0.6494447
0.6362926
0.66067594
0.64599764
0.6865285
0.74636024
0.71718246
0.75764054
0.72677875
0.76857644
0.7590243
0.7869726
0.7744781
0.7933505
0.79333615
0.806835
0.79522073
0.82891893
0.7951394
0.8272042
0.7948457
0.7552065
0.72900116
0.7033289
0.72948426
0.71342605
0.7238351
0.7340003
0.71138364
0.70380133
0.6797792
0.693419
0.68778944
0.6785884
0.6640825
0.6502598
0.66899747
0.63345367
0.6404334
0.6629614
0.67181414
0.65409124
0.69555616
0.6825001
0.6711898
0.670814
0.667694
0.6714814
0.6593882
0.685976
0.71025026
0.7206174
0.72761595
0.746903
0.7615114
0.7732796
0.7801775
0.7795004
0.7829614
0.776342
0.78201866
0.75558656
0.7590415
0.71766675
0.7260638
0.72217596
0.7356759
0.7137264
0.7272997
0.6986554
0.6947096
0.69509274
0.6922368
0.7248836
0.7140278
0.73179185
0.71021384
0.6933409
0.67227805
0.67554
0.6628052
0.65934545
0.6323794
0.63497746
0.639216
0.6456866
0.62415004
0.63179797
0.61418724
0.60166085
0.59272134
0.6091764
0.6025179
0.6357832
0.6448481
0.6854883
0.6607779
0.71355987
0.7253928
0.75916123
0.7617873
0.73125696
0.747574
0.74426776
0.7401584
0.7253943
0.7413637
0.71006066
0.7342293
0.7255408
0.7359768
0.729644
0.7127006
0.7109631
0.69052166
0.6718367
0.68230176
0.6650444
0.6032711
0.60275286
0.6100114
0.6205098
0.6269517
0.64285207
0.64673454
0.63400996
0.64503175
0.62150025
0.6220134
0.6222643
0.60815907
0.5929283
0.6103342
0.6201799
0.6652023
0.70384705
0.7375601
0.72646904
0.73853886
0.7281248
0.7781361
0.7659485
0.7764409
0.79235816
0.79344803
0.79471076
0.83220553
0.78495175
0.7693816
0.75612783
0.7832633
0.7627733
0.7594282
0.74176455
0.7270638
0.72516876
0.72429186
0.69081837
0.6626912
0.6565309
0.6328919
0.60951924
0.623557
0.62238485
0.6132045
0.58875364
0.5688757
0.55392504
0.56729746
0.5514387
0.56499696
0.5532417
0.5574815
0.55407375
0.55641824
0.59847516
0.6361759
0.645656
0.6812957
0.69844687
0.6858225
0.70669913
0.7286059
0.68896335
0.73774135
0.7665199
0.7912986
0.76982194
0.78974277
0.79037327
0.8014572
0.7943705
0.7499448
0.76380795
0.73840886
0.7297642
0.7198067
0.71454036
0.71573794
0.70677555
0.6960108
0.7159942
0.6986069
0.70999783
0.6960042
0.6951937
0.68394196
0.6762547
0.68178576
0.72709
0.7021772
0.7001951
0.70137286
0.6938354
0.6872107
0.6530291
0.6378928
0.627981
0.6188628
0.62835556
0.62465787
0.6581784
0.6591459
0.7049729
0.720328
0.75561416
0.76308465
0.7592451
0.7386487
0.7655763
0.7625571
0.7551364
0.7733765
0.7383485
0.71627444
0.7065226
0.6946597
0.6116114
0.64322925
0.62883437
0.6418081
0.6354167
0.6401736
0.65286505
0.6340399
0.67110324
0.65018535
0.6710946
0.6322153
0.62493294
0.6074072
0.623053
0.63584256
0.6619084
0.629053
0.6149405
0.61142457
0.6251311
0.62677956
0.6496941
0.6453042
0.6738286
0.6629341
0.70627356
0.7091018
0.7065494
0.6960295
0.7090276
0.6997606
0.7014705
0.7017112
0.6954413
0.64478636
0.6489086
0.6283423
0.659854
0.66455716
0.65140903
0.63671803
0.63697135
0.64918476
0.6108143
0.644671
0.6142336
0.5789475
0.5694182
0.5843195
0.60918385
0.6139361
0.6334198
0.63582265
0.6332719
0.63566935
0.6506053
0.657634
0.66292894
0.66317815
0.6717105
0.7087786
0.6925771
0.697568
0.69611084
0.6845499
0.68020624
0.7064857
0.690052
0.71984243
0.70382047
0.70593065
0.6317833
0.6575939
0.657209
0.6399548
0.6530906
0.6466034
0.63245684
0.64202374
0.6290582
0.61132807
0.5948637
0.61616933
0.5882158
0.5633471
0.5875916
0.61137396
0.6094566
0.6148619
0.6265344
0.6463606
0.6411136
0.64516544
0.61485034
0.6308535
0.6104053
0.6262329
0.5897063
0.6283078
0.582028
0.52582085
0.5297573
0.5763655
0.59167236
0.6090058
0.6151324
0.63652813
0.6281181
0.6361751
0.6243926
0.60472137
0.6142628
0.57980657
0.57436097
0.59644663
0.6195855
0.6774911
0.65877706
0.6778342
0.6632854
0.675838
0.6478149
0.6537153
0.6524246
0.6507376
0.6401141
0.63798964
0.62774485
0.63615143
0.63238275
0.66058284
0.627693
0.6259468
0.6598098
0.6624329
0.66852224
0.66974044
0.64036757
0.6347179
0.602127
0.58650535
0.61121327
0.57869154
0.61253667
0.634238
0.6593512
0.6721184
0.683845
0.6997991
0.6977001
0.7377309
0.76515543
0.74101704
0.7519755
0.70318836
0.69349825
0.66262096
0.6530244
0.6530805
0.64637774
0.70449716
0.6805675
0.67420715
0.6588416
0.6403673
0.6532804
0.6760668
0.6617706
0.62402385
0.6320421
0.577156
0.5915693
0.6852239
0.647981
0.6845509
0.7056164
0.73084635
0.7215829
0.72388595
0.71651924
0.7263382
0.7272941
0.71096945
0.7277041
0.71706873
0.7268642
0.69866854
0.7110216
0.7301495
0.72211456
0.69116426
0.64515024
0.66018647
0.62021047
0.6996248
0.692944
0.72281116
0.7596576
0.74635357
0.73416424
0.7273907
0.73629826
0.72635716
0.7278373
0.7506244
0.7128065
0.6934279
0.7173232
0.70855415
0.7045126
0.68056095
0.69454265
0.70136213
0.71718097
0.6994937
0.6873902
0.6926627
0.6860141
0.7101831
0.66468245
0.70155454
0.6915535
0.69290704
0.6750091
0.6722537
0.6737176
0.6811454
0.6790458
0.6891852
0.67199135
0.6934056
0.6862952
0.68290865
0.6788711
0.66513497
0.68327016
0.67581713
0.68080705
0.7367108
0.71215385
0.74573284
0.73187864
0.70366323
0.6994008
0.713314
0.71462566
0.7138436
0.68395716
0.6814425
0.6414778
0.6427014
0.69317484
0.6827224
0.6735104
0.65591055
0.66310966
0.6453594
0.6267206
0.63058996
0.63123447
0.6289756
0.6288079
0.63059366
0.62665683
0.62910336
0.59084463
0.6432388
0.65336734
0.6275162
0.618979
0.6356691
0.6267803
0.64921373
0.6755746
0.70090497
0.71551466
0.6909506
0.6961226
0.7277206
0.73718715
0.721751
0.7340478
0.72355133
0.7357687
0.7667922
0.7611045
0.7069981
0.7244715
0.69136727
0.67053497
0.67036927
0.677494
0.67520225
0.64720374
0.63228506
0.62014365
0.61987126
0.6168921
0.608941
0.6079267
0.61564034
0.61024636
0.627793
0.6118521
0.6035347
0.5972226
0.6023124
0.59874696
0.5750941
0.588399
0.5805959
0.56737924
0.5426465
0.5160283
0.53601325
0.54774874
0.6473785
0.6930371
0.7122662
0.70660913
0.71550834
0.67967874
0.69911736
0.6831459
0.6874323
0.6787077
0.61892784
0.5981254
0.60389626
0.59272
0.57691544
0.5799316
0.5574554
0.56192493
0.58040786
0.5811379
0.56300294
0.5602925
0.57976294
0.60255677
0.5961252
0.6054886
0.630753
0.5918558
0.5695603
0.51425064
0.5100451
0.5121447
0.50533926
0.52976847
0.5547107
0.5523934
0.52360016
0.5348798
0.5389883
0.5246586
0.48858482
0.44592917
0.3832311
0
0
0
0
0
0
0
0
0
0
0
0
0
0
0
0
0
0
0
0
0
0
0
0
0
0
0
0
0
0
0
0
0
0
0
0
0
0
0
0
0
0
0
0
0
0
0
0
0
0
0
0
0
0
0
0
0
0
0
0
0
0
0
0
0
0
0
0
0
0
0
0
0
0
0
0
0
0
0
0
0
0
0
0
0
0
0
0
0
0
0
0
0
0
0
0
0
0
0
0
0
0
0
0
0
0
0
0
0
0
0
0
0
0
0
0
0
0
0
0
0
0
0
0
0
0
0
0
0
0
0
0
0
0
0
0
0
0
0
0
0
0
0
0
0
0
0
0
0
0
0
0
0
0
0
0
0
0
0
0
0
0
0
0
0
0
0
0
0
0
0
0
0
0
0
0
0
0
0
0
0
0
0
0
0
0
0
0
0
0
0
0
0
0
0
0
0
0
0
0
0
0
0
0
0
0
0
0
0
0
0
0
0
0
0
0
0
0
0
0
0
0
0
0
0
0
0
0
0
0
0
0
0
0
0
0
0
0
0
0
0
0
0
0
0
0
0
0
0
0
0
0
0
0
0
0
0
0
0
0
0
0
0
0
0
0
0
0
0
0
0
0
0
0
0
0
0
0
0
0
0
0
0
0
0
0
0
0
0
0
0
0
0
0
0
0
0
0
0
0
0
0
0
0
0
0
0
0
0
0
0
0
0
0
0
0
0
0
0
0
0
0
0
0
0
0
0
0
0
0
0
0
0
0
0
0
0
0
0
0
0
0
0
0
0
0
0
0
0
0
0
0
0
0
0
0
0
0
0
0
0
0
0
0
0
0
0
0
0
0
0
0
0
0
0
0
0
0
0
0
0
0
0
0
0
0
0
0
0
0
0
0
0
0
0
0
0
0
0
0
0
0
0
0
0
0
0
0
0
0
0
0
0
0
0
0
0
0
0
0
0
0
0
0
0
0
0
0
0
0
0
0
0
0
0
0
0
0
0
0
0
0
0
0
0
0
0
0
0
0
0
0
0
0
0
0
0
0
0
0
0
0
0
0
0
0
0
0
0
0
0
0
0
0
0
0
0
0
0
0
0
0
0
0
0
0
0
0
0
0
0
0
0
0
0
0
0
0
0
0
0
0
0
0
0
0
0
0
0
0
0
0
0
0
0
0
0
0
0
0
0
0
0
0
0
0
0
0
0
0
0
0
0
0
0
0
0
0
0
0
0
0
0
0
0
0
0
0
0
0
0
0
0
0
0
0
0
0
0
0
0
0
0
0
0
0
0
0
0
0
0
0
0
0
0
0
0
0
0
0
0
0
0
0
0
0
0
0
0
0
0
0
0
0
0
0
0
0
0
0
0
0
0
0
0
0
0
0
0
0
0
0
0
0
0
0
0
0
0
0
0
0
0
0
0
0
0
0
0
0
0
0
0
0
0
0
0
0
0
0
0
0
0
0
0
0
0
0
0
0
0
0
0
0
0
0
0
0
0
0
0
0
0
0
0
0
0
0
0
0
0
0
0
0
0
0
0
0
0
0
0
0
0
0
0
0
0
0
0
0
0
0
0
0
0
0
0
0
0
0
0
0
0
0
0
0
0
0
0
0
0
0
0
0
0
0
0
0
0
0
0
0
0
0
0
0
0
0
0
0
0
0
0
0
0
0
0
0
0
0
0
0
0
0
0
0
0
0
0
0
0
0
0
0
0
0
0
0
0
0
0
0
0
0
0
0
0
0
0
0
0
0
0
0
0
0
0
0
0
0
0
0
0
0
0
0
0
0
0
0
0
0
0
0
0
0
0
0
0
0
0
0
0
0
0
0
0
0
0
0
0
0
0
0
0
0
0
0
0
0
0
0
0
0
0
0
0
0
0
0
0
0
0
0
0
0
0
0
0
0
0
0
0
0
0
0
0
0
0
0
0
0
0
0
0
0
0
0
0
0
0
0
0
0
0
0
0
0
0
0
0
0
0
0
0
0
0
0
0
0
0
0
0
0
0
0
0
0
0
0
0
0
0
0
0
0
0
0
0
0
0
0
0
0
0
0
0
0
0
0
0
0
0
0
0
0
0
0
0
0
0
0
0
0
0
0
0
0
0
0
0
0
0
0
0
0
0
0
0
0
0
0
0
0
0
0
0
0
0
0
0
0
0
0
0
0
0
0
0
0
0
0
0
0
0
0
0
0
0
0
0
0
0
0
0
0
0
0
0
0
0
0
0
0
0
0
