10000
9.851134
9.8347645
9.782601
9.812399
9.761914
9.796151
9.769941
9.749741
9.728019
9.620723
9.579967
9.557964
9.54239
9.457875
9.483251
9.416344
9.435957
9.337909
9.245484
9.212649
9.223407
9.252903
9.129715
9.022004
9.12018
9.086456
9.110327
9.01615
8.935709
8.921913
8.812969
8.815267
8.709947
8.710627
8.612614
8.611838
8.503706
8.385311
8.297817
8.352648
8.370878
8.200478
8.099694
8.055511
8.045299
7.89127
7.7724786
7.8147783
7.615676
7.5389853
7.275062
7.494079
7.3265977
7.1528745
7.072462
7.007291
6.989934
6.8531337
6.9441476
6.9551344
7.03723
7.0034423
6.9390793
6.784349
6.9450746
6.848222
6.826855
6.8513055
6.8888545
6.957365
6.936103
7.007563
6.9577427
6.9482117
6.997338
6.9781666
7.1082087
6.9913135
7.0609107
6.7981343
7.0504527
6.896996
6.978984
6.852156
7.004353
6.8453565
6.90295
7.026513
6.9575458
6.958494
6.9730153
7.2314363
7.4053955
7.3997717
7.4907036
7.5625963
7.5878115
7.834761
7.949037
8.242757
8.159435
8.207592
8.18203
8.038648
8.088072
8.238557
8.300397
8.274795
8.231156
8.50265
8.402314
8.329922
8.299694
8.227012
8.177339
8.122087
8.115589
8.192219
8.135279
8.112402
8.052794
7.974388
7.910969
8.049885
7.9818883
7.97544
7.9833956
7.9042025
7.8552003
7.7808204
7.7483807
7.6529603
7.5956693
7.6487756
7.5629725
7.5862293
7.504243
7.6164627
7.5600877
7.5631685
7.6093135
7.5907764
7.5503044
7.5667067
7.500419
7.580292
7.528425
7.558028
7.609461
7.543248
7.5035353
7.609655
7.4937515
7.4950595
7.4167852
7.4121485
7.3937025
7.4151964
7.2809095
7.327329
7.3724465
7.336856
7.299584
7.393529
7.3211484
7.261205
7.261055
7.3407555
7.3543024
7.338007
7.371734
7.398901
7.5085745
7.538269
7.3181987
7.388714
7.3032136
7.273675
7.316768
7.265759
7.16673
7.127184
7.114274
7.1241484
7.0333753
7.105096
7.1026506
7.0871625
7.1214395
7.012431
7.1858034
7.0506234
7.0187244
6.9175806
6.871837
6.794258
6.778366
6.673891
6.52951
6.885119
6.5982256
6.6966715
6.5557184
6.5695467
6.558918
6.365039
6.366869
6.4126444
6.387552
6.2515116
6.3362036
6.25565
6.5286694
6.43198
6.5967426
6.2236133
6.461955
6.6041627
6.6277046
6.694869
6.5034957
6.658503
6.532682
6.8279004
6.696975
6.7250004
6.485045
6.7944913
6.59238
6.772732
6.734512
6.6922874
6.6584897
6.67343
6.7085567
6.697686
6.6277704
6.560336
6.6720624
6.7050943
6.5682917
6.642536
6.454466
6.7423716
6.6346865
6.8504286
6.477524
6.8606863
6.791013
6.733418
6.7401934
6.3664284
6.6590123
6.549225
6.5555196
6.505156
6.6030784
6.5631003
6.755066
6.74375
6.5556197
6.5062604
6.686401
6.61437
6.716849
6.636631
6.595028
6.7601633
6.7902465
6.6321077
6.701192
6.681801
6.633883
6.5693073
6.67909
6.4680796
6.6167054
6.818621
6.683436
6.5841374
6.7322373
6.724463
6.6647544
6.6466265
6.5365305
6.634453
6.512006
6.701169
6.692739
6.608182
6.561362
6.5682416
6.4549694
6.439657
6.6369586
6.2819896
6.4291215
6.50717
6.317814
6.4280066
6.2584987
6.3437214
6.4511957
6.158118
6.3111773
6.1801353
6.5182242
6.4248314
6.4261074
6.3803253
6.4059515
6.5189877
6.4739804
6.3786926
6.536468
6.5990486
6.608957
6.231256
6.6776705
6.4755225
6.562091
6.454317
6.562213
6.3686323
6.6164794
6.551651
6.536045
6.45601
6.506265
6.4417067
6.546829
6.359859
6.575531
6.2867975
6.520904
6.3057847
6.5191393
6.528509
6.356471
6.404439
6.4281044
6.502175
6.445488
6.3732543
6.288171
6.2879643
6.359144
6.3798666
6.3678923
6.3125134
6.4389358
6.3514977
6.3556347
6.2002497
6.467164
6.4584093
6.4940796
6.5378428
6.6110296
6.519668
6.524552
6.5961437
6.5966673
6.674217
6.9217477
6.847918
6.874326
6.814503
6.887224
6.8603687
6.8458953
6.887953
6.911029
6.9418435
7.126239
6.9443393
7.115904
6.9473095
7.013175
6.857554
6.905278
6.932606
6.9549685
6.8364196
6.7979097
6.913934
6.9661126
6.85008
6.891141
6.80224
6.807556
6.800096
6.7040167
6.6800694
6.5885177
6.632051
6.763151
6.7644424
6.702672
6.6751847
6.7787805
6.5863304
6.694192
6.662578
6.66363
6.4949813
6.598958
6.6477733
6.5296483
6.558958
6.655813
6.5733314
6.6678324
6.706132
6.700573
6.7708797
6.736643
6.633629
6.6829634
6.651355
6.82801
6.5871334
6.790979
6.6086397
6.656227
6.658314
6.767268
6.602077
6.6455483
6.7299066
6.789258
6.6395535
6.797228
6.8951073
6.819356
6.715535
6.63455
6.7005515
7.0111313
6.888404
6.815481
6.8720427
6.9658647
6.82915
6.8885736
6.941319
7.0111723
6.936377
7.134065
7.0240273
6.900438
6.8111415
6.889273
6.9077044
6.717273
6.7968225
6.92889
6.8869433
6.882311
6.9016123
6.8530145
6.9850535
6.7749853
7.0149493
6.816597
6.8422856
6.8968005
6.718886
6.937819
6.779311
6.658255
6.9053974
6.9250216
6.7462664
6.8247743
6.8514967
6.842292
7.055897
6.7643847
6.861896
6.8176894
6.9362626
6.7160497
6.934543
6.819234
6.9558225
6.8980374
6.9712048
6.9676933
6.9037547
7.0596676
7.0230336
6.948045
7.0922084
7.0309687
7.1724186
7.2883883
7.00695
7.408155
7.302299
7.2692
7.2283087
7.324689
7.1845374
7.2791905
7.1788144
7.396041
7.3781753
7.4543605
7.415464
7.4337997
7.343409
7.162597
7.206643
7.114872
7.3481445
7.388715
7.4046187
7.2389216
7.1460958
7.205414
7.3832564
7.1233144
7.1529965
7.14105
7.1039057
6.9273415
6.9893446
6.9872055
6.98307
7.0003242
7.0524387
6.995681
7.1565413
6.9201393
6.933605
6.9256215
6.9332986
7.0479074
6.9682665
6.905583
6.927395
6.9002385
6.9323497
6.984827
6.9324627
6.993516
7.012244
6.9159317
6.877151
6.783902
6.92749
7.0218806
6.960078
6.8568177
6.849159
6.873982
6.805907
7.023211
6.9767923
7.1620765
6.9855404
7.0594306
7.1726794
7.1170735
7.084348
6.98406
7.051632
7.08187
7.1332216
7.2461963
7.253135
7.444715
7.2477036
7.3858833
7.3881154
7.3480544
7.3549848
7.3069572
7.2952223
7.408417
7.4072175
7.3240714
7.1349144
7.140283
7.348754
7.326948
7.38608
7.301414
7.352852
7.139731
7.2567935
7.1804156
7.384012
7.327614
7.320226
7.2698464
6.950833
6.8234496
7.0647855
7.0748086
7.015698
6.975164
6.999586
6.7916284
6.702007
6.8624535
6.8348703
6.796733
6.8540955
6.77772
6.7045074
6.8790646
6.880416
6.8754587
6.8202243
6.9221554
6.8674307
7.0032415
6.74998
6.8869276
6.9590273
6.842786
6.899885
6.931544
7.0523868
6.8751864
6.866192
6.810234
6.9693327
6.9590545
7.093876
6.851845
7.0523057
6.9288306
6.8853517
7.163783
7.0542974
7.022347
7.0357885
7.2850423
7.2149496
7.3472357
7.0678506
7.321266
7.0774007
7.2450294
7.396983
7.341629
7.50428
7.410846
7.3179913
7.4109206
7.5764866
7.299328
7.468755
7.4612436
7.4309654
7.2848425
7.445407
7.5177646
7.3309603
7.321741
7.371323
7.239912
7.2431893
7.3046837
7.400348
7.3827095
7.3304043
7.2295322
7.23166
7.082549
7.166545
7.1446304
7.038236
6.853929
6.86531
6.9836197
6.9157677
6.892351
6.8772593
6.888265
6.8974543
6.9142976
6.869505
6.801849
6.69901
6.897428
6.687386
6.816017
6.83577
6.9671483
6.8479023
6.831817
6.960927
6.7903094
6.8586946
7.0071654
6.8394146
6.931349
6.960083
7.007675
6.854333
6.910555
6.9456787
7.021122
6.980477
6.858047
6.986862
6.892393
7.085462
7.085617
7.0001163
7.2122564
6.9292407
7.1801505
6.996146
7.2298846
7.1912355
7.174406
7.0499926
7.067051
7.0812373
7.1018276
7.405813
7.3401413
7.338912
7.3350654
7.352516
7.369898
7.4313745
7.168217
7.2163033
7.2842216
7.2427087
7.297677
7.2234964
7.252857
7.133178
7.375592
7.0449824
7.1768785
7.114489
7.132415
7.196103
7.242445
7.12543
7.0252843
7.0578885
7.209336
6.970931
7.018935
7.0476537
6.957132
7.067883
7.034268
6.897906
6.890041
6.854305
6.838236
6.7347026
6.906774
6.786426
6.984899
6.7337027
6.917363
6.860484
6.8777943
6.868586
7.175085
7.2007165
7.160558
7.0595865
6.8478813
6.5628247
6.460951
6.6084785
6.6050363
6.191396
6.0069227
5.680371
5.330738
5.4387054
4.799167
4.70969
4.294425
3.9282851
3.7077632
3.359173
3.0145168
2.892797
3.9586577
3.8441274
4.0267186
3.4662175
3.8086905
3.8911455
3.838862
3.987095
3.9459884
3.9933715
3.9574447
3.8607533
3.8612885
3.851389
4.277918
3.0052447
4.1823187
2.9253342
4.0534444
3.0168972
3.934636
3.891726
4.0270705
4.607857
5.7211614
6.0357447
5.831154
5.455419
5.467594
5.503066
5.7727413
6.1181626
6.1923165
6.5105495
6.808158
6.454596
6.560551
6.749625
6.742996
6.677812
6.8562045
6.8387384
6.8055344
6.8048677
6.8883667
7.0738473
6.8830495
7.0382633
7.127314
7.172628
7.05564
7.099641
7.099671
7.1765847
7.126075
7.118412
7.0955486
7.0512667
7.081621
6.984223
6.984256
6.962023
6.939539
7.1301703
6.94866
7.082579
6.9573464
7.245419
7.351853
7.2218933
7.3920016
7.3549027
7.373675
7.270899
7.154719
7.3798666
7.561299
7.461205
7.4989038
7.5900283
7.6095185
7.5738335
7.503843
7.615344
7.544977
7.4399962
7.557116
7.5061207
7.591182
7.5304794
7.5408907
7.5187407
7.569429
7.6324515
7.5254226
7.408389
7.5375695
7.4507875
7.5104456
7.419512
7.3691077
7.409082
7.386398
7.2087436
7.278763
7.3991566
7.4215508
7.3910384
7.2923884
7.3162737
7.3587785
7.400536
7.378499
7.558601
7.378541
7.4499454
7.2973833
7.4463863
7.4945517
7.542555
7.3652835
7.6337843
7.406391
7.5148273
7.429403
7.5556574
7.5697794
7.4551187
7.4776306
7.553158
7.4689713
7.4670753
7.5667214
7.4928637
7.64832
7.5767293
7.649084
7.667335
7.817034
7.647085
7.654862
7.8770523
7.895238
7.72203
7.7692046
7.669667
7.7183475
7.647275
7.695135
7.423337
7.5335755
7.595482
7.5627203
7.4242773
7.520629
7.4002633
7.448435
7.5546513
7.468596
7.323544
7.462487
7.280491
7.2783976
7.3601227
7.3537126
7.3196564
7.2327657
7.357082
7.3342156
7.5077243
7.3462934
7.289703
7.3128843
7.3828907
7.283791
7.2422843
7.449824
7.229768
7.2752194
7.335393
7.371035
7.3124785
7.578108
7.634354
7.400174
7.5966454
7.525351
7.7452765
7.530351
7.532385
7.5123324
7.6201477
7.675579
7.8716555
7.6859765
7.760636
7.680387
7.761647
7.9062214
7.736333
7.9455543
7.7127643
7.5956063
7.498983
7.561981
7.424918
7.680907
7.654822
7.6502666
7.720855
7.585322
7.6244497
7.6124644
7.433382
7.4769506
7.2612395
7.4002895
7.3718643
7.405562
7.2782063
7.4297285
7.399955
7.3561926
7.447736
7.453297
7.585471
7.3030415
7.353806
7.429893
7.4888783
7.6071534
7.5405316
7.5966344
7.629911
7.6365623
7.7397976
7.7329435
7.9191227
7.6882863
7.6663656
7.6447487
7.758235
7.796095
7.8271284
7.890716
7.7970304
7.794654
7.7926416
7.703145
7.747018
7.663493
7.702098
7.6069884
7.52114
7.7768617
7.685296
7.652096
7.606168
7.4290276
7.618557
7.551192
7.4475913
7.509061
7.5484776
7.343149
7.500448
7.444497
7.2621074
7.552764
7.517905
7.4644074
7.4244585
7.246937
7.2977533
7.5091143
7.488204
7.3163786
7.503166
7.7014127
7.6626415
7.7785473
7.734549
7.589093
7.794366
7.8682084
7.7027483
7.916715
7.8531194
7.957271
7.867306
7.9149184
7.7464437
7.678446
7.7731085
7.7535553
7.4751534
7.6642275
7.558753
7.7042484
7.5800967
7.4197536
7.5231676
7.439069
7.4317946
7.4403987
7.3807144
7.5763755
7.3207493
7.415337
7.5340667
7.2745237
7.1413565
7.3350177
7.324878
7.3663335
7.480283
7.289525
7.4055266
7.388709
7.5061088
7.574653
7.6756763
7.668277
7.5648956
7.6849494
7.779812
7.9385495
7.892167
8.010035
7.9233317
7.9791203
7.751307
7.823246
7.9928937
7.893279
7.8415284
7.918127
7.710181
7.754068
7.6574306
7.691955
7.563049
7.4444685
7.4587803
7.452838
7.5088596
7.4103794
7.3195133
7.256734
7.329248
7.349409
7.2497206
7.364142
7.3331356
7.5511045
7.3351097
7.2574544
7.47472
7.4221926
7.275651
7.5068917
7.4820614
7.550435
7.64301
7.546294
7.5767307
7.77329
7.5624456
7.6143293
7.688137
7.713348
7.594344
7.8542504
7.7584233
7.7068944
7.6581736
7.425083
7.6848145
7.406665
7.38933
7.4457407
7.0995655
7.3369007
7.2130294
7.0250826
7.3027744
7.132084
7.2384624
7.299969
6.972719
7.2614856
7.074339
6.995738
7.2562237
7.0754023
7.370566
7.201542
7.3252196
7.3517647
7.312368
7.600323
7.5357904
7.32041
7.587924
7.263306
7.573586
7.5134606
7.661083
7.6099987
7.7162113
7.941713
7.463901
7.5772657
7.554434
7.6867247
7.5798736
7.504159
7.3512855
7.3278866
7.5847816
7.146384
7.046479
7.349691
6.983426
7.0567265
7.2963
7.0551515
6.915527
6.974908
7.023871
6.7323513
7.0563507
6.9493685
6.9336505
6.9324636
6.975401
6.972093
7.098581
7.047778
7.394018
7.2191734
7.41029
7.1507015
7.5538073
7.302481
7.6424046
7.5329275
7.500304
7.5494123
7.877842
7.0461144
7.2778296
7.2534866
7.076846
7.3271527
7.171076
6.9914856
7.004371
6.970366
7.0674314
6.8787045
6.9169993
7.278945
7.068473
6.9697113
7.209266
7.0272484
7.038925
6.902207
6.9148555
6.890441
6.8731227
6.8251076
7.057958
7.1824226
7.1262293
7.0509953
6.674602
6.932141
6.9476066
7.0520377
7.220206
7.231844
7.3554516
7.2925825
7.453443
7.332851
7.2743917
7.526105
7.2093897
7.14353
7.395688
7.370581
7.469872
7.0813794
7.1805906
7.1485877
7.2696652
7.075042
7.1041713
7.1106296
6.867389
6.872798
6.594544
6.856528
6.6251326
6.79354
6.811452
6.7520037
6.834304
6.728539
6.7848063
6.794317
6.565447
6.7877536
6.9366345
7.2350516
7.052827
7.0524335
7.1889067
7.059107
6.9365616
7.077325
7.071473
7.087751
7.050951
7.3238983
7.0205655
6.7609215
6.7465415
6.7515883
6.8765817
6.7798915
6.7870684
6.93031
6.590701
6.55278
6.556423
6.658104
6.6089706
6.343932
6.3790007
6.314256
6.5499773
6.5834517
6.386491
6.540964
6.620041
6.6176066
6.758763
6.8774595
6.679262
6.899606
6.8683324
6.859418
6.974195
6.962196
6.9654226
6.6944923
6.825713
6.875864
6.7853146
6.7588396
6.5739307
6.8658533
6.6045504
6.4491253
6.756521
6.586645
6.361019
6.505162
6.42447
6.3637857
6.3124647
6.2301407
6.3345613
6.154022
6.1211624
6.2377687
6.127699
6.271459
6.285082
6.0950346
6.5270686
6.3564672
6.11496
6.067336
6.10133
6.089643
6.145192
6.333849
6.320782
6.4528604
6.344693
6.291073
6.554949
6.382865
6.410467
6.496406
6.4920745
6.2456512
6.5101547
6.2487817
6.163325
6.2797995
6.307539
6.362734
6.285337
6.2917433
6.3607883
6.1176004
6.2361603
6.1725583
6.1762304
6.220865
6.171389
6.138896
6.0067577
5.920142
5.914491
5.9414234
5.8840575
5.750918
5.931821
5.8794074
5.753077
5.9271126
5.863953
5.874131
5.9929104
5.8533945
5.837995
6.035154
5.881819
5.8436975
6.156354
6.2707367
6.0960093
6.049244
6.273465
6.138104
6.1154804
6.17648
6.172844
6.0564866
5.9627185
6.240427
6.2841897
6.1823397
6.4391885
6.4442053
6.19176
6.0435977
6.3343034
6.234787
6.3399487
6.424338
6.444794
6.409499
6.4077973
6.473209
6.4590826
6.3752465
6.3826833
6.2618866
6.3839874
6.3727674
6.3061976
6.513165
6.424822
6.3234577
6.3267765
6.272547
6.5501103
6.247657
6.6232386
6.413937
6.377789
6.34408
6.192635
6.519543
6.345958
6.3008156
6.2546296
6.098669
6.003877
6.104142
6.4081564
6.313863
6.4854608
6.4085336
6.488961
6.563323
6.441572
6.627177
6.36615
6.696529
6.3310723
6.387815
6.312845
6.4878907
6.3903894
6.282548
6.2977467
6.3101315
6.579343
6.4992714
6.7450385
6.635517
6.562234
6.4789205
6.431979
6.514508
6.618164
6.3970785
6.72345
6.643572
6.7590995
6.7334685
6.7349086
6.760768
6.5591245
6.6176677
6.569597
6.8592505
6.434513
6.364961
6.5779943
6.391061
6.4105763
6.4416137
6.3569765
6.5108585
6.2877827
6.3844914
6.5713425
6.4992447
6.5029283
6.645735
6.501525
6.578601
6.397663
6.6593504
6.5685368
6.6601505
6.9108114
6.73062
6.6967955
6.831084
6.837938
6.763956
6.9325476
6.8087177
6.8471274
6.8989778
6.6814
6.8433676
6.7608657
6.8535376
6.862683
6.9030175
6.845971
6.778983
6.772971
6.678767
6.753656
6.6636233
6.581009
6.7234526
6.427086
6.6465774
6.928359
6.848789
6.896575
6.793238
6.965779
6.599079
6.7256484
6.657232
6.471482
6.826317
6.85191
6.8368936
6.757131
6.62126
6.670659
6.758092
6.4937634
6.3691425
6.676533
6.629715
6.6622996
6.7184725
6.7902775
6.4957223
6.5354395
6.684869
6.534113
6.211117
6.390266
6.1861286
6.026545
6.0702586
5.8719254
6.0151634
6.0800047
6.2566137
5.9836416
6.0391674
6.1213865
6.0488954
6.026746
5.8234367
6.071515
6.074747
6.068294
6.0526304
6.2381077
5.918243
6.12572
5.983036
5.9671144
5.985174
6.0271826
6.0211506
6.158144
6.04782
6.3192906
6.0117526
6.2561374
6.114932
6.133007
6.2012787
6.1700315
6.153243
5.966863
6.0725436
6.2462816
6.0803914
6.0341454
5.9542327
6.0210667
5.9301414
5.9661465
6.021278
6.009118
5.888871
5.963027
5.8132453
5.90945
6.0624523
5.827532
5.8919764
5.971287
5.733662
5.8046126
5.7751284
5.652156
5.7688475
5.957604
5.7490335
5.7675853
5.899217
5.6251707
5.884721
5.831464
5.7335753
5.8477826
5.846914
6.061116
5.987767
5.8967905
5.7496233
5.646846
5.803566
5.829099
5.7891927
5.742105
5.856453
5.86166
5.8190584
6.060224
5.967076
5.9843817
5.908515
5.986015
6.000672
5.6605425
5.7838616
5.886855
5.9604683
5.7503085
6.057759
6.0580044
5.9587994
6.116819
6.081832
5.8304033
6.0742226
5.7512245
5.8788238
5.8856993
6.1227646
5.9178305
6.1821623
5.8085184
6.0119276
5.9747114
5.8907323
6.1250124
5.810031
5.8924723
5.8226657
6.111702
6.1552954
5.932377
6.0080185
6.141723
6.108974
5.9841495
5.8998365
5.965393
6.2453046
5.970926
5.8937597
5.963973
5.850775
5.915625
5.984427
5.852902
5.910647
5.761743
6.313136
5.856655
5.654681
5.7481737
5.6705246
5.7206893
5.846833
5.8511295
5.982048
5.7641373
5.832747
5.6073933
5.8726754
5.9815683
5.9381194
5.765626
5.6596217
5.796276
6.01592
6.0457153
5.952785
5.880526
6.004147
5.733019
5.6602635
5.6003585
5.7439613
5.7539
5.455772
5.7766805
5.709561
5.6000576
5.391203
5.5717998
5.282777
5.568658
5.511426
5.3863487
5.404657
5.3111305
5.818921
5.2935414
5.4856052
5.393688
5.473729
5.4559793
5.579673
5.4972577
5.535166
5.1361823
5.5449424
5.3994246
5.4677114
5.536171
5.402381
5.539606
5.493393
5.6028757
5.442357
5.5092397
5.558184
5.4191914
5.5071125
5.6271095
5.62952
5.349909
5.727476
5.4798713
5.2663217
5.550695
5.525556
5.1163807
5.38269
5.4911814
5.592763
5.294431
5.1220627
5.312714
5.3993273
5.315518
5.2139673
5.1611667
5.1817827
5.3035126
5.2728095
5.0814276
5.694593
5.5286875
5.275156
5.2923884
5.427622
5.778053
5.601292
5.4649363
5.498971
5.4962673
5.735902
5.471865
5.6620035
5.6436934
5.634569
5.4366326
5.1460414
5.711714
5.4360886
5.585309
5.3942504
5.180886
5.600766
5.5542383
5.4927583
5.4564095
5.364205
5.407198
5.5544844
5.287311
5.349905
5.17566
5.2866106
5.336042
5.4493685
5.2911615
5.32867
5.1637454
5.2726107
5.198709
5.333988
5.3364487
5.30798
5.4565773
5.3940644
5.2713776
5.3326445
5.247081
5.2155943
5.345593
5.349426
5.2622743
5.282651
5.3497114
5.325779
5.23311
5.2537584
5.351373
5.2659974
5.1992645
5.0893393
4.9938455
5.2251563
5.1856894
5.328149
5.317707
5.1353383
5.1800017
