10000
8.855928
8.894526
8.842503
8.898613
8.876286
8.818638
8.897636
8.863004
8.824463
8.865963
9.019701
9.002476
9.009506
9.023271
9.070316
8.941683
8.815348
8.837662
8.878698
8.88702
8.894771
8.972814
9.032062
9.059419
9.097399
9.073155
9.134824
9.136294
9.157336
9.156445
9.135529
9.143054
9.054901
9.007468
8.942005
8.96404
8.935322
9.023961
9.007795
9.043769
9.060874
9.128094
9.135688
9.127199
9.068687
9.139682
9.132031
9.0632
9.007657
8.935924
8.905518
8.902405
8.9628935
9.055111
9.091396
9.189307
9.191887
9.193495
9.202219
9.152627
9.094901
9.039896
8.985227
8.9688835
8.978759
9.048578
9.022448
9.054142
9.02994
9.042387
9.002429
9.062543
9.027549
9.062144
9.04588
8.999373
8.993869
8.949209
8.966638
8.931814
8.784897
8.762964
8.770052
8.805944
8.760654
8.783475
8.860575
8.829333
8.874774
8.7890415
8.877857
8.873403
8.934476
8.881394
8.913108
8.911768
8.920982
8.9423065
8.851831
8.837874
8.839068
8.810022
8.79584
8.819382
8.821539
8.810497
8.814131
8.868129
8.783421
8.867214
8.827813
8.930565
8.887438
8.870693
8.860884
8.85177
8.871675
8.858453
8.920185
8.942299
8.813355
8.876243
8.816055
8.839989
8.915878
8.827246
8.840494
8.835584
8.828837
8.899775
8.851975
8.940541
8.922441
8.918577
8.873642
8.837194
8.853269
8.810206
8.868864
8.891907
8.970708
8.925594
8.8936825
8.827156
8.850345
8.750451
8.778256
8.734149
8.7195015
8.709309
8.69869
8.759766
8.669945
8.800436
8.712614
8.770987
8.724008
8.685238
8.606499
8.546912
8.493782
8.411885
8.416216
8.420811
8.610734
8.564946
8.520999
8.507242
8.448592
8.350354
8.282502
8.2491255
8.124148
8.148718
8.0013485
8.026137
7.896614
7.8699327
7.7575846
7.659138
7.3286066
7.114939
6.784622
6.4439783
6.0312233
5.421571
4.919292
4.4075108
4.3603005
4.512451
4.6983037
5.12811
5.322524
5.5718403
5.667994
5.8242426
6.219266
6.443823
6.642958
6.8984575
6.9582515
7.143714
7.292521
7.362836
7.54055
7.5442576
7.4792576
7.4819174
7.6226754
7.6672072
7.8574443
8.070503
8.109897
8.038766
8.104223
8.14043
8.069596
8.074013
7.9273467
8.003819
7.8789887
7.908437
7.926333
7.9384556
7.9115367
7.973704
7.982518
7.9958825
7.974385
8.026917
7.956474
8.104607
7.947229
8.071262
8.001007
8.005408
7.9766645
8.066349
8.0882
8.053705
8.025627
7.9954042
8.107649
8.072361
8.101848
7.998191
8.042221
7.9782395
7.97956
7.9951534
8.003101
8.015865
7.9502015
8.071525
8.103024
8.092542
8.096931
8.108933
8.110273
8.108072
8.245991
8.237906
8.23852
8.26045
8.25437
8.266077
8.272652
8.2614975
8.279916
8.251526
8.300952
8.355299
8.347091
8.350713
8.313877
8.350576
8.320005
8.354037
8.310336
8.325333
8.31665
8.317632
8.333615
8.342085
8.332297
8.362809
8.358403
8.396655
8.312072
8.378998
8.421548
8.466306
8.535138
8.483922
8.503583
8.42623
8.351427
8.282145
8.37467
8.380854
8.467222
8.454279
8.487361
8.476192
8.493458
8.503548
8.480695
8.47465
8.468177
8.452552
8.457853
8.48374
8.48125
8.449885
8.479891
8.473787
8.4493065
8.438092
8.433662
8.395827
8.351046
8.297234
8.275706
8.277503
8.250802
8.337869
8.309261
8.382885
8.316447
8.38271
8.334614
8.399721
8.423482
8.377562
8.4531765
8.412005
8.48971
8.389008
8.415703
8.380839
8.375887
8.365857
8.380174
8.37517
8.408758
8.415058
8.3976755
8.437922
8.345155
8.278354
8.398348
8.329418
8.330009
8.255634
8.27444
8.245135
8.266268
8.288396
8.276454
8.305466
8.27705
8.257278
8.272484
8.253807
8.289537
8.28435
8.260347
8.232673
8.23316
8.373138
8.440336
8.514801
8.522317
8.478657
8.472466
8.505039
8.431741
8.463407
8.45291
8.459425
8.469261
8.4176655
8.461781
8.327641
8.38611
8.285413
8.274418
8.256131
8.259653
8.24088
8.246046
8.235368
8.221638
8.259064
8.204044
8.307551
8.186573
8.2950735
8.194442
8.259967
8.227968
8.255526
8.2141
8.263313
8.187178
8.306014
8.170112
8.320063
8.26717
8.40026
8.256273
8.347903
8.271465
8.296325
8.281224
8.312685
8.298514
8.42409
8.33482
8.376494
8.349455
8.4881115
8.357448
8.491159
8.359095
8.410158
8.239446
8.2349415
8.044791
8.193407
8.124172
8.314512
8.406877
8.5354805
8.44567
8.551667
8.453595
8.556343
8.4481735
8.552178
8.403635
8.384781
8.1464205
8.185319
8.08598
8.161771
8.119449
8.241147
8.171583
8.347948
8.2101965
8.363769
8.184145
8.221518
7.9752975
8.038946
8.013895
8.100607
7.942548
8.028816
7.9474363
7.8506327
7.9683642
8.009384
7.918517
7.923876
7.917553
7.970427
7.8928404
8.012004
8.002459
8.048206
8.003693
8.012581
7.9838004
8.130909
8.074696
8.167574
8.221138
8.201474
8.122095
8.079187
8.103345
8.123567
8.085463
8.036477
8.121897
8.159684
8.157796
8.121774
8.091702
8.179125
8.242836
8.156997
8.274881
7.9132543
7.8610516
7.6440725
7.4781504
7.5015903
7.36093
7.0942645
7.124133
7.098244
7.029151
7.026493
6.968833
6.827383
6.6628804
6.3310137
6.249212
6.3901834
6.211235
6.0578365
5.7936277
5.513898
5.2180243
5.234945
5.052668
4.852095
5.140884
4.675226
4.6127563
5.0102744
5.2123594
5.7571077
5.4743123
5.252281
5.122059
5.055395
5.4953375
5.4677954
5.425147
5.0002565
4.4940095
4.8358173
5.337034
5.4010963
5.0775003
5.3170924
4.7859774
4.722517
4.9699416
5.0349708
4.9921813
4.779155
3.9887528
4.3642826
4.4121995
4.050451
4.466667
5.2472625
5.2980576
6.2570395
6.6644487
6.888639
7.3059354
7.09884
6.4634376
6.089138
5.446145
5.173091
5.140591
6.455888
7.034257
7.9117637
7.5559177
6.911418
7.2628756
5.9993052
6.598455
6.7152185
7.3853817
7.380193
6.908181
6.965456
7.205666
6.6412406
6.8472586
7.160308
7.7633467
8.051288
7.718341
7.7688723
7.8391724
7.5712113
6.523302
7.295491
7.484846
7.4679656
7.619912
7.2409964
6.80213
6.023769
4.643168
3.69717
4.36831
3.6372187
3.235407
3.7104807
3.5149274
3.3701565
3.4270165
3.4496086
3.4668832
3.449865
3.4829032
3.5875747
3.495876
3.621334
3.4320192
3.4532208
3.3974466
3.4276218
3.1631103
2.8468213
3.5645556
3.413205
3.2246635
2.9313667
3.333044
3.3502405
3.5758486
3.668794
3.6770678
3.556385
3.5078216
3.5665872
3.46412
3.6180904
3.419813
3.5271966
3.57394
3.5884907
3.415938
3.5378044
3.61486
3.6235485
3.6258907
3.6836352
3.61056
3.6758163
3.6520584
3.7086391
3.7551193
3.6244824
3.5685782
3.4596038
3.455673
3.3799446
2.9395673
2.7757819
2.9729688
2.6932182
3.6361096
3.6498666
3.6087077
3.4147248
3.592573
3.7643688
3.766893
3.7515042
3.7388449
3.8914342
3.8841846
3.8524594
3.8685226
3.9228508
3.8495085
3.847419
3.8576436
3.8052201
3.880714
3.8112283
3.8686516
3.942228
4.2280264
4.2266874
4.1331325
4.1363363
4.159088
4.249838
4.399309
4.3815894
4.3748918
4.435713
4.3116665
4.3281317
4.4215455
4.3600626
4.1784973
4.188924
4.1245327
4.0046673
3.8718355
3.8450708
3.7365522
3.784775
3.6946678
3.6846488
3.6716523
3.7317424
3.6538758
3.7794316
3.5931954
3.5642648
3.5135424
3.5324044
3.4475799
3.4931116
3.5049002
3.4793117
3.4818153
3.4893787
3.5155
3.531281
3.5485134
3.5459273
3.5516074
3.842572
3.6482296
3.417562
3.395809
3.4910605
3.516263
3.4334145
3.3845549
4.091531
4.7681046
4.357499
4.4638286
2.2080626
2.6952767
2.8329415
2.7743292
2.7594984
2.8053818
2.9772413
3.2201147
3.6765323
3.6017497
3.5396533
3.453694
3.2243066
3.3266594
3.363793
3.4320698
3.2402146
3.2972145
3.2834451
3.0413446
2.9035268
2.5950282
2.300639
2.2354894
2.1903806
2.1509776
2.250154
2.3345501
2.3884745
2.325035
2.317286
2.364707
2.3382452
2.3009965
2.3603399
2.4132314
2.3352044
2.2833152
2.7431211
3.747923
3.3959923
3.3086748
3.1693363
3.0638993
2.878421
2.6904721
2.6652746
2.647369
2.6656156
2.6365232
2.6610322
2.6307259
2.6443827
2.567172
2.5624108
2.5943463
2.5622113
2.5085092
2.5059047
2.5185773
2.5165033
2.5147908
2.5059476
2.492309
2.536836
2.4705598
2.4947135
2.4996538
2.511941
2.5274823
2.5541885
2.5277023
2.5525067
2.521736
2.4614654
2.4461606
2.3957694
2.4132254
2.4670377
2.465276
2.4285932
2.429522
2.4411218
2.5789573
2.6096497
2.5888107
2.7092004
2.865196
3.1943476
3.4906428
3.8053803
4.2697244
4.4851637
4.561716
4.563857
4.5938816
4.4741154
4.4815025
4.4461184
4.366152
4.239638
4.1606755
3.9901252
3.8948653
3.6570013
3.5064228
3.5406394
3.4861445
3.5779066
3.4934947
3.5051312
3.5306926
3.5209255
3.5892847
3.5898938
3.5660343
3.547473
3.6102607
3.6334174
3.5498421
3.4937742
3.6421947
3.5308561
3.5647664
3.587243
3.5315795
3.5160532
3.562257
3.4919326
3.5424461
3.605837
3.5461032
3.6501484
3.5464253
3.5913348
3.509213
3.5243688
3.54827
3.526473
3.5241337
3.5735888
3.5014937
3.5865803
3.5373886
3.486933
3.635872
3.5697963
3.5883093
3.6969228
3.552364
3.4709234
3.5127993
3.525561
3.4677484
3.5622017
3.481816
3.681887
3.3512256
3.3613954
3.3297632
3.2523856
3.2876945
3.3275564
3.36615
3.4484553
3.4713674
3.4456935
3.6468825
3.8081546
3.769622
3.8597252
3.8397288
3.9131322
4.0026155
3.8692791
4.1501565
4.03565
4.2281227
4.2139845
4.1670213
4.233386
4.112506
4.020604
3.99332
4.081255
4.292985
4.1862326
4.1098957
4.0643983
4.0838203
4.0100455
3.8125668
4.0596294
3.958858
3.6515884
3.5509338
3.5176961
3.584356
3.4577057
3.2184877
3.1174104
3.0395365
2.9793959
2.923201
2.8060937
2.6253798
2.6421213
2.6999307
2.7074578
2.6667585
2.6883936
2.757736
2.7627697
2.7387183
2.7616122
2.664321
2.7723587
2.7680783
2.7978158
2.7951865
2.7814837
2.8903365
2.908594
3.0020096
3.069231
3.0996644
3.1212745
3.2639208
3.2391589
3.3487809
3.5144155
3.6706853
3.57114
3.6553054
3.7040248
3.714723
3.614553
3.5868244
3.574015
3.446061
3.411671
3.342836
3.2198505
3.0853107
3.0583856
2.9936094
2.973334
2.777223
4.1241403
4.362035
4.024884
4.16174
4.1301537
4.3718004
4.8172383
5.259819
5.3194895
5.648484
5.4002857
5.0363708
4.7263045
4.5679007
4.3026304
4.3031135
4.846051
4.965953
5.4230385
5.6990094
5.6768456
5.45005
5.2201495
5.148755
4.8552723
4.6387625
4.4542933
4.3197913
4.260752
4.8860927
4.8786354
5.085957
5.128666
4.5451803
4.3692074
4.3168163
4.0115356
4.2815347
4.213654
4.1564856
3.999391
3.9744418
4.0437975
4.156353
4.089755
3.83762
3.8638446
3.6201398
3.64969
3.6052299
3.3731065
3.402092
3.3962743
3.260269
5.5082817
5.4120526
5.2188964
5.294915
4.9598393
5.016204
4.9431663
4.895449
4.93945
4.7292957
4.796972
4.812063
4.726808
4.7072
4.8658485
4.585829
4.748607
4.712803
4.6603045
4.70805
4.533964
4.75783
4.7771826
4.658091
4.543476
4.717677
4.6015887
4.6065598
4.6103883
4.7587686
4.7996078
4.9338236
4.8475924
4.831833
4.818117
4.902945
4.8802667
4.9144936
4.9284444
4.943016
5.0106
5.061016
5.0709314
5.2087307
5.1474376
5.3711467
5.2337565
5.3072877
5.2747808
5.3652363
5.4439297
5.3267493
5.5761795
5.562878
5.668309
5.7508802
5.838235
5.8020854
5.756343
5.783351
5.742752
5.718185
5.791418
5.808325
5.6686707
5.747329
5.61462
5.5972157
5.6384044
5.5386586
5.5744815
5.676905
5.648557
5.545073
5.565617
5.486309
5.382098
5.389444
5.402073
5.4200096
5.454456
5.552144
5.504664
5.488744
5.481054
5.3874655
5.427392
5.466776
5.4632916
5.4530926
5.5539713
5.413913
5.5529795
5.3636084
5.440502
5.3462906
5.482805
5.4589767
5.4226556
5.4321804
5.4203906
5.562813
5.440358
5.5621424
5.4819536
5.5808616
5.368381
5.448855
5.415781
5.5263352
5.5633526
5.7343674
5.766886
5.644217
5.5888915
5.517172
5.602688
5.598168
5.670307
5.7835283
5.8430786
5.907041
5.9115586
5.9257483
6.0308223
6.218835
6.227244
6.256957
6.2228155
6.238753
6.291024
6.3050323
6.512518
6.6413684
6.6260676
6.6777363
6.621427
6.6160097
6.5777326
6.613078
6.5150633
6.587782
6.5016723
6.579
6.514602
6.5586414
6.4848003
6.577193
6.4740877
6.5127807
6.4469543
6.484912
6.480885
6.4276295
6.4209557
6.4097404
6.454597
6.379966
6.457013
6.440357
6.41739
6.455998
6.4289436
6.476676
6.4290957
6.4810314
6.4233284
6.3942404
6.3735433
6.4306993
6.3610506
6.374467
6.324459
6.33507
6.407631
6.4136662
6.4359922
6.3798637
6.360449
6.324937
6.4209065
6.4679847
6.413251
6.4076476
6.364867
6.2407928
6.0310993
6.121261
6.103622
6.1724596
6.3965764
6.2489557
6.388825
6.318633
6.3855453
6.4282026
6.5405774
6.4824953
6.6571097
6.5820704
6.724688
6.7081575
6.8126564
6.7700386
6.772938
6.6437445
6.586597
6.6573887
6.5550213
6.700713
6.693599
6.0478854
5.832533
5.425493
4.9790506
5.634022
6.1217537
5.5698605
5.765134
6.401456
5.0793047
6.041295
6.191146
6.304247
6.3673034
6.169818
5.9190354
5.924473
6.400157
6.4340487
6.431819
6.2870975
6.4016128
6.2956195
6.505124
6.5079255
6.5456915
6.7392063
6.913391
6.779232
6.8562646
6.781789
6.7213793
6.742752
6.724989
6.7941446
6.8586698
6.8218145
6.7078533
6.73638
6.7299743
6.7201605
6.768173
6.7455487
6.7330856
6.8167934
6.7752094
6.763323
6.687348
6.643795
6.640539
6.681078
6.628348
6.3538055
6.4154205
6.3896093
6.3801227
6.383582
6.4209323
6.5629807
6.6355047
6.6391664
6.5867205
6.549044
6.57236
6.4959273
6.5183783
6.4148474
6.429201
6.641699
6.617546
6.6315413
6.6835637
6.688032
6.8423424
6.9531264
7.0987406
6.802663
6.433262
5.9753313
5.2340617
3.7123923
2.990366
2.7444844
2.768845
2.606931
2.4604735
2.6257126
3.7242193
4.3792424
3.6654718
3.6459463
4.2460885
3.1592517
3.3839827
3.6191168
3.5179791
2.4537544
2.5488179
3.2939072
3.457526
3.417976
3.4994473
3.1761162
3.0023022
3.7581956
4.583697
4.5763245
4.6656394
4.762734
4.8164577
4.63595
4.6407547
4.645227
4.673789
4.7277255
4.765689
4.801738
4.8180223
4.8218155
4.7989926
4.7669425
4.7127867
4.774069
4.751297
4.685891
4.747982
4.7420683
4.6959033
4.7371316
4.7426887
4.653835
4.7016277
4.753164
4.6885805
4.671788
4.6841006
4.651825
4.6047287
4.6815386
4.652565
4.636728
4.694751
4.676483
4.6867886
4.66269
4.6245856
4.7065883
4.707905
4.6538434
4.6763625
4.721878
4.6880865
4.643221
4.6480255
4.7032995
4.7420487
4.7403483
4.683928
4.692552
4.680993
4.7403016
4.7535005
4.738682
4.746359
4.7750998
4.7609982
4.729408
4.706945
4.7486525
4.7662625
4.8052297
4.7362614
4.7677283
4.726641
4.778505
4.768324
4.698991
4.70101
4.765942
4.7951837
4.7372704
4.690949
4.7311077
4.797185
4.7706275
4.8024936
4.7788906
4.807095
4.982643
4.9073095
4.881402
4.851159
4.8749804
4.809667
4.8391943
4.7725506
4.7954426
4.7458363
4.873699
4.8348722
4.799658
4.7342167
4.77001
4.7173777
4.6715612
4.701692
4.732002
4.751875
4.7597566
4.797275
4.7946506
4.779946
4.7990823
4.8236766
4.8071585
4.864884
4.807642
4.8821354
4.8876843
4.797874
4.8046694
4.7626915
4.8257732
4.795835
4.764827
4.80649
4.796615
4.791919
4.7935185
4.817117
4.800164
4.737515
4.7389407
4.765968
4.7309637
4.774443
4.7297864
4.7483706
4.7407303
4.7986774
4.705155
4.7518883
5.088878
5.1655855
5.2658515
5.369039
5.328693
5.4536552
5.4697638
5.508941
5.453539
5.4347563
5.4770646
5.431054
5.450094
5.48977
5.420496
5.447105
5.543409
5.562057
5.4964027
5.6051817
5.681285
5.6269407
5.6201153
5.576521
5.6750174
5.504039
5.619838
5.51323
5.5401797
5.5743494
5.527092
5.517252
5.5544996
5.5112085
5.5180874
5.594858
5.791378
5.808813
5.564766
5.6769857
5.7114286
5.8285275
5.57089
5.680113
5.78551
5.8235154
5.6207232
5.808711
5.8504868
5.7875237
5.6596394
5.734967
5.819803
5.919535
5.906329
5.914039
5.923558
5.898491
5.762912
5.95601
5.736706
5.9441867
5.76778
5.9221168
5.70548
5.924398
5.689426
5.879198
5.7646656
5.764268
5.8239684
5.686941
5.738407
5.83684
5.7588544
5.8090425
5.8015947
5.856824
5.872266
5.710187
5.7349954
5.756014
5.7059665
5.717067
5.705238
5.7887287
5.793993
5.866146
5.8301697
5.853245
5.818236
5.8317285
5.808712
5.782181
5.818412
5.8292055
5.940116
5.7661414
5.75462
5.806485
5.856121
5.688205
5.766118
5.7776575
5.7763057
5.60664
5.52242
5.510629
5.4181905
5.11676
5.1970844
5.6003246
5.065137
4.6214156
2.7150939
3.1479692
3.3877926
3.5700948
4.0511265
3.6197715
2.386496
2.5550582
4.126553
3.7450745
3.7452545
3.7404244
3.83239
4.1169767
4.246822
4.0858283
4.083193
4.003773
4.0265346
3.7277036
3.936366
3.7953978
3.781653
3.7425044
3.7838178
3.752459
3.7714086
3.7771478
3.7318387
3.782586
3.7127175
3.6470006
3.7844136
3.662461
3.7529888
3.7564154
3.6872785
3.7558246
3.7859502
3.8200722
4.8221927
4.085841
2.7181144
2.722707
3.2861552
3.1767704
3.0046244
2.3961096
1.2498782
1.5801868
2.3127892
2.4589212
2.2807567
2.8064494
3.1530674
3.2016087
3.610818
3.7298963
4.4422994
4.52336
3.6387534
1.6569557
1.1156404
