10000
5.106824
5.121878
5.085703
5.230513
5.245867
5.22328
5.2200556
5.178608
5.2654667
5.1887693
5.203891
5.199642
5.1895795
5.1550255
5.2433095
5.1777754
5.1844177
5.280699
5.2664533
5.2510757
5.1567297
5.1671534
5.2283707
5.192657
5.19407
5.261315
5.169975
5.18274
5.2180643
5.2569237
5.24452
5.245837
5.1862803
5.2388525
5.142761
5.2441835
5.276546
5.1703167
5.2030225
5.2119017
5.158575
5.2038503
5.1804023
5.2090034
5.1937547
5.190424
5.2544928
5.211129
5.206547
5.2304554
5.218479
5.2346926
5.0046883
4.882984
4.8329964
4.744468
4.8679843
4.898727
4.797191
4.861201
4.82327
4.7877674
4.7157135
4.6498065
4.6407385
4.713407
4.702245
4.7873154
4.897122
4.938556
4.7089815
4.8384233
4.6545205
4.7419777
4.7165947
4.727444
4.6159377
4.7530584
4.6014338
4.558535
4.708353
4.7225866
4.619484
4.6613784
4.66633
4.6863456
4.7330894
4.650845
4.6555386
4.5903
4.68031
4.585469
4.6579466
4.6191955
4.6538916
4.696067
4.602414
4.537014
4.6457734
4.6741467
4.632279
4.608368
4.6309752
4.5559635
4.5824513
4.5883346
4.627238
4.681161
4.666918
4.6045
4.7069855
4.589999
4.512446
4.5548277
4.5902033
4.319989
4.3395076
4.4696784
4.2819657
4.195896
4.170179
4.0851088
4.1130066
3.9972386
4.1405935
4.0334444
3.8253582
3.935086
3.8742657
3.843952
3.813364
3.7459512
3.6839921
3.6836107
3.7063644
3.661814
3.660176
3.6347618
3.6667037
3.6039243
3.4752877
3.501462
3.54567
3.5211225
3.4651928
3.4269738
3.3881555
3.349587
3.3177047
3.2877808
3.295114
3.337647
3.4101818
3.3887973
3.2794282
3.191829
3.1705716
3.0042734
2.9084566
2.9335027
2.9307625
2.9758103
3.0381312
2.9799109
3.0296977
2.9917507
2.9847245
3.0113304
3.0060353
3.020688
3.1259108
3.1430259
3.1391377
3.1425474
3.1262143
3.1113596
3.091977
3.1351433
3.2174737
3.128835
3.1149375
3.178077
3.1793373
3.13545
3.1132545
3.1253371
3.1139777
3.1957011
3.111923
3.1389928
3.2272553
3.1620278
3.1692913
3.2072902
3.2049456
3.276987
3.217794
3.2230697
3.1954813
3.2571259
3.2710617
3.2078412
3.2991583
3.2332296
3.1877954
3.2107055
3.2374787
3.244806
3.228533
3.260216
3.2791288
3.2460492
3.2514896
3.1998816
3.1779275
3.2948303
3.1704159
3.1862938
3.1905444
3.2599125
3.2344632
3.2294466
3.2645087
3.2301393
3.2080498
3.2254114
3.2270331
3.2576778
3.2584317
3.2670765
3.2278566
3.215182
3.266969
3.2448883
3.255152
3.3105743
3.2821794
3.3422194
3.2631438
3.2246604
3.243329
3.1978242
3.2039928
3.1682918
3.180306
3.1619291
3.1614735
3.1569302
3.1692061
3.1750822
3.2397687
3.136009
3.1143112
3.1257133
3.1898851
3.16239
3.1718535
3.180756
3.2187433
3.1967947
3.1867218
3.1711748
3.2115371
3.2056308
3.1757987
3.1923187
3.2028298
3.2160718
3.231555
3.2302432
3.1288025
3.1606574
3.1407127
3.1606748
3.1385696
3.2421737
3.1783347
3.1588125
3.188086
3.1858292
3.154107
3.1752262
3.166305
3.0983791
3.1490922
3.1962256
3.1495974
3.1639032
3.1720083
3.148688
3.14298
3.128168
3.1531615
3.1643152
3.300681
3.515779
3.3134553
3.1896155
3.150991
3.096154
3.113894
3.076398
3.166994
3.0775304
3.0685072
3.0609093
3.0425718
3.0505223
3.0852976
3.0672698
3.0475345
3.0736604
3.1499958
3.03433
3.0498228
3.0295339
3.021792
3.0312943
3.0448995
3.0412607
3.108945
3.078884
3.1129339
3.2193887
3.3583136
3.0820928
3.056737
3.114286
3.0150375
3.001716
3.0743175
3.08489
3.0734303
3.091086
3.1058056
3.0989537
2.9996386
3.0860722
2.99553
3.067183
3.0642445
3.0883608
3.0539374
3.0876844
3.1433473
3.1281307
3.1638184
3.166523
3.2203999
3.174065
3.153284
3.2356615
3.1425319
3.181308
3.0702791
3.145014
3.1113362
3.1730928
3.1008332
3.102405
3.1095927
3.125858
3.138821
3.122025
3.1518302
3.1283612
3.100142
3.135808
3.1132236
3.096343
3.0683722
3.1045494
3.0835452
3.1301239
3.210064
3.2328591
3.115744
3.1358511
3.1043062
3.1697633
3.1416092
3.1635697
3.0818481
3.1792076
3.1675339
3.1866002
3.1664777
3.1399958
3.1247017
3.1494193
3.194982
3.1316166
3.0996866
3.033298
2.970271
2.7175968
2.6888022
2.7337022
2.7129498
2.6978884
2.6682775
2.7218053
2.7131245
2.6381977
2.7042956
2.6642406
2.7118297
2.6631927
2.7221885
2.6895328
2.6522243
2.7396984
2.5773685
2.5501418
2.3963435
3.0423641
3.0744853
3.1610312
3.167532
3.1216981
3.175908
3.1707659
3.1355534
3.086701
3.3484914
2.4709597
2.086211
2.2366443
2.3003263
2.2412865
2.560935
3.24561
3.542163
3.037863
3.0807855
2.2559757
2.307488
2.320143
2.3612063
2.2845423
3.0377576
3.0808558
3.1125445
3.1687906
3.0482209
2.3590035
2.5801873
2.5950906
2.5787113
2.6266556
2.6265018
2.6746564
2.6586094
2.5303116
2.2504294
2.1034653
2.069599
2.0599654
2.082147
2.0522573
2.1268625
2.2043328
2.2952642
2.3302352
2.4167788
2.4267154
2.531936
2.4717107
2.534272
2.5575774
2.5597243
2.56363
2.5829995
2.4992344
2.4743993
2.4444685
2.4227493
2.4234006
2.4401999
2.4840457
2.5073698
2.45884
2.458689
2.4021037
2.3844957
2.3975558
2.465649
2.4825923
2.5383587
2.5640795
2.5552187
2.5879364
2.5895805
2.632117
2.5448034
2.4446468
2.651794
2.5266187
2.4781313
2.4884067
2.450529
2.4100246
2.3448362
2.3511736
2.3644185
2.3707914
2.366033
2.319822
2.3080292
2.2180805
2.6264179
3.1673899
3.1422467
3.1817298
3.152938
3.204206
3.1811113
3.190346
3.1999402
3.286911
3.212711
3.2445798
3.2269602
3.2139657
3.2152126
3.2667143
3.2391353
3.260166
3.2149372
3.2309332
3.2492492
3.2701268
3.194727
3.2137668
3.235263
3.2480774
3.2778294
3.2342782
3.2189178
3.3219934
3.2331374
3.2033606
3.2248654
3.3241262
3.2477841
3.2525907
3.2683024
3.2338035
3.2615113
3.3165684
3.316337
3.2415113
3.256746
3.278364
3.3202274
3.2915127
3.276565
3.3225546
3.2672174
3.285486
3.2540941
3.3339393
3.2596378
3.3976734
3.242857
3.8042037
3.8087575
3.2789762
3.701855
3.3768551
3.5842993
3.4403656
3.153535
3.3604572
3.9094028
4.277458
4.270411
4.215228
3.9215922
3.644307
3.3782437
3.2780232
3.397147
3.3243008
3.3661904
3.3436658
3.3660774
3.3337064
3.3813825
3.3354096
3.330962
3.3517597
3.344014
3.3792927
3.3165789
3.3801162
3.3377728
3.3463368
3.369663
3.3687336
3.3830733
3.3285556
3.3875268
3.320043
3.443661
3.3250704
3.3561795
3.3396564
3.3358626
3.3362803
3.416601
3.3379374
3.3198626
3.3289843
3.401783
3.3831306
3.4130344
3.3443563
3.4340901
3.313354
3.3573174
3.3500612
3.3915532
3.349774
3.2821527
3.3210733
3.3548975
3.301345
3.3297093
3.325801
3.3023045
3.340169
3.3819714
3.3237092
3.3570035
3.3436158
3.3225126
3.2862768
3.384208
3.3015163
3.3646934
3.392779
3.5644925
3.2847486
3.3005242
3.4706137
3.422461
3.0898578
3.0710742
3.3785222
3.6889558
3.5118964
3.3107884
3.3818865
3.278994
3.3032875
3.2625496
3.3352394
3.369623
3.3091092
3.3264737
3.4445238
3.3446372
3.3209841
3.3220146
3.3217623
3.3167894
3.2912717
3.3182209
3.3027189
3.3172
3.3490505
3.347618
3.2979834
3.2554438
3.2929091
3.3394969
3.304809
3.31128
3.3648157
3.3231347
3.3224978
3.3371978
3.31684
3.39893
3.363818
3.338748
3.3807588
3.3581243
3.339033
3.327904
3.33452
3.3522182
3.3295197
3.346874
3.3291783
3.3379593
3.296489
3.3122566
3.4038801
3.3973632
3.3919597
3.33681
3.417665
3.4172611
3.4710352
3.4711487
3.6126552
3.7502766
3.6657825
3.2531862
3.1857743
3.18054
3.341534
3.0187418
2.8367689
2.4757452
2.457296
2.396154
2.3855474
2.3525026
2.480305
2.4876404
2.4979014
2.5128617
2.5479627
2.7502222
2.5240524
2.7669396
2.3849065
2.3528275
2.3396246
2.7808318
2.4922402
2.5452185
2.725623
2.8436902
2.9514637
2.956153
2.915961
2.9178221
2.9260926
2.9204383
2.8778863
2.8843145
2.8533974
2.853685
2.9262774
3.0068393
2.9605403
3.1004963
3.1264207
3.3445559
3.2730172
3.0948796
2.818191
2.5540948
2.6285653
2.4452682
2.352825
2.3106081
2.2266088
2.2520685
2.1969829
2.3263643
2.3904011
2.489749
2.415256
2.3770134
2.4297864
2.4984894
2.4642768
2.4459043
2.4667852
2.4090924
2.4222174
2.3817272
2.269971
2.1230488
1.9049463
1.8315387
1.8336501
1.8385346
1.9728875
2.0643806
2.1039882
2.1947918
2.1934505
2.170802
2.2593246
2.2239494
2.2048376
2.230846
2.1392355
2.3159068
2.2431462
2.364227
2.3812292
2.3540556
2.3588157
2.522898
2.4976354
2.227624
2.0705755
2.0818968
1.7691927
2.0387084
1.9983962
1.8825061
1.8145449
1.8043076
1.8236032
1.9364668
2.4145043
2.4067981
2.420945
2.443839
2.4302578
2.3875053
2.3584692
2.4246464
2.420806
2.41963
2.4000018
2.3732712
2.4185412
2.399395
2.34759
2.3093796
2.3130784
2.307854
2.3561018
2.3194013
2.3532295
2.3186371
2.3812466
2.3139741
2.331412
2.3929849
2.3173215
2.330113
2.4023683
2.4160764
2.3519685
2.2856736
2.2864814
2.25962
2.288814
2.3042083
2.2689257
2.3162975
2.4199078
2.4785073
2.5400193
2.5310178
2.5200267
2.4667788
2.3656175
2.3756418
2.2917416
2.3117995
2.44313
2.4202971
2.3367257
2.2840595
2.333527
2.3946733
2.3039362
2.4356995
2.4244542
2.301132
2.0278153
1.840471
1.8868523
1.873015
1.781513
1.8609345
1.8204979
2.0140562
1.9330361
2.0053139
2.0612414
2.1159735
2.159253
2.0148313
1.9126451
1.9488735
1.9423718
2.0340216
1.9838496
2.01618
1.9177101
1.7024498
1.9438773
2.0577524
1.7728838
1.8388163
1.854659
1.8461826
1.8517452
2.181656
2.495014
2.6814783
2.7421577
2.8054328
2.881226
2.674398
2.5328126
2.2063253
2.0589046
1.9751564
2.0046506
2.0204656
2.0998344
2.3347394
2.542134
2.7377324
2.7716956
2.7430487
2.631428
2.349813
2.1681397
2.1574867
2.2109826
2.3914688
2.4577637
2.7339165
2.786282
2.7508066
2.715654
2.7700603
2.7341998
2.65968
2.8038917
2.8184037
2.93226
2.891047
2.9696543
2.9408867
2.7889454
2.7926207
2.688753
2.2868586
2.0554476
2.0059593
2.0095685
1.9920532
2.4687748
2.5938697
2.7561188
2.703681
2.6063244
2.7485645
2.2148635
2.5303164
2.411211
2.6038535
2.6446624
2.5804536
2.5974147
2.5717902
2.460733
2.7352898
2.59906
2.6154044
2.4223983
2.2606537
2.2984326
2.4510553
2.0814772
2.034275
1.9897481
2.0647414
2.0275795
2.229956
2.2840374
2.2015917
2.7604513
2.534678
2.5327659
2.7961152
2.6350062
3.1074646
3.020405
2.7709332
2.6782293
2.81429
2.7632666
2.7246728
2.4551656
2.1034603
2.578829
2.4342244
2.529081
2.3862443
2.3436184
2.3620622
2.495384
2.6291208
2.6297808
2.7573457
2.6681106
2.662768
2.5670397
2.572226
2.505156
2.4124234
2.3513625
2.3156133
2.339324
2.193838
2.333774
2.174482
2.395526
2.227877
2.248604
2.2902653
2.3666456
2.3181963
2.346985
2.351436
2.3526545
2.509528
2.6671126
2.68399
2.6604328
2.7099442
2.6974227
2.7104406
2.5997252
2.617847
2.63998
2.9107938
3.0746527
2.8823621
2.8420918
2.7647676
2.4882112
2.2531803
2.059214
1.9581114
2.0744512
2.3928802
2.5622869
2.562048
2.5088122
2.1878548
2.6680722
2.7785861
2.685577
2.554525
2.4729145
2.2991989
2.1878784
1.9593296
1.7615867
1.6301287
1.821067
1.40786
1.8605483
2.3157737
2.374778
2.4524884
2.4239397
2.3626022
2.4280992
2.3328495
2.3611476
2.4513092
2.475976
2.4214997
2.257508
2.1825225
2.1694694
2.4169898
2.5256674
2.4783473
2.6256945
2.487968
2.5432334
2.331943
3.3079534
3.7795312
3.7640417
3.7335815
3.7519588
3.7816906
3.8255944
3.8062685
3.7650719
3.7105484
3.7463343
3.7282639
3.7137547
3.759139
3.861703
3.727688
3.7455943
3.7431755
3.8315978
3.8185081
3.842965
3.7218459
3.8578546
3.5205789
3.3542824
3.2389877
3.090932
2.9760723
2.6924686
2.5162258
2.2534664
2.3129907
2.2587633
2.2167058
2.1319954
2.1324005
2.0837283
2.1147702
2.1075537
2.1062098
2.0925572
2.1111755
2.0983224
2.1058497
2.0175128
2.1740541
2.0992305
2.1259518
2.1381054
2.1097727
2.1399868
2.1277518
2.1583223
2.136826
2.137944
2.1055522
2.1242466
2.1384952
2.0672565
2.2003627
2.1626291
2.1685443
2.2045317
2.179943
2.1195838
2.1444
2.1648374
2.4710455
2.4522843
2.6261263
2.880967
2.9815712
3.2218218
3.3349726
3.4328506
3.6614666
3.7552407
3.8187537
3.8902817
3.8314254
3.7725804
3.8194475
3.819601
3.8519945
3.8050678
3.8438659
3.776248
3.8690095
3.7730122
3.922483
3.8364403
3.8237476
3.775593
3.6843667
3.7369635
3.7826293
3.776705
3.7376912
3.7597337
3.800439
3.837215
3.77536
3.8538635
3.869603
3.764546
3.7648292
3.725355
3.7951138
3.8004434
3.7363193
3.6286736
3.4779108
3.2677567
3.5075614
3.6395607
3.8422093
3.9107516
3.8328114
3.88737
3.8017206
3.6679678
3.6930208
3.726574
3.772055
3.7436688
3.8367903
3.736678
3.784853
3.827531
3.829103
3.8453317
3.729628
3.8114324
3.8671684
3.793662
3.8164477
3.802153
3.8133397
3.906735
3.7843542
3.691479
3.6391888
3.6123223
3.6588376
3.7055
3.7845063
3.6859083
3.6074634
3.7857552
3.8397179
3.6039217
3.5771134
3.6179647
3.273387
3.1266823
3.1204925
3.0813432
3.3491871
3.7785408
4.01316
4.012006
3.9201908
3.880484
3.8341408
3.8381894
3.6896
3.5023906
3.5352552
3.610129
3.581158
3.6680293
3.8638892
3.8439362
3.8614125
3.843115
3.8241818
3.859796
3.7819383
3.8736923
3.891448
3.8500998
3.8028853
3.7554257
3.5304446
3.056311
2.8015542
2.5686495
2.2288089
2.1072862
1.8782707
1.6575629
1.9746741
2.0614266
1.9069557
1.8663832
1.969804
1.917411
2.0633268
1.8995653
1.9446828
1.9511672
1.9380542
1.9979484
1.8768203
1.7646012
1.8296248
1.7563462
1.8589199
2.030263
1.9873376
2.0166032
1.9960417
1.9707557
1.967447
2.0262575
2.04005
1.9032917
1.9512984
2.0152793
2.062497
1.9575043
1.8536253
1.5304414
1.7436872
2.1411557
2.0417676
2.054743
2.0588384
2.008216
1.9812001
1.972041
1.9506156
1.9195013
1.9528643
1.9420974
1.9940383
1.9210898
1.9881889
2.3188097
2.0056942
2.0100875
2.0130966
2.0517561
2.0413704
2.0326836
2.014581
2.003966
1.9960299
2.0526667
1.9710646
2.0079434
1.9911244
1.9882265
2.033347
2.000838
1.9956563
2.0450764
2.04327
1.985132
2.0142603
1.9495981
1.9479355
1.9656941
1.9633639
1.944493
1.983882
2.0026636
1.9448527
1.994662
2.0009198
2.0200763
2.1312537
2.227869
2.182995
2.2068238
2.1280475
2.143319
2.0016258
1.8915051
1.7953373
1.7085552
1.7029344
1.7864504
1.5858129
1.3954544
1.6158801
1.8002628
1.7966378
1.8933299
1.9680718
1.8146546
1.7825856
1.8566134
1.7390728
2.027899
2.110562
1.829994
1.8429297
1.9882787
1.7510892
1.7392582
1.9428158
1.7684282
2.0762112
1.998214
2.012088
1.9670404
1.9335067
1.9322541
1.8889948
1.9260696
1.9175153
1.9184158
1.9098145
1.9658362
1.9441098
1.9240512
1.9201148
1.9347279
2.0247202
1.9433415
1.9819661
1.9997114
2.033743
1.9567318
2.0579858
2.027608
2.026317
1.9140072
1.9636787
2.009667
2.0370286
1.9671278
2.0645714
2.0557494
2.0720346
2.0291429
2.0553944
2.1052969
2.036653
1.9573414
1.8639686
1.9146823
2.1202564
2.374575
2.3525407
2.4539797
2.439096
2.4619088
2.4614394
2.4670322
2.5020144
2.4915555
2.4757855
2.5096052
2.463268
2.4191184
2.4253788
2.44935
2.462405
2.4772434
2.426385
2.3923168
2.4778268
2.4126272
2.472331
2.4789228
2.4600463
2.4878042
2.4649627
2.4101756
2.4253495
2.382059
2.3909261
2.3682663
2.4084973
2.3773038
2.3815746
2.386151
2.4284546
2.4295862
2.424476
2.3953083
2.418181
2.4801853
2.4491563
2.4424684
2.4371772
2.4720485
2.3047576
2.3183627
2.3226206
2.349944
2.3043838
2.3675323
2.260232
2.2652676
2.2965794
2.23324
2.2906191
2.253371
2.247833
2.314279
2.25147
2.216478
2.2474043
2.3667083
2.2993195
2.257561
2.1521442
2.102586
2.02363
1.8557345
1.8718221
1.7453923
1.7685577
1.649371
1.5965735
