10000
10.086851
10.312238
10.066952
10.061086
10.066599
10.028803
10.04732
9.983184
10.0072565
9.953163
9.899039
9.937583
9.847238
9.960901
10.01246
9.981005
9.841564
9.808106
9.9750805
9.835365
9.976315
10.000679
10.035639
9.864775
9.990869
9.99215
9.990371
10.009908
10.133232
10.224967
10.00863
9.9859705
9.84826
9.931826
10.064292
10.105288
10.062953
9.937786
9.763366
9.625543
9.396145
9.1504345
8.832909
8.668953
8.269225
7.5345316
6.6512003
5.9643574
5.4994717
4.371991
3.6531413
3.9023767
4.0146832
3.0726392
4.2313848
4.8506355
5.315856
4.129099
3.274693
3.6803865
4.1532793
4.201177
4.080123
3.7430375
4.799604
4.432552
4.3980045
5.1403594
4.7297645
4.023959
4.0226083
2.4737093
3.0265174
3.0743687
3.1611712
4.1867886
4.8030596
4.7444263
3.878994
3.3186972
3.0735178
3.179404
3.1794581
3.574961
3.5756767
3.696196
3.8061972
3.8998656
4.4295235
4.588918
4.2165523
4.7022805
4.923332
3.8966167
3.7156305
3.917759
4.320307
4.186707
4.368765
3.5088427
2.3895738
3.1435854
3.5324767
3.8202095
3.8089724
4.337465
3.3914342
4.4250813
3.4690223
3.2696269
4.2344728
4.0952644
3.8235106
3.976526
3.4378145
4.4416633
4.3646703
5.465352
3.9478292
3.63159
3.7022111
3.5247123
3.672137
6.5560875
4.5945888
2.1754708
3.7273932
4.8269396
3.962325
3.8248227
3.119698
4.0790596
2.6094084
4.8978024
4.063305
3.980283
3.7882116
5.2227926
4.072112
3.9638104
5.096245
4.364062
3.7871675
4.692458
5.0708737
5.714654
5.2731953
4.0757284
4.7550964
5.9201503
6.0218296
6.409401
6.0619535
4.9511595
4.2025356
4.999839
5.5586476
6.986968
6.1516147
5.1385818
4.9231806
4.7324214
4.7811875
5.3272514
6.3886557
5.5205426
4.887167
3.8139071
4.474106
4.155049
3.8486369
4.9384313
4.550969
3.5021646
4.01029
5.013537
6.361924
5.0195594
5.1059422
5.10362
4.754604
4.8372393
4.702734
4.7023163
5.159463
4.959968
4.0726223
4.037256
3.8026206
4.1034203
4.602265
5.426977
6.4788313
6.922239
6.061363
4.8961496
4.4625096
5.0063853
5.752573
6.8469286
6.9168544
6.853283
5.697539
5.2422476
4.8080707
5.43187
6.01663
6.3500743
6.2382984
6.0490847
4.156524
3.1037307
4.90788
5.5056753
5.4885597
5.4882627
5.144784
4.665969
4.8103595
4.1694207
4.048648
3.9742785
4.6484637
4.1283393
3.5060108
3.9698365
3.7593248
3.7164264
3.6533685
4.0557723
4.322078
4.361989
4.361127
4.706995
4.076961
4.2767763
4.1034565
3.776179
4.593955
5.201328
4.1265
3.9721298
5.538833
3.0452409
4.3296366
4.873918
4.2933774
5.3911014
5.1406207
4.4454107
4.8617005
4.545495
4.407021
4.5326056
4.4332876
4.5217295
3.4811025
3.5538816
3.7290008
4.0178547
3.8915942
3.7606714
3.6439009
3.6652234
3.5832608
3.4202797
3.443824
3.8332543
3.6906729
3.6767976
3.7783616
3.9397109
4.7280993
3.0900137
4.42158
4.0196176
3.8102024
3.6148643
3.35241
3.747471
3.8314679
3.8583293
5.136069
5.214154
5.410404
5.4548674
5.4746237
5.2071104
5.0162945
5.1677766
4.6517434
4.3574796
3.6372383
3.8387058
3.8556616
6.078603
3.9684234
6.2275133
6.1289506
6.349673
5.657728
3.6408792
4.3552184
4.1421866
3.9068723
2.8796558
2.8579724
3.5155327
3.7657213
3.9085588
4.128299
4.199144
4.716925
4.9784284
5.205278
5.3650928
5.232406
5.1733027
4.8528695
5.376242
5.816568
5.758992
5.9303656
5.84414
5.9528055
6.397214
6.4248037
6.319134
6.618058
6.8110867
6.606277
6.4200506
6.338291
6.387781
6.183504
5.8410406
5.6514635
5.4640145
5.826755
6.039354
6.1572723
5.8705626
5.6598005
5.1947756
5.699107
6.0483446
5.5179815
5.1337914
4.577143
4.5062675
4.7055545
4.953829
4.7923965
5.1712265
5.51042
5.637968
5.656153
5.529164
5.3414464
5.5696206
5.2754145
5.3632827
4.8922706
4.603127
4.879489
5.070368
4.8748107
4.7011995
5.1330123
5.537734
5.309436
4.8152466
4.848978
5.5354486
5.57686
5.312416
5.1336427
5.550712
6.3141003
6.6964774
6.3603153
6.042781
5.952097
5.651861
5.9674416
5.8997955
5.840648
5.9273453
6.2938967
6.366182
6.5986314
6.511324
6.3045154
6.4742894
6.6144776
6.5946693
7.0532427
6.6684923
6.0651636
5.431059
5.1989255
5.168856
5.4460006
5.9915733
6.2171454
6.592533
6.465316
6.587026
6.646802
6.6873093
6.864661
6.407331
4.046059
3.1914918
3.8159676
4.233237
1.3760213
4.4412766
4.7660475
5.069374
5.3888025
5.4707775
5.2611356
5.393929
5.4486666
6.2162714
7.030965
6.7637625
5.291854
4.3389616
3.126083
3.3976424
3.2062685
3.2100983
3.9518065
4.1000557
4.72138
4.0350456
4.1473083
4.4041815
4.3833394
4.402047
4.3324957
4.422625
4.8201895
4.4892263
5.080958
4.9325066
3.847763
4.0200734
4.15063
3.436758
3.8834076
4.3562307
4.1296105
3.1010818
3.1797526
4.6012073
3.9025998
3.7417874
5.3270483
3.9245062
5.2185135
4.995212
4.741901
4.2466183
3.1506164
4.267338
4.4288917
4.3543153
4.3707676
4.2642064
4.4785757
4.4473867
4.5000844
4.478839
4.551495
4.315685
4.2336273
4.0820518
4.4322476
4.217336
4.4844236
4.458912
4.7836313
4.690135
4.580427
3.7230341
5.1308484
5.3925657
5.9629307
5.7845073
5.5728393
5.5383267
5.464158
5.5889754
5.5440946
5.6503377
5.5346165
5.6248345
5.5266457
5.225203
5.6204195
5.2039
5.0778327
5.0013847
4.2281203
3.0153797
2.6209245
2.5823832
2.8436224
3.547451
3.4435573
5.0608745
4.3635683
3.139888
4.2624784
3.3138995
4.2437277
4.77688
3.4798112
4.761997
4.603466
4.0656085
4.2178783
4.694703
4.643216
5.1763887
5.621376
4.090409
4.4036813
5.0496383
4.6587634
4.646295
5.492356
6.2816505
5.5453444
1.3267322
2.2132633
2.2560284
3.0139542
2.2119734
2.3174648
2.2751007
2.2173665
2.7439973
2.7275932
2.9063296
3.627957
3.799516
3.9447827
3.8256404
2.79999
2.131416
1.2920973
1.3606762
1.3484143
1.3459293
1.3186458
1.2917799
2.3619015
2.8945074
2.8120716
2.706057
2.800548
2.7173028
2.713643
2.686516
3.0685906
2.9124289
2.5662653
2.602587
2.547231
2.6404095
2.6489043
2.7273579
2.687865
2.6762187
2.6165125
2.832623
5.4250455
1.275333
3.5471601
3.183346
3.3492153
3.322833
2.6240964
2.4961426
2.6104615
3.066213
2.999503
3.1448839
3.0109622
2.470843
2.6001856
2.7065492
2.5850778
3.2350066
3.2359548
3.5958395
4.4185305
4.1146164
4.2411227
4.104864
3.8468924
5.9473634
5.263628
5.4791336
6.1836834
5.957821
5.9291534
5.9780407
5.881654
5.853931
5.7988434
5.8332043
5.9200797
5.7655396
5.753592
5.678036
5.605974
5.6763625
5.634025
5.7336445
5.602125
5.590008
5.4862227
5.3529644
5.5249352
5.526166
5.545766
5.594284
5.5931726
5.481086
5.537201
5.539453
5.556685
5.425888
5.455348
5.520661
5.5317287
5.5382543
5.4907913
5.4640884
5.4955635
5.4300733
5.434829
5.4549417
5.4469333
5.402441
5.3451915
5.3060136
5.3949533
5.4023457
5.427563
5.466053
5.387163
5.3860373
5.4190307
5.380078
5.5314326
5.479924
5.5436273
5.4414
5.4160547
5.53182
5.485993
5.4929953
5.523942
5.4911437
5.47744
5.532345
5.5654945
5.466539
5.4942417
5.413999
5.4455357
5.808372
5.734912
5.438891
5.161681
5.2935123
5.681031
5.857827
5.759779
5.2019806
3.7318501
4.4515376
4.1876945
3.6613266
3.9164965
3.6447942
3.3306053
3.14625
3.0504365
2.9206135
2.8878903
2.9737446
2.8344617
3.1630094
3.4917483
3.3820987
3.6364136
3.0762286
2.7641704
2.6533604
3.105387
3.2039456
3.8116117
3.8745975
3.878479
3.8303144
4.1597037
4.127483
3.4864159
3.4885607
3.9242158
4.149951
4.069489
3.890479
4.1267953
4.2608066
4.291521
4.094678
3.8599124
4.265416
3.651622
4.0189333
4.087951
4.381149
3.500117
3.3505058
3.4628134
3.861762
4.00451
4.1818423
3.0343184
3.144104
3.3763425
3.4752612
2.8636966
4.562417
4.640865
4.7447467
4.469896
4.5895557
4.660397
3.452538
3.5640166
3.1654115
3.4035935
3.4617152
3.3899941
2.9367852
2.817176
2.257506
2.0102499
2.2543204
3.015891
3.6231618
3.8745718
3.602306
3.6845357
3.254984
3.4202538
3.5383844
4.0688276
3.6357667
3.6822145
3.5688941
3.8272495
3.9069886
3.5993483
3.6829638
4.255231
2.5680327
4.527007
3.9938161
6.4178634
5.72509
6.854327
6.663081
6.4604278
6.466113
6.5190916
6.47501
6.4394636
6.3102756
6.3601656
6.2557855
6.1488166
6.135186
6.023737
6.0100813
5.848863
5.7522926
5.6977925
5.885615
5.922948
5.7567306
5.690109
5.7350035
5.840335
5.799684
5.8050127
5.8327465
5.876219
5.7929025
5.8302817
5.7471657
5.8805532
5.724353
5.6999345
5.7935505
5.9578485
5.8803883
5.9059997
5.8681393
5.9304347
5.8066893
5.732417
5.8011694
5.8592634
5.718004
5.783333
5.8705287
5.929788
5.8002453
5.8711467
5.7551074
5.6926966
5.7487273
5.854909
5.7289343
5.761517
5.758995
5.6192107
5.6775584
5.7955647
5.536997
5.697856
5.595131
5.7124968
5.708624
5.626261
5.6882067
5.694803
5.637514
5.6097355
5.5213323
5.297338
5.3146772
5.427793
5.276011
4.9985642
4.9553027
5.17318
5.1488113
5.055094
5.170233
5.513712
5.5935245
5.553461
5.66056
5.691168
5.6677504
5.8008795
5.8303266
5.709154
5.7035513
5.6306133
5.775942
5.7785254
5.8169055
5.9040694
5.942294
5.976556
5.9715805
5.995112
5.9784417
6.1157255
5.804156
5.7435575
5.383998
4.277083
1.6294403
3.23826
3.5444293
3.4061527
3.4138255
3.3993793
3.2564278
3.2319806
3.327617
3.3598325
3.3435574
3.3111298
3.184745
3.1769173
3.1791844
3.0740452
3.1261756
3.020294
3.0931726
2.8478198
3.0464082
3.05855
2.8469853
2.8595753
2.7889278
2.7504923
2.799768
2.8632424
2.7654502
2.6672022
2.7037396
2.6977837
2.5622444
2.4577613
2.708919
2.539045
2.5719862
2.5456827
2.7033956
2.7347548
2.810409
2.762315
2.8406835
2.8744922
2.8945994
2.9540951
2.9545631
3.0445821
3.184222
3.0832229
3.2064767
3.0229516
3.0101037
3.011492
2.9942205
3.1902416
3.081134
3.2908895
3.5841496
3.8409894
4.23162
4.193049
4.2362576
4.279849
4.158148
4.0057917
4.3894424
4.0380054
3.5518718
3.4925683
3.7228737
4.1281676
4.3725853
3.6972792
3.5246496
3.7586548
4.1284337
3.9325166
4.0612283
3.6405156
3.6865942
3.601736
3.5368931
3.3884392
3.6456616
3.9058144
3.7949195
3.6177032
3.5067594
3.502118
3.5008078
3.6549325
4.1255636
3.8420327
3.7791002
3.7558177
3.8537822
3.846133
3.5648649
3.5731905
3.3722892
3.395487
3.3750567
3.467649
3.5115373
3.3497312
3.495632
3.7314248
3.4555523
3.416909
3.5242753
3.6693096
3.6260905
3.6608777
3.757267
3.7940757
3.8737245
4.2031217
3.731535
3.700032
3.68181
3.837494
3.750406
3.722364
3.7048178
3.7025492
3.613792
3.6529815
3.6726747
3.7452588
3.7429597
3.7520595
3.800358
3.728574
3.663069
3.8158884
3.8417003
3.9701324
3.95066
3.9268742
3.9382527
4.083544
3.8491592
4.13139
4.118788
4.139355
4.0809984
4.371157
4.2769027
4.402231
4.4104247
4.5179815
4.454816
4.562366
4.6058917
4.525238
4.5902753
4.567354
4.617493
4.658499
4.753842
4.789037
4.931176
4.634245
4.900313
4.787332
4.926393
4.9426336
4.874138
4.897745
4.8955793
4.880929
4.9078975
4.970513
4.998162
4.915312
4.898683
4.8758388
4.9845576
4.969447
5.025151
5.0262785
4.9534907
4.9647613
5.014727
5.006582
5.091667
5.0907903
5.106796
5.105258
5.0245423
5.0676436
4.933299
4.9887056
4.9411235
5.010133
4.875859
4.8845367
4.866427
4.9454703
4.844309
4.864858
4.901996
4.940302
4.920592
4.9158397
4.877727
5.024318
4.956337
4.996589
4.932306
5.0297728
4.9610763
4.991323
4.9151993
5.029488
4.8887377
4.9585176
4.991384
4.908144
5.001708
4.9958076
5.004356
5.037806
5.0547237
4.958654
4.9890943
5.079365
5.100283
5.04173
5.0801005
5.064974
5.001812
4.9614024
5.0655117
5.055932
5.0765796
5.102042
5.148798
5.0499125
4.878915
4.7814417
4.6488934
4.722866
4.483243
4.468734
4.3961625
4.4941406
4.2292747
4.1034966
4.255175
4.1049533
4.1133904
4.0643687
4.1509185
4.053016
4.1277637
4.302101
4.2152867
4.0446796
4.1778784
4.156375
4.1149216
4.088501
4.1622148
4.187363
4.001574
4.2081733
4.170342
4.421922
4.2508254
4.4277163
4.5614243
4.410435
4.8190417
4.832684
5.3331857
5.3670263
5.4038997
5.1455765
5.224251
5.1930504
5.212247
5.132401
4.9944506
4.888835
4.870287
4.6569147
4.6775093
4.6037807
4.4681916
4.3676987
4.1866384
4.33843
4.1209917
3.6961396
3.7549024
3.6582375
3.821998
3.9757588
3.915718
3.8315215
3.8774037
3.7674417
3.7227142
3.859192
3.6697514
4.483714
1.3520408
3.5964737
3.5553918
3.9316547
4.073495
3.684314
4.358822
4.49643
4.5162716
3.8925672
3.8322403
3.7877393
3.537738
3.3001585
3.101646
2.7964807
3.4674044
2.7223723
5.5585747
2.678642
2.4604692
3.4073322
3.3709424
3.447186
3.2457232
3.5954292
4.6380177
3.6674948
3.879168
4.22925
4.4824185
4.99809
4.552595
5.912116
5.1118703
6.553125
6.034802
6.702903
5.879828
3.4187045
2.6631856
1.0866613
1.0576074
1.0598782
1.0527526
1.4869261
1.4132028
1.0469192
1.120892
1.1770785
1.1122822
1.1173735
0.99519026
1.0708305
0.9688215
1.0794516
1.0100895
1.0653882
1.5024295
2.931299
4.331348
5.9200215
6.0770674
5.8456106
5.3615274
4.6074357
4.5354376
5.0563383
4.9903917
4.7701488
4.851646
4.5555925
4.606694
4.7472677
4.488139
4.4513254
4.628706
4.897938
4.6047297
4.417981
3.7096689
3.5669389
3.9486935
4.5933867
5.548378
3.5715494
4.2842364
4.6711793
3.9430747
3.8413775
4.4132257
4.528926
4.411734
4.2623687
4.0957904
3.674727
5.2827387
3.7722077
5.534894
3.7302365
5.726864
3.846981
5.6337686
3.7696586
4.7079883
3.8950758
3.7762346
4.199714
3.4813743
4.7115817
4.749931
4.5349007
3.9461234
3.716226
3.8460398
3.4975116
4.878264
4.6593237
4.848121
5.0137663
4.2499804
3.5895698
4.7812514
4.4749627
4.633306
5.249015
5.5084276
5.298897
5.4283857
4.891295
4.472551
4.9404745
4.971669
3.918904
3.6223333
4.307196
4.1219096
4.0427165
3.481444
2.8543751
2.922497
4.5083575
3.4335396
3.892138
3.1230824
3.381875
3.5586028
3.6208768
3.4838097
4.7149267
4.7808986
5.3855724
3.662566
4.4167647
3.7295308
3.0823097
3.9124975
4.4578285
3.8687332
4.0149927
4.264222
3.7776546
3.9007523
4.424829
4.460397
4.0975394
3.769459
4.874623
5.2776675
3.341849
5.026277
3.199602
3.4132655
3.3710327
5.0230064
3.2584412
3.3812563
3.4332697
3.4567735
3.583059
3.530161
3.6605191
3.953417
3.6702487
3.7662172
3.5711331
3.6313753
3.577456
3.6449485
3.6669564
3.9255667
3.8529177
3.6420848
3.6319737
3.5617628
3.575071
3.6047897
3.8567946
4.305505
4.1800184
3.2740057
3.0647368
3.2207398
4.2214217
2.8029263
4.501676
4.939864
6.141876
4.460711
3.0046449
4.7119455
4.3245525
3.607822
3.9484937
3.3940475
4.6569734
3.9959552
4.573312
4.1929965
3.9473236
3.6658003
3.7349834
4.009457
3.1157622
3.3609915
3.3035116
3.5634105
3.400852
3.399086
3.6673732
4.64545
4.160426
3.9861307
3.7635849
3.3418531
3.4762511
3.3627577
3.874542
4.2529593
4.498698
4.802244
4.3234076
4.5691347
3.942586
4.0942545
4.1587257
3.3584678
3.145682
3.5600445
4.24477
3.4930959
3.216716
3.3012817
3.2911832
3.2964957
3.2141712
3.4029527
3.4915729
3.3885612
3.3857038
4.209382
3.0565598
3.445498
3.252043
3.263071
3.8936813
3.9539797
4.083682
4.0353103
3.7737725
3.8278866
3.7662728
3.75066
5.397956
3.8262472
5.5443163
5.734995
5.6543055
5.8611917
5.91859
5.8433766
5.9129715
5.9204497
5.9149003
5.9370923
5.767272
5.8271675
5.6177845
2.30005
3.0455089
3.1917243
3.2881594
4.347257
3.3267546
4.4503922
3.9663856
3.717566
4.335854
4.674221
4.146136
4.0616612
4.231472
3.3872833
4.1618543
2.771443
5.1416783
3.8416028
3.962862
5.2703686
4.749203
4.162375
3.927072
3.7005224
3.7707963
4.0420885
4.9765215
3.7524443
4.2174797
4.2440724
4.017572
4.1120234
4.2406793
5.2680387
4.0625052
3.1985583
4.775584
4.2476234
4.2169847
4.252707
4.8699794
3.6583934
4.8798213
3.865395
3.8712878
4.4489794
4.050479
4.1756587
4.140968
4.006052
4.602948
4.7306013
3.497561
3.3519888
3.6458466
3.578087
3.5731306
3.7847347
5.062615
3.7889218
4.430427
4.544165
4.6589613
4.4976616
4.1799254
4.19528
4.575372
4.477596
4.750018
4.67703
4.5373526
4.656111
4.276404
4.9466014
4.216806
3.3667235
4.682603
5.032576
3.8402314
4.562467
3.9457276
4.1393747
3.938399
4.272409
4.6033435
3.096531
3.8899875
3.5504682
4.5303984
3.3495867
3.7461727
3.405014
3.9271762
4.152777
2.8151586
3.9313326
3.8493173
3.7656708
4.3596454
3.607495
4.812708
3.4425495
4.2616735
3.965072
3.6686208
3.828224
4.0514936
3.5400853
5.447668
3.9970179
4.028176
3.9847062
4.964678
4.292961
4.759009
4.3906007
4.4606476
3.9910643
4.241295
4.2901297
4.423063
3.578106
3.927383
3.6933606
4.1521373
3.733061
4.1186733
4.2602654
4.2057905
5.167069
4.2078457
3.8880837
4.987172
4.37377
4.5660076
2.220604
3.558279
3.884402
3.7486503
3.789699
4.183766
3.4134138
3.4488974
4.0112104
3.733014
4.8560467
1.4845204
3.7567081
4.244588
2.7730188
4.9068246
3.9591298
4.6394844
4.370372
4.32391
3.7897334
4.7266912
2.956274
3.8148127
3.4234405
4.1675987
2.7192156
4.228552
3.0415769
4.476159
3.986366
4.850278
4.8748493
4.697891
4.51916
4.2295623
4.080307
4.306183
4.3597245
4.786223
4.782589
3.57374
4.4793262
4.3217063
4.1850047
4.2611117
4.642128
4.5070624
3.629356
4.6102624
0.8174308
3.8285153
3.373605
3.589165
5.501665
2.162905
4.9647207
4.0740666
1.5250684
3.4120378
3.5084612
3.598279
3.5873916
3.5370197
3.2701266
3.479335
3.2462595
2.3179855
2.312129
2.0961597
1.9820712
4.4143105
0.8083062
4.5333548
4.675243
4.553841
4.305829
4.253607
4.4317594
4.372938
4.5626316
4.425168
4.4102793
4.2675304
4.4699736
4.4785104
4.688298
4.687765
4.566238
4.5294747
4.513659
4.5309906
4.514154
4.5157323
4.1743784
4.2820663
3.7070394
2.923693
3.1295676
3.794459
3.5960622
3.8254356
3.2871728
1.8656768
2.873764
3.0474324
2.409307
2.5414257
2.6292677
2.6309412
2.5869045
4.0235085
1.9638094
3.5723917
3.665502
3.6680787
4.0222178
2.0828028
3.0041468
3.0451293
2.9953284
2.6343374
2.7697008
2.775376
2.8624206
2.7760918
3.006927
2.7584262
2.6559956
3.3677146
3.6384792
4.2490525
3.883526
5.449071
2.7903662
4.5732903
3.784259
4.429613
3.8697882
4.399121
4.033806
3.2733243
4.124686
2.828485
4.690913
4.661349
4.5498576
4.3230066
3.8073826
4.062052
3.9113317
3.636497
3.7906036
3.846396
4.7205276
4.436694
4.7564254
4.298723
4.4446545
4.182383
4.5707026
4.450287
4.860943
4.99059
4.5164785
4.404749
4.312407
4.289549
4.2330537
4.1441584
4.0509357
3.7692199
4.3010664
3.8072379
4.1469617
3.628128
3.9298127
3.9477706
3.8657727
4.278055
3.7243412
3.88182
4.451225
3.8647354
4.5011754
3.8828053
4.5328045
3.587169
4.3715887
3.7649748
4.7465186
3.7117052
5.233742
3.6838548
4.6882887
3.8980093
4.857929
3.3838665
3.5580013
3.5970645
5.0914917
0
4.732174
2.0472686
4.886802
4.9889226
4.781043
4.916561
4.6083913
4.5277677
4.33901
