10000
8.851255
8.706132
8.685972
8.777189
8.732114
8.608469
8.645037
8.587342
8.54439
8.197609
8.051716
7.809589
7.9999056
7.9958653
7.782757
8.088656
8.066319
7.6870885
7.3006687
7.2119517
7.104209
7.156062
7.240744
7.6460295
7.72339
7.983244
8.171358
8.330765
8.183051
8.1454735
8.275829
8.119674
8.048776
7.8294296
7.982596
8.2437105
8.281984
8.063134
8.148252
8.103981
8.23306
8.132228
7.995801
7.9716744
7.582509
7.6546726
7.6266685
7.937796
8.374262
8.347681
8.230074
8.08975
8.135331
8.385319
8.42629
8.499565
8.549292
8.367847
8.395485
8.193285
8.10882
8.296949
8.0717945
8.08426
7.667618
7.8274784
7.6924973
7.8244915
7.708118
7.9834433
8.204026
8.138637
8.189332
8.274324
7.92817
8.279176
8.57164
8.563185
8.426596
8.279221
8.297515
8.39216
8.189752
8.225504
8.0261
8.116221
8.218501
7.685281
7.7391763
7.547433
7.6876082
7.961728
8.358667
8.23074
8.510768
8.186505
7.769879
8.358398
8.158453
7.737767
7.766204
7.667755
7.6829176
7.0979004
6.605915
6.1657457
6.3327594
5.956032
5.3985734
5.6465936
6.081037
5.7124395
5.4962025
5.034346
4.7007456
4.3860335
4.539719
5.0628595
5.371168
6.2211204
6.419052
6.158316
5.7353706
5.2388873
5.4804196
5.677277
5.4124064
5.773624
5.687387
5.578248
5.5581174
5.163583
4.6073356
4.612859
4.1449466
3.6437578
3.6366096
4.321918
3.9374917
3.9556181
4.599954
3.9870136
4.9555883
4.87932
4.8832526
5.0067964
5.0550523
5.203139
5.024313
4.850841
5.0514326
4.998763
4.951587
4.9676447
5.0615764
5.012187
4.9701867
4.8780565
4.9266663
4.996375
5.0776196
4.9457574
4.9007945
4.990475
4.9678845
4.9725995
5.081891
4.895782
5.0492086
4.910036
4.8822737
4.898972
4.8853464
4.8889747
4.9112306
4.8859177
4.921501
4.8863263
4.977104
5.124967
4.9728007
5.2701178
5.3789973
5.3685856
5.575519
5.4476037
5.634604
5.504909
5.6691656
5.7365603
5.6300087
5.6757474
5.671856
5.652474
5.6583014
5.6946526
5.674705
5.611559
5.823022
5.6650085
5.753828
5.80541
5.7327538
5.677601
5.7362924
5.551115
5.6852674
5.817436
5.8766603
5.806533
5.791935
5.8970613
5.6845098
5.659401
5.583476
5.6599474
5.563526
5.623599
5.6456347
5.436095
5.563282
5.553323
5.480995
5.63091
5.5452003
5.5707035
5.667513
5.603819
5.4859486
5.628719
5.560997
5.4984055
5.561155
5.5757484
5.7004704
5.5317116
5.596389
5.3979435
5.559121
5.450197
5.4846544
5.5116153
5.554603
5.4219847
5.426163
5.4994407
5.499831
5.385826
5.5604563
5.33697
5.549419
5.405795
5.3901453
5.367714
5.2772236
5.6066628
5.317338
5.369601
5.403121
5.324069
5.3263035
5.4855824
5.3797646
5.372897
5.208209
5.3682685
5.3949647
5.3362584
5.3109436
5.275134
5.3600287
5.368455
5.3013906
5.2398963
5.286345
5.312914
5.4485064
5.1982017
5.343814
5.131451
5.2188115
5.1105013
5.131712
5.2689047
5.1627026
5.1981344
5.2062616
5.195753
5.14025
5.0746617
5.1412287
4.97882
4.8354845
4.850683
3.9094224
4.257022
3.1028106
4.3743944
2.7691486
4.3782353
4.2454033
4.290614
4.2728043
4.404604
4.394422
4.172249
4.470121
4.3670464
4.236544
3.499681
2.6651292
2.4194937
2.362334
2.7919023
2.705321
2.7066777
2.4813294
2.5676348
3.0220542
3.098514
3.4860284
3.135821
3.1236563
3.2023997
3.2532132
3.1457622
3.369574
3.7849946
3.886996
4.0610814
3.9517884
4.0166683
3.539439
3.5190256
3.801209
3.4863
3.0002227
2.5218647
2.659663
3.1559384
2.763169
2.789165
2.8351512
3.6333861
3.3498402
3.6076005
3.586376
3.525438
3.4469028
3.4751809
3.454697
3.5710425
4.0604167
3.3915405
3.1489856
2.6747224
2.915682
2.8935983
2.972128
2.8448715
3.0021398
3.045049
2.965487
3.1047962
2.7665374
2.8550246
3.253654
2.9993465
2.9283764
2.5726283
2.9853022
3.240315
3.5720518
3.5082567
1.9747627
1.9576261
2.1891205
2.627113
2.7129123
2.7830756
2.8109515
2.7766964
3.6990914
3.641543
3.7826316
3.8418117
3.8244252
3.7649536
3.8729951
4.034376
3.9246333
3.814015
4.1465616
4.245355
2.8345397
2.8524866
3.019235
2.7232938
2.2915223
2.6921215
2.5700288
2.452596
2.4510686
2.508586
2.6079855
2.7084968
2.4926336
2.4290307
2.5996504
2.6546543
2.717409
2.5243564
2.801548
2.604922
2.6303055
2.740403
2.5815194
2.9123652
2.936516
2.753284
2.75475
2.962964
2.878941
2.7768908
2.8116243
3.0534241
3.0690508
2.8841686
3.1535964
2.9754958
2.922316
3.1609461
3.062572
2.8902287
3.0738447
2.8995275
3.0612946
2.9510767
3.023588
2.9367697
3.1620188
2.9991412
3.3392303
3.1072216
3.1311536
3.1763842
3.134058
2.937935
2.9276588
3.1319382
3.0142932
3.162066
3.0506742
3.0987482
3.2946775
3.6334796
3.4674184
3.370096
3.0796676
2.8337317
3.1837094
3.4865997
3.5048761
3.6094806
3.3873749
3.0131896
3.172208
3.3189197
3.146043
3.35541
3.0141566
2.9170947
3.8871517
3.9561884
3.766313
3.9423985
3.2058456
2.9850981
3.2447064
2.905743
3.3290231
3.536602
3.7881308
3.1260982
3.018555
3.0862055
3.1406543
2.8465495
2.8760643
2.8986907
2.592004
2.6328187
2.8702009
3.081346
2.8625884
3.1949294
3.500159
3.4279277
3.5747497
3.0966806
2.5914068
2.4543033
2.7600958
2.6873863
2.5870366
2.8478174
2.6318262
3.1334674
2.3490684
2.920161
2.9044764
3.0665605
2.905822
3.1888418
3.1069372
3.103008
3.2461941
3.1070275
2.8364382
3.2962928
3.122265
3.213203
3.3577986
3.4392617
3.3209982
3.4214046
3.0583277
3.5949063
3.5408514
3.7415395
3.5336444
3.8791642
3.836433
3.6342804
3.6743376
3.194125
2.7553763
2.794176
2.6079454
2.6357942
2.8088176
2.828712
2.9016726
2.8920705
3.0227952
3.1249936
3.2566845
3.094603
2.947898
3.3751907
3.3746371
3.5569248
3.4199615
3.2533977
3.1395845
3.357506
3.3260133
3.289693
3.118821
2.9052105
2.7716243
2.6282
2.6036217
2.7364757
2.6263635
2.63575
2.640782
2.8371637
2.8120255
2.981339
3.0159488
2.8970265
2.7748733
2.7798684
2.7800796
2.897974
2.654684
2.4986644
2.8432808
2.725171
2.9131882
2.8761475
2.8079574
2.5870283
2.4674969
2.6688426
2.68936
2.6753447
2.6011772
2.5009894
2.4176834
2.2937515
2.24982
2.3778117
2.5192482
2.5153675
2.3200314
2.5673196
2.4566305
2.2811713
2.1708095
2.4753792
2.7644322
2.5352335
2.612351
2.4607844
2.4696994
2.6248968
2.587524
2.351388
2.3090718
2.7738056
2.36307
1.9342504
2.012954
2.5755675
2.6777606
2.8378973
2.7866886
3.0743275
3.1776643
3.0279908
2.8166804
2.6874037
2.6362264
2.6953187
2.6061249
2.7104301
2.7771573
3.066758
3.1986651
3.4061882
2.938123
2.8323116
3.202534
3.3121626
3.0064914
2.9689276
2.7045965
2.7367501
2.5608609
2.8682113
2.6492877
2.6260428
2.4104373
2.3042307
2.5538301
2.3557737
2.4153056
2.7396784
2.8178837
2.785587
2.9400866
2.6448271
2.880485
2.713774
2.4397376
2.7256262
3.217154
2.818699
2.80326
2.4576933
2.1274176
2.4255905
3.025167
2.7720952
2.5060248
2.3010838
3.2736332
3.1385598
3.2900262
3.3668332
3.2670622
3.3097587
3.5324125
3.9482925
4.272649
3.982696
3.7682858
3.3583953
3.241609
3.3957088
3.4182353
3.119131
3.8045678
4.012867
2.7746572
4.2316093
2.9455051
3.2622008
2.310443
2.7923737
2.390897
2.549658
2.4743137
2.597171
2.659953
3.289025
3.3943024
3.6326613
3.1449676
2.8956978
2.9822726
2.7536545
2.4861436
2.619769
2.5063376
2.6172078
2.814153
2.9268372
3.095388
3.165872
3.1991925
3.4417632
3.198697
3.0104403
2.823778
2.7734249
2.7562718
2.5642118
2.6013484
2.9514828
2.4934978
2.497103
2.9898205
2.7133958
3.104743
3.1253774
3.2516365
2.700773
3.0090783
2.8802404
2.900878
3.3396153
3.2670858
3.2468855
3.195988
3.44635
3.2452815
3.1926806
3.155193
3.1838915
3.3772004
3.4084687
3.1882298
2.7487798
3.0448704
3.2228813
3.3670504
3.3184152
3.1841428
3.26033
3.1583188
3.2114933
3.0913255
3.2626975
3.1197057
3.190693
3.2689037
3.5385854
3.5765169
3.5010893
3.056936
3.034604
2.845253
3.157273
3.2755377
3.1854596
3.618482
3.3674006
3.2416213
3.1828868
2.8399625
2.8039806
2.786685
2.9921627
2.890446
3.0687697
2.858963
3.1517422
2.8774526
3.1290112
3.3907473
3.3182347
3.1864634
3.3233736
3.303811
3.3694513
3.576238
3.7682774
3.6289256
3.7375593
3.621856
3.2313566
3.256702
3.3585658
3.4031613
3.173899
2.9815395
3.4980388
3.3231733
3.5497835
3.733083
3.8857753
3.6065586
3.0702703
3.4893532
3.5531304
3.5290575
3.0084288
2.9599214
2.6238985
2.4805999
2.4821258
2.6634505
2.591447
2.759344
2.6956186
2.6801705
3.158038
3.3732831
3.5024924
3.1251543
3.222928
3.2070167
2.839237
2.8734064
2.4839404
2.3552206
2.3339837
2.6614308
2.6423872
2.7367623
2.6351824
2.8046496
3.1207528
3.2635653
3.0385418
3.0024815
3.018049
3.3557038
3.4553823
3.3881533
3.639576
3.1215785
3.4175436
3.3657858
3.4407907
3.299518
2.9424586
2.4812102
2.5752745
2.632946
2.7775257
2.544734
2.5547569
2.6621346
2.5575147
2.6391423
2.413755
2.4974117
2.7398603
3.1557324
3.3833601
3.0699086
3.2319417
3.1061485
3.0919583
3.0261714
3.0036604
3.0508993
2.7339528
2.731695
2.8097076
3.137295
3.0433817
3.0319388
3.2505682
3.0398333
2.8935263
3.0226996
2.9698849
3.180885
2.9055042
2.851823
2.5771148
2.7756567
2.6120274
2.5553231
2.1729891
2.552758
2.6564412
2.5857718
2.594342
3.0646732
3.27735
3.5910802
3.424767
3.165723
2.97829
2.9514563
3.2292914
2.9431276
2.706416
3.427086
3.2024434
2.7067595
2.6855447
2.7818365
2.8864005
3.0241187
3.009076
2.9899058
3.1311998
3.1943877
3.2009168
3.1481848
3.2249384
3.2215872
3.2365143
3.0899758
3.2464612
3.337105
3.362877
3.2170238
3.2086856
3.3427284
3.3782654
3.3802876
3.4859917
3.3150165
3.350286
3.6691387
3.863182
4.1111207
4.157704
4.171922
4.223598
4.382345
4.0645804
3.976394
3.9638906
3.919129
4.059313
3.9142754
4.0422015
3.9517646
3.6295142
3.7660124
3.3085508
3.3185227
3.470864
3.1462038
3.393906
3.5002406
3.4956968
3.31388
3.3315814
3.4724844
3.348361
3.272823
3.5024304
3.3217578
3.2971795
3.3210802
3.4917965
3.5012891
3.560271
3.3517394
3.562584
3.253864
3.5400498
3.6185513
3.503042
3.5415773
3.5275807
3.3292422
3.509662
3.3012812
3.6846952
4.0795703
2.56869
3.3707328
3.896886
3.7834969
3.6096802
3.2438874
3.1556516
3.043266
2.7282424
3.2107067
2.6650856
2.7418923
3.3544302
3.0630724
3.3414397
3.4863617
3.2348955
3.059967
3.1875224
2.8789937
2.778601
2.8765423
3.0766275
3.2339733
3.1110024
3.3544135
3.240133
2.3869348
2.5483937
2.3214376
2.6939533
2.7135317
3.0268373
3.1200683
3.0705574
2.9800584
3.0891225
3.0940828
2.8597605
2.407518
2.2691765
2.239368
2.2792468
2.451071
2.4443254
2.4199133
2.2853067
2.3500915
3.102444
3.0870464
3.035683
3.2473764
3.0924253
2.9291217
2.9332492
2.9990585
2.9811845
2.9198205
3.0874672
2.8975232
3.0338902
2.9436924
3.0434427
3.1767588
3.0325952
3.1833763
3.209532
3.2853315
3.2347713
2.9945192
2.8606849
2.7533793
2.6511364
2.6914744
2.6837792
2.7888362
2.871517
2.7616642
2.8982184
2.904518
2.9195957
2.7520404
2.900583
2.919388
2.8024201
2.7439778
2.758847
2.8273273
2.7164702
2.74552
2.8580155
2.9567091
2.9695382
2.8901024
2.8770797
2.9346385
2.873774
2.8459527
2.9865956
2.98695
2.9696374
3.0088737
3.142004
3.0782893
3.2639554
3.0749462
3.161352
3.0560732
2.702269
2.6275136
2.5273874
2.25342
2.4237335
2.3950799
2.3411717
2.5532777
2.5420566
2.4352055
2.53772
2.52847
2.3383076
2.068448
1.7711805
2.0382605
2.1199677
2.182428
2.037862
2.2956605
2.2204292
2.6267262
2.6130302
2.8096888
2.8232677
2.8881505
3.0546243
2.973425
2.9339836
3.0223625
2.9924827
2.5247288
2.4194741
2.4838727
2.3310065
2.57382
2.5735767
2.3364227
2.4585
2.4590592
2.6640654
2.6896644
3.1669786
3.1919448
2.5560346
3.1060896
3.2457535
3.1112783
3.2240763
4.209307
3.058089
4.388946
3.9165728
4.2527723
4.4066825
4.334959
4.3717875
4.1718545
4.146649
4.1046534
4.3200297
4.3683915
4.24009
4.278616
4.59338
4.3355594
4.1908813
4.26735
4.185915
4.2297587
4.4763446
4.49763
4.4978185
4.184873
4.5531607
4.160624
4.293501
4.2619505
4.258445
4.390066
4.232252
4.4896617
4.3503847
4.1710024
4.3711205
4.2006636
4.101876
4.2368965
4.4622707
4.1153007
4.184074
4.315251
4.24429
4.2239404
4.0300326
4.392885
4.143079
4.1833344
4.179129
4.2154107
4.1667314
4.1647615
4.2458725
4.406432
4.2294784
4.2454505
4.2318153
4.096589
4.417777
4.3079185
4.1785917
4.0890517
4.2047772
4.2643013
4.2347054
4.089023
4.2005506
4.2844663
4.2667303
4.0623007
4.235142
4.000556
4.372948
4.0416727
4.103395
3.9028378
4.1355243
4.1901493
4.07747
4.071542
3.9840856
3.9583998
4.0153646
4.1494384
4.047452
4.08115
4.1627736
4.145734
4.1550817
4.068961
3.8701687
4.0239363
3.883788
3.9602892
4.200795
3.5106063
3.9456723
3.7248685
4.051708
3.638812
3.9652314
3.7423162
3.6705792
3.7612448
3.9316459
3.779236
3.8520975
3.9381835
3.748628
3.7885876
3.957392
3.9704795
3.8203015
3.9500875
3.9066458
3.8007092
3.9869812
3.8234782
3.7231357
3.6803887
3.6766481
3.7490244
3.6708865
3.6802702
3.7260683
3.7225354
3.8593748
3.7212834
3.8334825
3.799578
3.4977846
3.627243
3.836229
3.7727132
3.6185505
3.7791011
3.7641025
3.8094501
3.5748181
3.8982687
3.664152
3.98029
3.5962439
3.5508394
3.5145545
3.6242328
3.832293
3.7258224
3.7960558
3.6173487
3.6163352
3.6967275
3.817797
3.6067944
3.4752367
3.6358213
3.5895245
3.803741
3.5688891
3.6463645
3.6175873
3.744534
3.73319
3.8526266
3.597162
3.5421102
3.3993475
3.3474855
3.4264145
3.7815294
3.6851254
3.38498
3.3668258
3.733094
3.5449684
3.426983
3.4846783
3.503673
3.3844583
3.5345793
3.5035827
3.4117799
3.4347665
3.4350026
3.5300653
3.5570664
3.4099238
3.3685896
3.5765176
3.0855606
3.3193538
3.3276696
3.082966
3.2661781
3.137615
3.6480322
3.607061
3.2537713
3.2883255
3.1767137
3.1356683
3.4014347
3.2350368
3.5188112
3.201642
3.3700905
3.1580012
3.1207647
3.2614927
3.1481233
3.1981525
3.1188128
3.107649
3.2178454
3.1844811
3.2190878
3.204797
3.3244338
3.2466574
3.073298
3.3920088
3.171298
3.1241403
3.2278888
3.1226401
3.2639384
3.2896159
3.216009
3.1268432
3.2348404
3.4266381
3.7988276
3.8819225
3.7572076
3.2126713
3.194497
3.9352987
4.1198077
3.03238
4.0641665
3.0498328
3.1497736
3.414553
3.3224273
3.2710702
3.2805188
3.3090172
3.0730095
3.0733917
3.1854973
3.2751424
3.2915843
3.4191885
3.5693557
3.1758363
3.1219935
3.2479079
3.9040213
3.733381
3.693327
3.4930534
3.6951706
3.6699214
3.610797
3.6494472
3.1765556
3.2557719
3.321176
3.401539
3.382979
3.3458037
3.285562
3.4425938
3.4728963
3.4858575
3.4222484
3.3676052
3.35465
3.2560272
3.627606
3.6691923
3.633101
3.6389563
3.3373313
3.4790263
3.4129934
3.4114764
3.4669862
3.0815153
3.4066207
3.167077
3.451577
3.084072
3.6604457
3.3826299
3.0587413
3.067544
2.8416557
2.8501596
2.9560854
3.0275717
3.1415064
3.2245462
3.1681159
2.79579
2.755733
2.6772888
2.6220887
2.8588643
2.87126
3.2047346
3.1426597
3.151719
3.1631734
3.0550377
3.0384696
3.1270201
3.1885798
3.13816
3.3908165
3.3699274
3.08593
2.6513054
2.5359406
2.575849
2.555139
3.6944957
3.1002166
3.1551838
3.1453273
3.5399463
2.83742
2.7006688
2.8113866
3.0537593
2.9189072
2.610641
3.013142
3.8053112
3.161678
2.71769
3.4600174
3.2617342
2.8739333
3.1235933
3.3310251
3.110881
3.0836806
3.3008323
3.6320593
3.3873196
3.427969
3.0045815
3.21268
2.8648407
2.4825926
2.400447
2.75502
2.4745884
2.7737842
3.2294095
3.2116222
3.095232
2.859895
2.6467388
3.1091983
3.0824318
3.4194958
2.704522
2.8740902
2.8100739
3.1788092
3.0646632
1.9769603
2.359054
2.5940335
2.2030163
2.481148
2.4653924
2.611545
2.6153286
2.874705
2.6873615
2.676639
2.9482138
2.6709554
2.7704635
2.7329755
3.2192218
2.9535813
2.9597507
3.057941
2.8772578
2.9541345
3.0203962
2.8042755
2.8475962
3.0963783
2.7288465
2.9539034
3.1409864
3.116189
2.9232068
3.0857775
3.223001
2.8889456
2.9170916
3.2251718
2.6088934
3.2327418
3.1822345
3.068954
2.9261248
2.7357595
2.6752534
2.365466
2.7681987
2.4756055
2.5355115
2.4510756
2.7081885
2.804313
3.318738
3.0176525
2.755279
2.3817074
2.612373
2.434988
2.271816
2.541108
3.017175
3.380374
3.5665164
3.2608128
3.0049047
2.630552
2.9495838
2.545353
2.8261578
2.5637474
2.7986155
2.6767766
2.678199
3.0831807
3.1290116
2.9242353
2.5967202
2.8709073
2.585177
2.542263
2.5307453
2.932398
3.0984304
3.172014
3.1663144
3.3789303
3.4793525
3.4039056
3.1799307
3.116432
2.9372602
2.795776
2.915922
2.692544
2.8630455
2.7437758
2.6783721
2.548745
2.807104
2.4704123
2.8122706
2.8243601
2.476212
2.8022702
2.7718601
2.651808
2.2318738
2.3016784
2.383514
2.6279168
2.2527015
2.527551
2.441919
2.713607
2.9712274
2.5047996
3.1930616
2.9259875
3.0571642
3.4021423
3.381495
3.0906088
3.4135427
3.343983
3.2475836
3.2530456
3.212814
3.2167294
3.7866051
3.5771396
3.7137938
3.3337507
3.335883
3.478699
3.4062567
3.598658
3.3702936
3.5167556
3.5343714
3.3841321
3.443746
3.902134
3.5539474
3.576526
3.2406807
3.4285822
3.4389682
3.2112648
3.3458006
3.100935
3.159013
3.2599096
3.3636985
3.4060493
3.3332129
3.4305353
3.2344687
3.115551
3.259668
3.8121195
3.6109002
3.5559106
3.232762
3.362502
3.57274
3.6600785
3.7301908
3.620297
3.3306932
3.406293
3.4091513
3.073417
2.9381223
2.9466562
3.1255012
3.1990755
3.2206032
2.6326466
2.7469053
2.676403
2.724601
2.7184272
2.7650468
2.600515
2.7983725
2.9701157
2.8920808
2.6969216
2.6811845
2.860112
2.5975873
2.7822971
3.1301358
2.904513
2.7121449
3.215644
3.0205197
3.0455227
2.8249824
2.8239079
2.9028995
2.9686978
2.9918458
2.9878583
3.0839598
3.1309586
2.8604991
2.9578807
2.906493
2.7865114
3.059605
3.0182312
2.9784954
2.9135752
2.9445333
3.0436327
3.116837
3.0254893
3.0520732
3.0567863
2.8053508
2.9241943
3.0276463
3.0118763
3.146135
2.9691486
2.9489222
2.8811684
2.8215203
2.9007423
2.7518852
2.6441555
2.8884122
2.903796
2.9219174
2.6578994
2.7877676
2.7479126
3.132923
3.0575902
2.5755105
2.3639119
2.5834653
2.8656487
3.1974218
3.6559713
4.181586
3.039281
3.9599853
3.9528406
3.447946
3.1520655
2.982021
3.2469985
3.4044485
3.3134968
3.0738318
3.0000308
2.9853103
2.7345521
2.6529667
3.0145495
2.671008
2.8667595
3.0167818
3.0176203
3.0696123
3.0563135
2.9294724
2.9536166
2.6189916
2.8398333
2.364331
2.7455485
2.7166553
2.6564202
2.6457624
2.8832827
2.4803803
2.7600374
2.5037994
2.53538
2.7009783
2.6462305
2.7332647
2.5396228
2.6404257
2.397573
2.5102746
2.6081023
2.7453644
2.6720004
2.7190037
2.591547
2.713846
2.634441
2.78175
2.642863
2.7908616
3.1542847
3.0863204
2.87438
2.665597
3.0026524
2.3440065
2.5201077
2.704837
2.7500978
2.9317722
2.4387674
2.9013655
2.9622355
2.7822037
2.4268658
2.2799695
2.677143
2.8212016
3.2911818
3.2120032
3.2396178
2.87293
2.8720787
2.748987
2.7488897
3.0659857
3.0356624
3.0933778
3.2403045
3.004171
3.2530954
3.1117284
3.1279294
3.3189356
3.1013114
3.3267283
3.1269755
3.284274
3.4729471
3.4535897
3.5852258
3.2770984
3.1389058
2.8347456
2.4946783
2.3973482
2.3512197
2.5668616
2.4875212
2.3021498
2.0797114
2.3854806
2.3164191
2.3672214
2.274122
2.2100775
1.7537178
2.392022
2.314554
2.2733233
2.170519
2.1846442
2.2100322
2.282571
2.2029924
2.3779001
2.9301417
2.9509192
2.8133662
2.7070253
2.6387212
2.3568342
2.2882707
2.5106595
2.3957026
2.5715976
2.7133677
2.4432592
2.8225226
2.7723863
2.7210875
3.0037282
2.939282
2.407149
2.514401
2.7211518
2.7443004
2.845161
2.648965
2.6293762
2.4237185
3.2003994
3.3273087
3.2873552
3.4622803
3.5748925
3.4636903
3.4628167
3.356142
3.383795
3.4217267
3.5837443
3.625612
3.7179568
3.8578196
3.8117073
3.5214393
3.247146
2.9832256
2.8245203
2.5731525
2.8911176
3.0080268
2.8227525
2.3714352
2.3032708
2.3251653
2.5041356
2.3831973
2.7424653
2.5100951
2.7462826
2.7495089
2.7162206
2.8645134
2.7192974
2.4454455
2.18255
2.2838848
2.3319838
2.2312522
2.4522948
2.1584806
1.9122782
2.407156
2.292172
2.415404
1.897806
1.911673
2.2667239
1.8464717
1.7285378
1.8409176
2.2838032
2.0401726
1.80084
2.248129
2.4938354
2.635224
2.0017898
1.8899622
2.2843337
2.2106698
2.2435372
2.1366217
2.117133
2.3354511
2.2432141
2.1995058
2.319218
2.0564144
2.0495017
2.1552496
2.2074504
2.2240484
2.6708944
2.4800231
2.2613232
2.3660305
2.849032
2.624709
2.4093878
2.2741327
2.4219053
2.291823
2.1903193
2.5593965
2.59121
2.3415332
2.335337
2.476978
3.2158253
4.013664
2.2471657
3.641498
3.7233107
3.1331828
2.9481006
2.9127507
3.1196353
3.0475671
3.1699786
3.1712909
3.1299722
3.220364
3.0999174
3.0560615
3.289875
3.3073285
3.3528512
3.2941332
3.231828
3.3293045
3.3491836
3.4370165
3.2086148
3.3738885
3.304267
3.2848048
3.6056328
3.6267307
3.5896888
3.6517596
3.5250278
3.637424
3.6317847
3.6103368
3.6308308
3.6040323
3.53768
3.5879986
3.5600717
3.5199623
3.5800195
3.4756806
3.4757938
3.3874254
3.4198792
3.489919
3.300208
3.367503
3.2183394
3.348009
3.288412
3.0916865
3.1757169
3.159772
2.9874358
3.0217814
3.0232284
2.9119747
2.8589447
2.7819903
2.6643374
2.7698383
2.7207649
2.8564353
2.5237362
2.4679234
2.5485072
2.632545
2.5125504
2.323529
2.5668573
2.703551
2.4354599
2.530247
2.3041167
2.4962811
2.386135
2.0953062
2.4405584
2.3962646
2.278887
2.47353
2.638196
2.805979
2.763231
2.5777392
2.5105598
2.751441
2.7709754
2.6085606
2.8901289
2.7596262
3.0810018
2.8454988
3.0424244
2.8566878
2.89534
2.9494994
3.0540667
3.0616379
2.9598255
2.898539
2.9555984
3.0869815
3.0613992
3.4186661
3.1978192
3.0568235
3.1976929
3.241354
3.4136236
3.4990492
3.4526837
3.368594
3.1908522
3.4340925
3.0853055
3.4124284
3.416897
3.5036883
3.5936146
3.4216657
3.5282326
3.252783
3.2304866
3.3173475
3.2846425
3.239643
3.315049
3.3838375
3.1486878
3.1174705
3.1737077
3.2534711
3.0971916
3.2246883
3.2092972
3.236154
3.2531767
3.0176458
2.9041827
3.026704
2.9513366
3.043204
2.9647324
3.0454826
2.9939876
2.9065309
2.923464
2.8923802
3.0002515
2.8870761
2.7905953
2.727168
2.7479074
2.6157064
2.6630223
2.742339
2.5160153
2.4987466
2.8069205
2.7518702
2.9556417
2.7257326
2.8242207
2.6698627
2.7783358
2.7896116
2.7979004
2.6810515
2.8407836
2.7983496
2.8033378
2.8113797
2.696132
2.762134
2.694785
2.6247275
2.8794057
2.7276883
2.6076086
2.7190604
2.7687929
2.5391302
2.7019348
2.6847248
2.739874
2.78442
2.493508
2.5558972
2.5382612
2.529977
2.5478926
2.4865062
2.594064
2.5582888
2.3721206
2.461753
2.258222
2.4251964
2.61382
2.7403603
2.6324766
2.5197606
2.7141166
2.6166325
2.6902812
2.7537618
2.94332
2.7702124
2.7114613
2.7335324
2.9653986
2.809791
2.9373293
2.9065118
2.939176
2.6462965
2.889616
3.0292284
2.978049
2.969891
3.034264
3.1691754
3.0548618
3.0237753
3.0595767
2.985338
3.0728593
3.1419477
3.145195
3.101715
3.0016248
3.0704136
3.011526
2.9208133
3.0489428
3.0783281
3.007799
2.798213
3.2643375
3.1631997
3.0873942
2.9727952
3.318636
3.1039715
3.1790614
3.0851984
4.145897
2.9742284
2.607407
2.427489
2.1370075
1.8715324
2.0377872
2.0124907
2.2005816
2.1844969
2.0674872
2.1146965
2.0294986
2.2201004
2.0853481
2.2141058
2.101978
2.0676742
2.0205474
2.154349
2.2539723
2.2562447
2.231278
2.3245447
2.3924022
2.4120867
2.4910915
2.474019
2.2575543
2.3920076
2.3496647
2.4649746
2.479006
2.5414653
2.0975273
2.823865
2.8647969
2.544896
2.8096108
2.392374
2.5866723
2.5558596
2.5529537
2.5696428
2.630286
2.3461542
2.5456243
3.027352
2.7558603
2.6069055
2.5841823
2.651432
2.7141955
2.6087294
2.836986
2.7821822
2.6127048
2.6343875
2.3654375
2.5668988
2.6668508
2.6308315
2.7746565
3.0021605
2.887657
2.4255943
2.5804183
2.593635
2.5960717
2.6275768
2.5401945
2.5663362
2.5709913
2.69534
2.8662746
2.9400785
2.5386386
2.6561306
2.7396004
2.7000327
2.8594935
2.770092
2.4420342
2.4690893
2.548488
2.5148454
2.7246857
2.5090384
2.5065844
2.341979
2.41747
2.2577865
2.3469641
2.3106794
2.3424819
2.344816
2.2090669
2.3879526
2.414252
2.2413945
2.539262
2.4629438
2.4464028
2.0167081
2.1660213
2.3615093
2.400859
2.284217
2.4306245
2.3789217
2.4229949
2.5173492
2.6824572
2.866251
2.857841
2.5319018
2.8247097
2.965121
2.9244552
2.920947
3.3676214
3.5166368
3.5588338
3.5878377
3.85256
3.8621807
3.4999604
3.6235135
3.5723543
3.418189
3.2242324
3.3788671
3.5760753
3.4177346
3.2293673
3.3613992
3.380057
3.3680768
3.0163884
3.0717735
2.8907769
2.9514232
2.7534115
2.677566
2.6075754
2.7023697
2.5113487
2.2583063
2.451256
2.6698885
2.5737631
2.5500774
2.3694592
2.5196764
2.5651603
2.5156837
2.4253755
2.3555639
2.5112143
2.4725513
2.422068
2.2578063
2.2674198
2.1165144
2.1704438
2.2340858
2.0711875
2.0452256
2.2234786
2.1726584
2.0159812
2.1143866
1.7650442
1.8889936
2.0380313
2.2533832
1.9875597
2.173377
2.3642092
2.4733748
2.1446784
2.0652356
2.0492785
1.8596325
1.87712
1.8454326
1.7689458
2.0400853
2.3381023
2.190663
2.3714347
1.9778883
2.083171
2.1824412
2.1773212
2.1535144
1.8895994
1.9326241
1.9191204
1.8917717
2.0710793
1.9371022
2.1102939
2.3187327
2.0622466
2.032585
1.874124
1.9176354
1.9955094
1.9289097
1.8964242
1.8587264
1.7215364
1.8129724
2.0982165
1.8721913
1.6777313
1.7421652
1.9750875
2.225646
2.2967541
2.520399
2.5061898
2.5598
2.3892803
2.3794637
2.191563
1.9720043
2.0397646
1.5133964
1.8588685
1.9511807
2.016919
2.3079453
2.5873027
2.4357982
2.3394032
2.1699443
2.0624952
2.0379539
2.242773
2.2328777
2.0954132
2.1619644
2.2222729
2.2144258
2.1662812
2.01355
1.9216559
1.8583953
1.8889745
1.9030505
1.888385
1.8369325
1.7936395
1.9686108
1.8630208
1.8625255
1.9447403
1.9226744
1.9273518
1.8846546
1.947676
1.9120219
1.8496714
1.7725501
1.7946208
1.8119015
1.8846996
1.9412606
1.8263448
1.9835159
1.9322578
2.308795
2.1602821
2.4543061
2.9159625
2.9371512
3.054391
3.092861
3.2585318
3.3444703
3.2186255
3.419379
3.3879619
3.4395185
3.3548265
3.552498
3.3578408
3.4265032
3.177826
2.9154675
3.3601408
3.458766
3.7014258
3.6247237
3.5171878
3.4517744
3.5084996
3.4926949
3.588667
3.6365466
3.5104382
3.539989
3.5800405
3.6601014
3.5415146
3.5722413
3.5747666
3.5400927
3.5820498
3.4612713
3.4517891
3.6220934
3.698636
3.903354
3.9407098
3.9860733
3.767599
3.6488943
3.3855646
3.5199897
3.1878073
3.4135354
3.6098342
3.0720203
2.9529815
2.131703
2.5782268
2.1406884
2.4563665
2.3783414
2.4658542
2.2111063
2.6951697
2.8004508
2.7536306
2.6029959
2.324721
2.2757053
2.3579416
2.4491606
2.86283
3.1110256
3.1673841
3.327681
2.9204626
2.527839
1.8835515
1.9760131
1.429964
1.2952398
1.2204646
1.4996243
1.6139847
1.736464
1.8764626
1.740359
1.6428772
2.4117095
2.3256154
2.151674
2.2939591
2.2805467
2.1011972
1.7528331
1.3681115
1.4500328
1.7921097
1.8756746
1.2251235
1.7714782
1.5887272
1.5294952
1.6097158
1.4154208
1.235111
1.0970802
1.4226776
1.3436707
1.8271502
1.7691237
1.3693105
2.0159736
2.2818193
1.9651577
1.7115678
1.9015987
1.8890874
1.8775326
2.0064075
2.0103827
2.3708985
2.2954745
2.4925938
2.2426012
2.1344178
2.1547685
2.067658
2.135732
2.041321
2.1813936
2.339442
2.2501118
1.8958156
2.5354228
2.2077453
2.1485593
2.291345
2.454377
2.512787
2.5998986
2.1606858
2.23
2.3803828
2.5537083
2.4266489
2.4392083
2.8067696
2.588224
2.36598
2.3623402
2.5908644
1.756327
1.6869452
1.6074469
1.9595203
1.5625496
2.0531397
1.8399168
1.4962286
1.65927
2.0261564
1.8677939
2.1975577
2.3298266
1.7367423
1.7318951
1.6000308
1.615409
1.6629508
1.3479636
1.3982158
2.1179504
1.670353
1.6454912
1.6761854
1.5568603
1.8389559
2.1834092
1.7890702
1.2315314
1.8196012
1.8236398
1.650211
1.9078486
2.0186787
1.7188754
1.9444685
2.4232838
2.4908116
2.2401175
2.4619374
2.495878
2.6182895
2.5032845
2.3888788
2.5003557
2.474163
2.2285228
2.2549202
2.484034
2.4868236
2.4264166
2.4332774
2.6136873
2.9655125
2.451651
2.6265893
2.811989
2.7805605
2.864933
2.9307797
3.1149142
2.8787105
3.17758
2.8444014
3.2415142
3.2464752
3.20803
3.1720257
3.4602215
3.5856626
3.7145076
3.9766264
3.5809634
3.868716
4.2380433
2.663548
4.049941
3.9083838
3.4244843
3.819634
3.8200316
3.6179786
3.6986244
3.4038334
3.645799
3.404214
3.6895418
3.5206332
3.549256
3.7310765
3.984748
4.208771
3.962757
3.9186196
3.980253
3.9501138
3.6713822
4.0640726
3.8371053
4.328536
4.151118
3.8652928
3.7283561
3.4827878
3.6549053
3.5910568
3.5296164
3.435913
3.6316605
3.8510885
3.947397
4.14663
4.7863307
5.322369
5.4003506
5.125048
4.8539147
4.803703
4.7779694
4.5853505
4.8387113
4.4780602
4.165241
3.9575415
4.313161
3.592072
4.424817
3.8010964
4.4331756
3.6878138
4.5501566
4.1236544
4.341364
4.242452
4.465895
4.520823
4.6844664
4.403631
4.4344206
4.3334208
4.565564
4.5092697
4.2777896
4.706555
4.83726
4.472962
4.435498
4.213492
4.7166157
4.4246736
4.5054097
4.503282
4.424039
4.4486804
4.4474506
4.397051
4.3977904
4.620968
4.624088
4.5920467
4.4619627
4.2447047
4.0018454
3.4201887
3.8974743
4.2512536
2.8345666
4.203713
4.2469354
4.421035
4.13908
4.204176
4.3222504
4.193418
4.5167847
4.7032723
4.480535
4.032257
3.7639081
3.5356572
3.8924155
4.219402
3.639141
3.9031653
3.8476748
3.8482285
3.4263394
3.2399838
2.960459
3.0096633
3.4013557
3.1755683
3.0719876
3.1357117
3.149342
3.279684
3.5336607
3.5498257
3.9659839
3.6834648
3.6288204
3.392332
3.6260374
3.572023
3.3253427
3.3110373
3.2152267
3.0935824
3.1204
3.3230524
3.3870769
3.2888782
3.2742817
3.4090939
3.1390307
3.2871988
3.3661354
3.2886949
3.2280805
3.1690657
3.2568505
3.1594949
2.8427696
2.9153092
2.949826
3.0012612
3.0905
3.22496
3.4378471
3.5445516
3.1435275
2.921366
3.0236692
2.7524908
2.8571262
3.4531083
2.7780147
3.0369804
3.193078
2.9634051
2.9340727
3.2406538
2.8756795
3.145339
3.188906
2.8109498
2.770249
2.7447095
2.9061937
2.812726
3.0880177
2.9582074
2.994691
3.010286
2.953869
2.6751876
2.784202
2.6627014
2.640547
2.7929826
