10000
8.673185
8.520366
8.483446
8.587861
8.517717
8.541438
8.608681
8.540184
8.565333
8.623673
8.622707
8.639725
8.599839
8.726901
8.628069
8.673756
8.620039
8.605518
8.686219
8.729245
8.692423
8.7076025
8.673707
8.750481
8.661448
8.7900305
8.681705
8.760963
8.731803
8.727742
8.7743845
8.726503
8.632942
8.627197
8.602907
8.600972
8.57016
8.671744
8.570485
8.61491
8.488907
8.429535
8.441041
8.40162
8.319714
8.163045
7.9854627
7.687172
7.6284795
7.690138
7.4421525
7.529269
7.521066
7.60495
7.504021
7.4186263
7.344343
7.4730835
7.5444193
7.7073483
7.827725
8.066333
7.930849
8.026829
7.903256
7.7441835
7.260261
6.801048
6.819972
6.4489927
6.1448154
6.0004754
5.943232
5.8893557
6.0805445
6.09343
5.982228
5.720568
5.6940074
5.29606
4.9147863
4.732419
4.8154864
4.860601
4.8232
4.7958
4.809985
4.7933855
4.779524
4.7182636
4.7512975
4.885853
4.822419
4.8716793
4.796133
4.88801
4.9268723
2.403963
3.962483
3.9156837
4.2407384
3.9112515
4.159185
3.746708
4.138981
4.318319
3.8026068
4.216536
4.3807726
4.2476006
4.1398726
4.157633
4.088619
4.219033
4.262405
4.2471633
4.194995
4.198863
4.2038126
4.2463946
4.3202677
4.339058
4.2933674
4.3317175
4.275957
4.2824526
4.358339
4.3458533
4.293178
4.3353405
4.168054
4.313429
4.2739544
4.338762
4.334323
4.3459783
4.2981634
4.3500967
4.304019
4.2006755
4.1556215
4.075083
4.192958
4.0711117
4.1946516
4.060413
4.1619816
4.0880785
4.212686
4.068483
4.192522
4.0982866
4.152906
4.0947437
4.1378036
4.070125
4.1732697
4.064747
4.154356
4.069396
4.15988
4.023419
4.173838
4.05944
4.1920176
4.0875664
4.1612816
4.064547
4.1738143
4.140578
4.1691475
4.0884094
4.183612
4.076807
4.1414843
4.0784006
4.174138
4.0756707
4.179646
4.0633507
4.1391172
4.0553865
4.159727
4.05508
4.149028
4.048116
4.1207647
4.068198
4.1872244
4.1093154
4.1507363
3.982741
4.0741787
4.027406
4.1310396
4.053493
4.2069154
4.1470375
4.2556047
4.1594553
4.282071
4.1579924
4.2349806
4.0742273
4.2238045
4.099623
4.193533
4.1337914
4.206476
4.12941
4.185541
4.167387
4.189191
4.1642847
4.22274
4.1568418
4.2040005
4.1568666
4.2005167
4.1140237
4.176054
4.1362844
4.186828
4.110922
4.197184
4.158462
4.1634364
4.18074
4.149418
4.1945515
4.1131096
4.1578507
4.155887
4.1917233
4.211184
4.216558
4.191577
4.228341
4.1848516
4.235127
4.1748786
4.201898
4.163731
4.1889367
4.1976295
4.2129874
4.1864457
4.2013936
4.1963625
3.8075774
3.8036647
4.434734
4.4886703
4.527313
4.4904957
4.4435506
4.4324155
4.4394207
4.557913
4.626068
4.5940213
4.730405
4.811958
4.6871586
4.732999
4.8089294
5.0793233
5.052847
5.082506
4.8995466
4.8856416
4.788243
4.909077
4.9152126
4.8011026
4.7720737
4.6063256
4.6495476
4.572673
4.6822233
4.6239467
4.709969
4.679671
4.6802506
4.5346603
4.5191174
4.542472
4.3682876
4.3588047
4.3134227
4.249217
4.2056513
4.2132506
4.1867433
4.4693127
4.6312428
4.6010466
4.6001663
4.6271253
4.731918
4.6431527
4.719225
4.596658
4.5129085
4.54475
4.515976
4.34253
4.30097
4.189197
4.112525
4.298474
4.1796074
4.2949634
4.1904716
4.356468
4.1978555
4.3670154
4.398227
4.3131266
4.573141
4.3317814
4.649937
4.281756
4.2762446
4.464707
4.3166437
4.284042
4.338833
4.2534657
4.4513535
4.4467525
4.61724
4.6287246
4.6146083
4.7089787
4.736789
4.806861
4.8077464
4.7971
4.820003
4.9089975
4.907585
4.9337316
4.891581
5.1571045
5.0261374
4.982616
4.9654818
4.9626145
4.9198475
4.8849735
4.913788
4.9213214
4.928703
4.9228783
4.866811
4.94515
4.9246874
4.982686
4.8703423
4.8394127
4.7615914
4.84923
4.7877083
4.9005566
4.786026
4.7699776
4.7210917
4.7450886
4.8349614
4.7416835
4.691185
4.769875
4.7097106
4.6261644
4.7067842
4.6319156
4.5754757
4.5303984
4.4918165
4.3942456
4.482746
4.5180078
4.4844365
4.632633
4.574648
4.738644
4.909017
4.5974174
4.643668
4.706794
4.69481
4.690804
4.7648907
4.692768
4.7205467
4.5751443
4.62272
4.605871
4.587773
4.5817356
4.52759
4.5670815
4.514776
4.490381
4.4611583
4.437255
4.401495
4.38331
4.3641176
4.2725234
4.3143873
4.330928
4.4165716
4.394518
4.246695
4.371272
4.2839603
4.2981887
4.311408
4.985937
4.9881945
4.936543
4.9758396
4.9742804
4.958048
4.9469037
4.9339333
4.8404655
4.9073725
4.8243136
4.7047834
4.729937
4.748638
4.7291822
4.749216
4.6289806
4.6423845
4.5798497
4.590057
4.539077
4.627002
4.5626807
4.5885878
4.539796
4.5339627
4.568459
4.494629
4.552079
4.547955
4.536915
4.502824
4.555317
4.5332327
4.5246162
4.5757346
4.543947
4.56769
4.6215334
4.5742307
4.5621486
4.5678353
4.6163955
4.626469
4.6904488
4.5963407
4.725162
4.651283
4.7123117
4.7137833
4.6654825
4.671099
4.620952
4.6229424
4.6238613
4.6239395
4.4851484
4.6888924
4.56085
4.6408043
4.5440636
4.74809
4.5210924
4.5712957
4.645429
4.6189213
4.6534734
4.78338
4.8174744
4.8443937
5.1173377
5.1671596
4.987991
4.9147406
5.0069327
4.970627
4.796321
4.8734508
4.876443
4.80552
4.7808576
4.7357483
4.6665983
4.655342
4.6318054
4.5729046
4.5416474
4.5723715
4.592316
4.4446225
4.4891872
4.554106
4.477604
4.4095206
4.4531455
4.3597
4.4102345
4.3898335
4.376985
4.401574
4.336687
4.4811034
4.638245
4.780897
4.8618603
5.0838823
5.2477765
5.343923
5.399474
4.7384787
4.501546
4.7736964
4.4162073
4.6149373
4.517461
4.423954
4.5052066
4.4478664
4.585567
4.5468736
4.567394
4.5770087
4.5765047
4.6118445
4.566463
4.649345
4.543863
4.636209
4.4728827
4.570033
4.5232477
4.6385765
4.4936967
4.3909354
4.446695
4.6805086
4.557682
4.699302
4.552299
4.7338142
4.6852636
4.6643467
4.615304
4.844362
4.5923905
4.599188
4.5553083
4.792614
4.6124387
4.8517528
4.7285533
4.7518444
4.806662
4.8021493
4.8490477
4.671916
4.5659957
4.4289584
4.4357233
4.395573
4.27232
4.124814
3.8657472
4.046566
3.6832068
4.275462
3.6521764
4.564876
3.6863308
4.658429
3.109445
4.5538654
3.0067182
4.5880604
4.6733894
4.6057787
4.526004
4.5604057
4.559968
4.5203743
4.6005907
4.5789433
4.6860623
4.6531487
4.6655717
4.7593045
4.7070823
4.8364053
4.831266
5.034234
5.2089353
5.656353
5.698946
5.7586102
5.9740825
6.1083293
6.2832747
6.166598
6.1648846
6.2560277
5.907095
5.559847
5.4108386
5.36239
5.2125373
4.869458
4.437136
4.200817
4.1663404
4.129056
4.148615
4.0776634
4.039033
4.006361
3.855522
3.9069083
3.981885
4.0299406
4.099528
4.0189543
4.1551533
4.1479297
4.198421
4.131364
4.4112563
4.588069
4.6683064
4.6811996
4.6135616
4.634412
4.546251
4.5577717
4.524644
4.434907
4.4469213
4.8113146
4.798588
4.86643
5.010026
4.9015026
4.8794975
4.5590525
4.6010494
4.7464256
4.6973257
4.9017444
4.6707096
4.6536927
4.4732013
4.1660886
4.3678327
4.5826216
4.673884
4.7651114
4.847783
5.0363946
5.309137
5.364808
5.3463817
5.102099
4.845161
4.546344
4.630878
4.20821
3.9867108
4.417986
4.7563477
4.8220687
4.592432
4.5210657
4.453662
4.3503966
4.4190264
4.352617
4.493828
4.569227
4.5242934
4.55829
4.5247874
4.5358524
4.3355064
4.4148955
4.2621493
4.26119
4.0728045
3.8841925
3.7307234
3.712662
3.5261807
3.5103636
3.4159584
3.2502785
3.3220398
3.3057654
3.8327487
4.1524777
4.2003236
4.2396965
4.2515163
4.256256
4.3170967
4.3944054
4.4521604
4.4304724
4.489944
4.3998194
4.4991183
4.529246
4.4451323
4.5316076
4.4695325
4.5069175
4.5167527
4.5635104
4.460107
4.3969398
4.3285904
4.2865834
4.31112
4.22934
4.091678
4.041727
3.861383
3.9335265
4.0125036
4.0614767
3.9663439
4.0526366
3.9807775
4.0390778
4.0834227
3.9785194
4.0914583
4.1622033
4.251086
4.2419724
4.343434
4.449518
4.2939286
4.4791894
4.2893705
4.341571
4.4087496
4.515796
4.4748726
3.0005438
3.3101628
3.3936248
3.4546282
3.351893
3.4197588
4.2850904
4.2303414
4.2214518
4.272443
4.1729
4.3046865
4.287305
4.3155465
4.2275686
4.289882
4.2236395
4.091318
4.1615477
4.242637
4.173263
4.1242247
4.159561
4.1799207
4.225286
4.2373757
4.3125005
4.3140798
4.284816
4.2295527
4.2574706
4.2509985
4.2019515
4.199193
4.281713
4.2945914
4.162084
4.272362
4.3015
4.2769423
4.337425
4.293639
4.3000956
4.2269406
4.2919555
4.2938266
4.268232
4.2510567
4.1611505
4.308836
4.349125
4.3101373
4.304375
4.2247696
4.2732177
4.162464
4.100127
4.270922
4.1683764
4.110766
4.211309
4.209588
4.2287188
4.2441216
4.2772965
4.291306
4.30553
4.3176
4.3297205
4.250894
4.260044
4.254591
4.232041
4.2920732
4.276703
4.254635
4.2328424
4.239353
4.2737756
4.265197
4.2088823
4.210993
4.2226577
4.2905674
4.1897717
4.1992836
4.096244
4.13156
4.043466
4.115406
4.1130643
4.0818048
4.134804
4.2225723
4.260779
4.237048
4.3167157
4.2467866
4.217988
4.24996
4.3097863
4.258491
4.184134
4.089137
4.4363074
4.2269583
4.3794746
4.177244
4.3585167
4.519076
4.6425953
4.569104
4.7048306
4.5688615
4.7703614
4.752764
4.8476906
4.753604
4.8266883
4.83474
4.7608094
4.666582
4.6166463
4.6489387
4.6899147
4.5472717
4.7576184
4.595458
4.7666717
4.5591745
4.702583
4.558488
4.6699233
4.6111217
4.647275
4.439799
4.4396553
4.4313574
4.445929
4.4543247
4.565065
4.4364123
4.5008593
4.387427
4.4005156
4.2809734
4.1183295
4.0791097
3.9542594
3.98386
3.9798791
3.7955437
3.893243
3.7393715
3.657802
3.694044
3.5737302
3.655171
3.5107272
3.5451684
3.8285832
3.7693245
3.98818
3.9478517
3.94772
4.0346694
4.0179844
3.8863878
3.9456184
3.9194794
3.9531555
3.8430445
3.854244
3.6714854
3.5487735
3.517431
3.4249716
3.377142
3.2874908
3.3959603
3.3144078
3.2313104
3.230143
3.2486832
3.2217386
3.2575364
3.1674907
3.125782
3.1564045
3.1765358
3.1359975
3.1036973
3.1197557
3.2170134
3.3943706
3.3314755
3.4557934
3.4755232
3.5031574
3.4441142
3.3271976
3.3938475
3.3925922
3.2210793
3.5195456
3.6954544
3.57875
3.513655
3.5371304
3.5339968
3.6714287
3.5311537
3.1136312
3.5918722
3.48127
3.1336017
3.048987
3.8277922
3.8321393
3.7986343
3.816924
3.8258069
3.771239
3.8148544
3.8910158
3.8413827
3.7666805
3.825043
3.8090248
3.7852373
3.7472763
3.596347
3.584463
3.5926003
3.6545208
3.8349755
4.050933
3.9588056
4.0612807
4.1621222
3.9023547
6.6363072
6.93194
6.8182716
6.801999
6.765153
6.749788
6.744714
6.662062
6.6198206
6.583035
6.7646675
6.700182
6.774789
6.470133
6.457209
6.3285375
6.450154
6.3647614
6.3553667
6.3810887
6.515463
6.3643923
6.538782
6.4031134
6.3136644
6.2233953
6.199389
6.166362
6.1125393
6.0373573
6.1037292
6.201558
5.4130263
5.477502
5.4071035
5.5012293
5.347683
5.519468
5.378461
5.34281
5.3746595
5.3790402
5.4043875
5.338394
5.379364
5.3101377
5.4730215
5.3385944
5.256888
5.320089
4.9106
5.061408
4.750935
4.800954
4.743992
4.7324
4.813534
4.7858577
4.7068067
4.792959
4.947641
4.868558
4.873265
5.022603
5.1136303
5.066573
4.969177
5.317418
5.063341
4.974159
5.0300817
5.0883713
5.4731765
5.6600275
5.7060957
5.3392386
5.2769732
5.448487
5.3249454
5.2481265
5.3624544
5.271798
5.1653175
5.235248
5.1130896
5.220696
5.027409
5.144119
5.243984
5.177773
5.277363
5.321576
5.234446
5.429068
5.421747
5.300677
5.3222075
5.2543144
5.363395
5.1339684
5.0062227
5.128492
5.101568
5.1198387
5.1441402
5.2801733
5.2687263
5.2721562
5.233121
5.2575483
5.1849756
5.2617598
5.1393003
5.203331
5.319127
5.276245
5.244531
5.2462063
5.2378764
5.1951313
5.0086765
5.015546
4.909803
4.923109
4.8618684
4.826069
4.7478104
4.7404556
4.728968
4.7781453
4.637292
4.657928
4.720846
4.5789723
4.776867
4.7105846
4.705097
4.701941
4.827416
4.8768277
5.0599957
5.091498
5.042784
5.151281
4.956359
5.1118345
5.086755
4.963867
5.228473
5.1656876
5.3712683
5.3532753
5.4561195
5.843771
5.8210154
6.006991
5.8593073
5.9606857
5.939998
5.956753
6.1802077
6.2002254
6.2375097
6.2657866
6.2096157
6.2092457
6.251634
6.241117
6.230549
6.1125712
6.092784
6.155604
6.1135263
6.117887
5.9599605
6.0025816
5.9198556
6.000251
5.9669924
5.9439516
5.9148173
5.794463
5.8857756
5.745397
5.7494287
5.8232136
5.916558
5.79627
5.742014
5.5523825
5.5430565
5.6097007
5.462249
5.683154
5.403703
5.5188484
5.560738
5.5772743
5.6456003
5.5021186
5.5588546
5.740484
5.457036
5.67106
5.769594
5.858871
5.716594
5.8701253
5.969667
6.0502305
6.0234337
5.901382
6.18692
6.0832334
6.29053
6.3420634
6.2526317
6.3660336
6.434246
6.4374833
6.3730946
6.3559146
6.4346642
6.299413
6.382133
6.3293624
6.393868
6.4082146
6.3195224
6.096538
6.2678485
6.123926
6.241645
6.1176276
6.175509
6.2526608
6.127688
6.1712756
6.1930714
6.130895
6.201116
6.1607437
6.0472746
6.108635
6.1045265
6.051228
6.0974054
6.0470896
6.03
5.833748
5.8719983
5.855095
5.717701
5.86199
5.8825965
5.853803
5.889615
5.9018884
5.9999485
5.987109
6.0267076
5.9008446
5.9636736
5.9285784
6.005598
6.0223866
6.055199
6.0207105
6.010328
6.101156
6.0066147
6.011641
5.9966397
6.1452713
6.05243
6.1795607
6.054509
6.1723046
6.0867825
6.1998334
6.066966
6.097119
6.087881
6.2461987
6.2442484
6.1892085
6.265062
6.0787716
6.1959977
6.1204467
6.316143
6.3020315
6.248075
6.1730785
6.100109
6.084804
6.0155025
6.0913777
6.0495753
5.8848248
5.961762
5.9165516
6.001432
5.8835316
5.9182324
5.814524
5.931472
5.7777367
5.9606967
5.8321247
6.1794252
5.9661818
6.20998
6.098006
6.1725726
6.119407
6.0737605
6.122757
6.028245
6.1427
6.070309
6.096937
6.036361
5.9584117
6.0844336
6.020933
5.9894686
6.0930595
5.9506474
5.9452553
6.013706
6.0782785
6.0925097
5.9939632
6.021286
6.1426744
6.079933
6.197728
6.1654234
6.14209
6.2244616
6.192255
6.1789017
6.1639853
6.2550826
6.2607737
6.2685065
6.1426973
6.158779
6.0902214
6.101454
6.145654
6.2066326
6.221263
6.2124357
6.2762723
6.250671
6.2162414
6.0000815
5.987854
5.967374
5.900806
5.9629145
5.958921
5.8880663
5.9041038
5.889146
5.9444675
5.9362683
5.9486785
5.795144
5.8145337
5.6240945
5.6020265
5.550675
5.4876747
5.589864
5.4582763
5.3521204
5.7731857
5.7984085
5.8892684
5.848237
6.0623055
5.9491744
5.9960594
5.9032927
6.0399985
6.048281
6.0934978
6.162691
6.17662
6.240316
6.159585
6.201841
5.986171
6.049368
5.943182
5.852003
5.959687
6.165515
6.057303
6.211548
6.248554
6.17608
5.9557476
6.0935383
5.9855437
5.949513
5.924289
6.046669
6.1197968
5.689961
5.6581726
5.6102695
5.513687
5.501303
5.4803123
5.416009
5.4517584
5.4898686
5.4872313
5.604498
5.6134787
5.9151697
6.0921702
6.3882995
6.129448
6.17994
6.118203
6.330105
6.264488
6.2912397
6.179192
6.2396507
6.4095297
6.4660606
6.475494
6.384367
6.360218
6.414949
6.408723
6.2697754
6.277542
6.196134
6.216132
6.3218913
6.249224
6.363715
5.801125
5.7587724
5.6662726
5.630387
5.6159945
5.712222
5.812544
5.9540353
6.1558824
5.912726
5.900535
5.7664595
5.8201
6.031804
5.9024487
5.72861
5.8682
5.927971
6.196151
6.335242
6.1970325
6.204755
6.0998635
5.945836
5.586951
5.313047
5.1342535
5.1682277
5.2125063
5.173834
5.29331
5.5036483
5.514289
5.7367887
5.887782
5.5999
5.1615868
5.17801
5.3061657
5.396238
5.273739
5.2345963
5.2901545
5.330703
5.5097523
5.6334686
5.6149683
5.7215934
5.7815866
5.8179336
5.6272078
5.6428585
5.583141
5.486742
5.58927
5.573598
5.4834137
5.6064153
5.524742
5.7227316
5.73957
5.9002695
5.9773636
5.928734
6.0572157
5.968099
5.745795
5.637982
5.4003515
5.2656536
5.1613793
5.184251
5.126846
5.299722
5.2307777
5.3598413
5.2963586
5.272712
5.311667
5.439047
5.2626715
5.1500683
5.1569133
5.1248403
5.083912
3.8167157
3.9271507
4.1689734
4.2953057
5.07882
4.957593
4.971231
4.9261994
4.829466
4.876837
4.908326
4.7756076
4.7599993
4.749883
4.7192745
4.587863
4.597454
4.469725
4.586545
4.499653
4.536326
4.511075
4.6161814
4.5296454
4.5894775
4.668997
4.6088414
4.4352694
4.1885653
3.9288504
4.5919104
3.8781574
4.4940715
3.8165424
4.62835
3.96794
4.8518767
3.88769
4.4284797
4.6099133
4.624519
4.5385094
4.3927236
4.639688
4.4700146
4.54468
4.389807
4.4541144
4.38475
4.4952865
4.585098
4.4347634
4.4124203
4.770825
4.5342827
4.6584973
4.709357
4.529041
4.559579
4.721382
4.612089
4.757926
4.5523067
4.7558203
4.8038173
4.7429624
4.652264
4.7930927
4.768195
4.8044033
4.696016
4.6798363
4.7064543
4.710662
4.6496973
4.7955923
4.7855363
4.777485
4.767854
4.823373
4.7807345
4.8368697
4.8270607
4.685222
4.739335
4.7442
4.7782993
4.8412256
4.8139
4.857268
4.7775846
4.858621
4.8070865
4.694347
4.7844577
4.839487
4.891439
4.7875366
4.847473
4.959773
4.901563
4.9215856
4.897522
4.939905
4.9694104
5.0008426
4.9865594
4.964949
4.957797
4.9899325
4.89011
4.8857007
4.8655615
4.9035997
4.865683
4.991444
4.828497
4.6415653
4.8151884
4.817941
4.8308573
4.7965713
4.8922973
4.8572764
4.680531
4.9240527
4.914537
4.8104215
4.7469583
4.7872086
4.73505
4.8394237
4.850568
4.8505707
4.8535857
4.9020767
4.910636
4.8246098
4.9121475
4.842268
4.9573073
4.947793
4.9210305
4.8793044
4.7975383
4.8717437
4.839249
4.810773
4.685934
4.8743844
4.8695498
4.8723226
4.764191
4.70617
4.174101
4.0474243
3.9384263
4.0803785
4.032169
3.910283
3.8922226
4.4550743
5.5563993
5.836042
5.898397
5.745426
5.8769693
5.780109
5.90257
5.7540607
5.963234
5.8029065
5.9342747
5.738882
5.87939
5.8341513
5.918269
5.8162975
5.939859
5.728625
6.0189714
5.7787795
6.047515
5.6985464
6.060052
5.816717
6.0311446
5.8272967
6.111573
5.8485684
6.1509323
5.9104776
6.127124
5.949196
6.095806
5.942178
6.1587076
5.9545717
6.1385903
5.95115
6.0944405
5.8732214
6.0182276
5.8572607
6.0518503
5.915568
6.0062876
5.939149
6.002555
5.9261274
6.0209484
5.963724
6.03995
5.9720755
5.968853
6.046751
5.942661
6.0508566
5.9744253
5.894499
6.0763006
6.034962
6.132253
6.0549088
6.0602307
6.1789885
6.0784626
6.193185
6.079294
6.06242
6.1685553
6.208352
6.1565022
6.124137
6.0304613
6.097191
6.14491
6.13089
6.137127
6.1646757
6.1084914
6.193395
6.0921974
6.1891227
6.0388045
6.000247
6.1261644
5.8781977
6.024502
5.9399033
6.104557
6.041123
6.023136
6.025209
6.0302205
6.069247
6.084545
6.168374
6.2364397
6.237449
6.214538
6.1543612
6.087224
6.012426
5.9847717
5.840571
5.8714285
5.8892603
5.85746
5.915189
6.010699
5.8054333
5.9406285
5.721603
5.5449905
5.3655367
5.344035
5.35665
5.2361097
5.3232965
5.2873454
5.3201804
5.3406997
5.5083976
5.44512
5.523758
5.5997767
5.5125203
5.5763693
5.618823
5.8805737
5.6332417
5.88465
6.153113
6.186299
6.188552
6.2105827
6.147981
6.1283016
6.080158
6.1628437
6.0491023
3.956739
3.9709516
5.05171
5.0326767
5.064298
4.92224
4.795324
4.783674
4.741792
4.7115393
4.75578
4.793799
4.8830857
4.891443
4.911423
4.9210763
4.9219584
4.7747393
4.802181
4.7060375
4.778364
4.7478304
4.825587
4.915898
4.9563913
4.9868526
5.0490627
4.9256573
4.8487005
4.932516
4.862853
4.8869987
4.847613
4.8069286
4.8165646
4.7208147
4.7144136
4.7823315
4.76076
4.847604
4.9110556
4.885625
4.8684382
4.8734674
4.832418
4.8124943
4.762027
4.7618175
4.767756
4.695007
4.7241316
4.6550775
4.8708577
5.0286264
5.0948453
5.1164265
5.173208
5.2506146
5.189614
5.186619
5.194438
5.309654
5.175333
5.278351
5.179392
5.2618656
5.217727
5.262048
5.167262
5.2435856
5.1979694
5.206974
5.1618786
5.2520714
5.0979586
5.208357
5.1122417
5.1808977
5.2141995
5.200971
5.212379
5.203905
5.1775312
5.1642222
5.215313
5.2449737
5.23939
5.226143
5.25296
5.223128
5.142911
5.1772866
5.163071
5.1842093
5.1885486
5.180792
5.1764956
5.24972
5.2050033
5.1781626
5.100424
5.2623453
5.181349
5.214684
5.179917
5.1816516
5.1574945
5.166256
5.0987053
5.1880574
5.190997
5.0871334
5.2024546
5.20827
5.201826
5.1613703
5.1751328
5.265381
5.154326
5.1963787
5.0755444
5.208186
5.1846848
5.2017684
5.142419
5.2068915
5.16592
5.2317147
5.1660066
5.209737
5.1784787
5.1236997
5.1150913
5.121998
5.1974707
5.2367682
5.0882163
5.17237
5.165393
5.1944137
5.173541
5.1743894
5.1599903
5.218025
5.1660914
5.1997194
5.1038485
5.2159977
5.145598
5.240114
5.1314964
5.1874456
5.2091637
5.1844907
5.1790314
5.2085514
5.1713347
5.234419
5.1859484
5.173052
5.22863
5.0882154
5.2169514
5.1608553
5.207472
5.214139
5.1502137
5.08623
5.216566
5.100795
5.2265277
3.3213527
3.3580074
3.3735003
3.405932
3.275211
3.2346408
3.262402
3.1663597
3.1825173
3.1449485
3.1328764
3.1862395
3.199997
5.8209214
6.2546444
6.410428
6.374018
6.3046465
6.2556486
6.2522583
6.358877
6.3286934
6.344096
6.3405666
6.2828126
6.3141303
6.2854137
6.290024
6.272749
6.23614
6.310541
6.0931406
6.4342055
6.3401523
6.4691076
6.4850087
6.516912
6.479366
6.448281
6.424825
6.483088
6.3785305
6.4840837
6.4438286
6.5109987
6.3893085
6.337533
6.244066
6.3826413
6.3875465
6.6058607
6.55767
6.659923
6.673308
6.7158966
6.592398
6.684852
6.449671
6.4082847
6.4912996
6.38587
6.4270396
6.208865
6.231104
6.2284584
6.209556
6.183914
5.9807205
5.9239373
5.791487
5.924804
5.993885
6.0874004
6.091847
6.222116
4.1399684
4.2424655
4.4016447
4.336211
4.4793243
4.251001
4.3758497
4.3388805
4.4823747
4.387773
4.3974814
4.391807
4.534884
4.6017647
4.580273
4.659243
4.727963
4.9203663
5.1144795
5.1202826
5.139365
5.374525
5.458482
5.471382
5.8244753
6.0548024
6.1038294
6.1392584
6.0905676
6.1606226
6.0472674
5.9839177
5.856036
5.8721104
5.9035907
5.759811
5.629248
5.5686665
5.534508
5.568382
5.557291
5.507534
5.516555
5.623437
5.5511274
5.6224647
5.4975734
5.5576053
5.545439
5.487089
5.4938445
5.231183
5.213263
5.0699577
5.0288506
4.933572
4.937289
4.979122
4.9110713
4.9818964
4.955757
5.0360956
5.141022
5.02782
5.0323877
5.044747
5.0251174
5.050782
5.028252
5.0967417
5.0505753
5.0965967
5.1486254
5.1304855
5.064369
5.094041
5.1423073
5.165991
5.1866994
5.1762495
5.1283345
5.2055492
5.16119
5.153921
5.1930637
5.2964873
5.313754
5.3130646
5.2986
5.302328
5.2953444
5.2903247
5.247431
5.338715
5.2485447
5.302136
5.354712
5.334546
5.4115114
5.3030896
5.3505454
5.299812
5.3944635
5.244215
5.379546
5.302961
5.381099
5.1883354
5.1869555
5.198989
5.258565
5.2614117
5.2786627
5.3384457
5.2924695
5.308628
5.3635406
5.357004
5.372392
5.3814473
5.4730225
5.4325705
5.4786167
5.45468
5.423344
5.4416814
5.3972926
5.4780436
5.4684377
5.5065894
5.5911436
5.550951
5.5948076
5.538695
5.538171
5.5826397
5.6246467
5.607479
5.691958
5.673167
5.670785
5.692819
5.6748915
5.7066298
5.741288
5.766944
5.7347097
5.801564
5.738665
5.769604
5.651398
5.6486506
5.6784916
5.682228
5.631299
5.7230163
5.639075
5.602373
5.647609
5.6210346
5.6874666
5.708996
5.7313247
5.8120203
5.759121
5.7658367
5.663962
5.5990324
5.5842257
5.572815
5.4442735
5.3337207
5.3890676
5.4430766
5.3981395
5.2931733
5.1873507
5.2694087
5.341687
5.332758
5.1772475
5.2577925
5.1667595
5.2008896
5.2371135
5.294757
5.1771817
5.2232785
5.2233834
5.291419
5.139382
5.190482
5.1395917
5.144471
5.06898
5.2541056
5.1246867
5.230133
5.347358
5.248371
5.248779
5.327195
5.369052
5.437457
5.3464956
5.3944254
5.3860416
5.431834
5.449892
5.363706
5.418514
5.4412823
5.391206
5.505686
5.440215
5.5013356
5.484744
5.5084357
5.3676176
5.3141627
5.3011765
5.2854295
5.25419
5.2114515
5.229291
5.248894
5.3562613
5.2216673
5.169695
5.120722
5.1424065
5.11559
5.0461
5.054419
5.082902
5.0929933
5.07405
5.268014
5.239786
5.0085435
5.167452
5.065758
5.047247
5.2053604
5.1476703
5.305902
5.3531365
5.526178
5.628895
5.741116
5.8434634
5.810077
5.8971944
5.875662
5.9994473
6.004909
6.029432
6.0895605
6.1090903
6.0730276
6.116698
6.121688
6.137733
6.1019545
6.205968
6.1001215
6.2262826
6.1227727
6.3788958
6.142199
6.3141007
6.1796713
6.211387
6.276245
6.310076
6.3765073
6.362269
6.203595
6.319673
6.1137896
6.1535845
6.210719
6.1502023
6.1752925
6.1326513
6.101902
6.1696835
6.1694775
6.2443643
6.176383
6.281216
6.2172227
6.2317476
6.2196755
6.2639422
6.2543817
6.264035
6.200047
6.2397575
6.196056
6.200372
6.169587
6.185077
6.251137
6.3538146
6.171089
6.329766
6.227897
6.248559
6.2042
6.245299
6.2346106
6.3292985
6.3205953
6.324284
6.3199453
6.244026
6.256048
6.2929077
6.2241926
6.152353
6.2344556
6.00244
6.180572
6.014851
6.1507583
6.0827355
6.1252413
6.0572443
6.1354218
6.089371
6.0988784
6.025554
5.9453588
5.845825
5.7859592
5.709423
5.5535784
5.5554585
5.4265423
5.3418984
5.178805
5.047871
5.080511
4.9993515
4.8489575
4.904666
4.8589945
4.8918757
4.999684
4.7496004
4.79478
4.6973987
4.8300285
4.732353
4.7408214
4.771344
4.7987
4.743388
4.8099117
4.7282953
4.8072996
4.785744
4.874926
4.803652
4.810473
4.836502
4.8445272
4.8157544
4.815926
4.7904525
4.815431
4.9952917
4.876903
5.022474
4.967373
4.9456263
5.022086
4.943639
4.963577
4.931223
4.9811163
4.9646616
4.9820724
4.9640203
4.958086
5.0135508
5.017071
5.0420666
5.0227094
5.031103
4.9720054
4.994115
5.0249887
5.008353
4.988448
5.008759
5.0621986
4.9988394
4.987946
5.001594
5.027174
5.0278797
5.0252237
5.014973
5.0118365
4.9822845
4.9819865
4.9986343
4.968454
4.971233
4.923652
4.9521675
4.916366
4.972283
4.9531746
4.9405575
4.9299626
4.997993
4.9443974
4.9591537
4.9095073
4.9747043
4.9042687
4.919935
4.898365
4.885409
4.9043636
4.920012
4.9753537
5.016442
5.1646414
5.254268
5.2346334
5.2665815
5.313397
5.2801228
5.266374
5.244134
5.1565647
5.0706973
5.1374207
5.194173
5.190415
5.2021966
5.1432905
5.2361727
5.1503353
5.159364
5.158915
5.237506
6.4407
6.3800635
6.507208
6.3613935
6.2369204
6.235283
6.214723
6.1805935
6.2083697
6.0738254
6.111606
5.9852605
6.106775
5.979615
6.0418615
5.954362
5.906825
5.934988
5.882413
5.917693
5.89347
5.914235
5.8871
5.894507
5.9077864
5.986837
5.889031
5.9647765
5.862375
5.9701624
5.8552194
5.887929
5.8420258
5.938353
5.851237
5.895051
5.9442415
5.8155375
5.913969
5.8909507
5.8931265
5.889821
5.924913
5.883774
5.936502
5.9295955
5.036321
5.0052547
4.945061
4.995799
5.0004883
4.950531
5.0850143
5.0927043
5.104025
5.203281
5.0988164
5.1580915
5.164691
5.130084
5.243415
5.1214757
5.066376
5.3168864
5.0341167
5.279317
5.0662465
5.261667
5.115376
5.3057337
5.1478014
5.3355193
5.1265025
5.3659697
5.1590633
5.352703
5.043946
5.2966385
5.1471314
5.2743516
5.0637083
5.277103
5.0995374
5.309241
5.0915737
5.287509
5.0948167
5.3428454
5.0815926
5.3346186
5.1161094
5.27369
5.10801
5.365455
5.055965
5.328255
5.0944138
5.361332
5.0748367
5.2862372
5.070024
5.328496
5.0829387
5.340565
5.092169
5.358014
5.115268
5.412614
5.1457543
5.388691
5.1538563
5.4064703
5.1657295
5.3672
5.185581
5.3500757
5.149596
5.35681
5.1605983
5.3872676
5.220597
5.368312
5.2343926
5.3669605
5.1848574
5.2866645
5.155756
5.3539424
5.1161957
5.291277
5.1037583
5.297052
5.081732
5.2409606
5.0993958
5.310469
5.1135426
5.2598605
5.0891232
5.29724
5.135235
5.3174367
5.1871753
5.2893624
5.179932
5.324343
5.1657615
5.3560047
5.219881
5.371234
5.2166877
5.302405
5.1691227
5.2641196
5.2027826
5.2989445
5.2209578
5.288175
5.2483444
5.27193
5.262116
5.3409395
5.2144647
5.2474513
5.236527
5.2633967
5.1797194
5.332186
5.223041
5.2416053
5.2085414
5.244879
5.147129
5.2482414
5.162045
5.1670504
5.1712265
5.278799
5.165512
5.176976
5.1724668
5.2275586
5.1629734
5.2225657
5.1816373
5.165905
5.1640186
5.136323
5.1322594
5.1018767
5.146
5.160864
5.179555
5.1003513
5.156492
5.0979567
5.1568394
5.206945
5.225133
5.2720385
5.224723
5.2610817
5.176009
5.2383714
5.175223
5.2349195
5.201813
5.2553062
5.1986003
5.2596006
5.2104073
5.2921762
5.2206607
5.2853303
5.1529665
5.2527976
5.197848
5.2776012
5.2142043
5.262878
5.141195
5.30118
5.1818657
5.2210097
5.1185346
5.216975
5.1511183
5.2186036
5.155076
5.1822515
5.117589
5.2428107
5.114441
5.2345757
5.103484
5.161128
5.1768556
5.228231
5.1506557
5.159449
5.166914
5.231334
5.1236124
5.175236
5.1788383
5.192378
5.159196
5.259166
5.164679
5.2361183
5.165614
5.2484384
5.1476603
5.246505
5.1427035
5.241744
5.178479
5.209391
5.1719093
5.293989
5.1960278
5.2969165
5.21454
5.9553127
5.9189854
5.873073
6.062728
5.9399734
6.0243664
6.0320797
6.013548
6.056921
6.0063424
6.089898
6.0357337
6.0792627
6.035919
6.0831985
5.9997272
6.068473
6.0218267
6.0977
6.0134773
6.053005
6.008409
6.050873
5.974123
6.0379477
4.7845993
4.5926285
4.6467075
4.589563
4.632928
4.5610213
4.6146803
4.5680866
4.6086555
4.611045
4.5916114
4.6185203
4.6378694
4.6193633
4.5065355
4.5463023
4.571862
4.722139
4.5280833
4.590963
4.565371
4.685972
4.5366316
4.6459527
4.62705
4.634313
4.5842066
4.6444964
4.516981
4.5540347
4.6576743
4.5500255
4.6762075
4.545376
4.661225
4.522878
4.6478834
4.5163965
4.6543713
4.4915586
4.6307297
4.4971094
4.6039486
4.5587654
4.5865474
4.5430565
4.5364494
4.5690947
4.5021954
4.5453267
4.3567514
4.4817295
4.43165
4.43423
4.424468
4.40248
4.4203115
4.2617283
4.4976172
4.178958
4.400754
4.1963243
4.190385
4.1229095
4.2617292
4.1332297
4.205224
4.148401
4.139161
4.1982403
4.2036996
4.3598366
4.2935576
4.3546767
4.4303126
4.40008
4.574913
4.732166
4.750224
4.7340693
4.655963
4.687414
4.637112
4.679247
4.671342
4.7950163
4.882907
5.0162125
4.948503
5.0052233
5.1222544
5.1548986
5.270379
5.163376
5.2642665
5.2475505
5.3592057
5.437564
5.436452
5.4914937
5.546461
5.5529532
5.5853276
5.562254
5.5924935
5.554723
5.603182
5.6273484
5.6252065
5.794458
5.5844088
5.7789636
5.6859794
5.7538776
5.69085
5.7694817
5.772907
5.7263546
5.7794247
5.838748
5.853061
5.824054
5.8387628
5.7676606
5.8400507
5.8440747
5.8691154
5.8328094
5.886965
5.9275627
5.9087453
5.914819
5.9540615
5.8640356
5.968278
5.912858
6.0810146
5.9603133
6.1293864
6.0019126
6.1848965
6.0077868
6.2547274
6.083722
6.2403336
6.127717
6.262775
6.10971
6.2632346
6.125775
6.2858167
6.1425443
6.074447
6.120171
6.0409827
6.048686
5.9900947
5.990166
5.8893185
5.8550763
5.693847
5.6979265
5.6420937
5.626448
5.550296
5.4932556
5.443558
5.4931765
5.5019455
5.5172772
5.630119
5.679424
5.633294
5.6643457
5.6049824
5.6138525
5.615854
5.6458592
5.6848483
5.70212
5.699115
5.605784
5.6370606
5.641203
5.6081133
5.586672
5.675914
5.6240315
5.6603575
5.6407886
5.6370873
5.6497297
5.6350083
5.6913505
5.5926237
5.629066
5.560863
5.571305
5.544615
5.5370626
5.4824405
5.521917
5.5444784
5.440259
5.6297245
5.4232383
5.447947
5.3214965
5.3857365
5.338224
5.3964696
5.3717794
5.385873
5.360649
5.396708
5.4195046
5.408175
5.4251757
5.395049
5.3807497
5.4211507
5.459824
5.3611484
5.4132214
5.3484445
5.253087
5.3264136
5.2781906
5.241932
5.2850137
5.275173
5.2289023
5.1616406
4.9677567
5.100217
5.005743
4.990287
4.919507
5.1066117
4.860275
5.100402
4.8223076
5.016158
4.89665
5.0404806
4.9509444
4.9564266
5.001126
4.905694
4.8983774
4.9484673
4.935599
4.875749
4.940142
4.90351
4.948377
4.911678
4.8811073
4.8693047
4.8636055
4.843133
4.8708305
4.7453427
4.861914
4.7753677
4.7717094
4.7923574
4.821638
4.8038473
4.839904
4.771774
4.762357
4.7676234
4.7490993
4.7193813
4.7789755
4.717374
4.6935906
4.8100424
4.7831798
4.777437
4.697452
4.70263
4.7568736
4.707718
4.800443
4.712523
4.7537904
4.704808
4.779274
4.764981
4.865288
4.820385
4.838784
4.8242335
4.802295
4.8397117
4.774902
4.8528166
4.815567
4.8891916
4.7518406
4.889175
4.773332
4.851926
4.9027743
4.9128385
4.8578835
4.9436646
4.930423
5.006791
4.9583864
4.9522805
4.89994
4.8587184
4.8285203
4.864789
4.806937
4.8535547
4.8189797
4.8711023
4.801593
4.7888184
4.8306913
4.7984548
4.883611
4.80904
4.9301
4.754884
4.782498
4.773795
4.888795
4.750619
4.891062
4.7415133
4.835396
4.685342
4.807368
4.700787
4.788931
4.6727257
4.786383
4.660761
4.779507
4.6828785
4.8021545
4.6889915
4.809533
4.706003
4.719584
4.71412
4.7060785
4.6916456
4.712527
4.756689
4.750384
4.8503566
4.7412696
4.8321075
5.7497654
5.84482
5.8176513
5.784924
5.8128033
5.892592
5.8196797
5.893103
5.8012166
5.8895154
5.8380466
5.9090915
5.828427
5.9695873
5.8652725
5.9627595
5.836045
5.921015
5.9051433
5.9418836
5.9120297
5.958424
5.8987603
5.988396
5.8954897
5.971451
5.9228234
5.94119
5.883918
5.9670367
5.853699
5.941193
5.879155
5.9855857
5.936336
5.9898267
5.8856945
5.9889784
5.916509
6.015968
5.9645114
5.980495
5.9842873
6.043598
5.9593167
6.0165524
5.9606147
4.2763443
4.303946
4.3454223
4.234324
4.2520843
4.174798
4.2546716
4.2149005
4.2803407
4.201518
4.2800417
4.263916
4.2645893
4.2528048
4.15118
4.214023
4.197668
4.160955
4.163941
4.2786484
4.194051
4.2499723
4.193855
4.2317934
4.2571406
4.2728148
4.3238754
4.243305
4.2504373
4.248808
4.2055683
4.2427735
4.2372465
4.3103914
4.2651997
4.335799
4.398356
4.348656
4.327824
4.3396482
4.3529577
4.338697
4.3560605
4.3048177
4.386659
4.4202776
4.424036
4.3861027
4.363009
4.307483
4.3041916
4.281269
4.2757688
4.2978697
4.266449
4.2516303
4.173889
4.2320137
4.3155546
4.310453
4.3124
4.2779055
4.3126755
4.3808045
4.408057
4.402337
4.32699
4.2927947
4.263751
4.2874146
4.3152437
4.2704725
4.30193
4.2877555
4.222429
4.0496087
4.104495
4.03372
6.124006
6.256481
6.1956444
6.1431503
6.237562
6.177445
6.2259607
6.138481
6.278043
6.2077646
6.2673373
6.1405287
6.2601314
6.165179
6.240889
6.268051
6.2261205
6.243088
6.2975965
6.289118
6.216717
6.3029394
6.3060107
6.319115
6.3078547
6.258171
6.2597227
6.2577634
6.1433372
6.196257
6.226583
6.484438
6.8312306
6.9430547
6.888994
6.9048996
6.8965874
6.633591
6.520344
6.4809847
6.3749304
6.3179874
6.2422624
6.175219
6.156708
6.307181
6.1233673
5.9961505
6.0437183
6.018153
6.027401
5.9337864
6.059293
5.9598875
6.08329
5.954817
6.084521
6.0218124
6.1316133
6.0221043
6.249961
6.2854147
6.253506
6.3457923
6.296554
6.3592653
6.4520693
6.462929
6.5237265
6.488722
6.543527
6.6076064
5.437337
5.266243
5.3349667
5.4001284
5.4082384
5.3604918
5.311441
5.2934546
5.328305
5.3480654
5.340095
5.307411
5.3668284
5.3016634
5.344723
5.361751
5.382926
5.3825607
5.3757935
5.3735332
5.3964
5.3786054
5.4120913
5.381537
5.386466
5.434493
5.426971
5.4664373
5.4200606
5.509834
5.4282136
5.5382776
5.4328766
5.473791
5.448769
5.483756
5.499567
5.4967837
5.447321
5.5302114
5.482025
5.516773
5.5163326
5.518356
5.5322127
5.5870156
5.562473
5.550517
5.5526104
5.563633
5.5517507
5.5254235
5.5617046
5.584894
5.64006
5.6474814
5.63281
5.641378
5.7008076
5.749521
5.754044
5.7483325
5.63781
5.771452
5.684261
5.7872195
5.7458496
5.8289576
5.734916
5.7579193
5.6867576
5.725179
5.710029
5.7699223
5.734748
5.785721
5.746573
5.819816
5.6593103
5.786275
5.6852064
5.7965474
5.6923027
5.792118
5.706106
5.7858877
5.688324
5.7665844
5.6465716
5.678925
5.642434
5.695424
5.681931
5.6676784
5.6442165
5.625994
5.623007
5.586957
5.6354527
5.6041975
5.602929
5.679174
5.686043
5.677718
5.7144914
5.8053064
5.6643867
5.809934
5.704061
5.762485
5.663492
5.7573752
5.672842
5.811988
5.743109
5.831607
5.774106
5.8464975
5.810212
5.816325
5.792251
5.769829
5.747948
5.8090405
5.7056293
5.7610016
5.755104
5.643753
5.7660265
5.5961123
5.785347
5.6841083
5.760024
5.5612135
5.7389326
5.589762
5.715004
5.5243993
5.7110143
5.571233
5.71382
5.5463133
5.7199116
5.5725093
5.7234335
5.531774
5.7070174
5.5878983
5.728593
5.5600114
5.71786
5.5255375
5.7889795
5.5881906
5.6987486
5.5653515
5.6448574
5.6546755
5.6194677
5.580689
5.5754433
5.5188417
5.5721426
5.529767
5.5691752
5.55697
5.5845704
5.558222
5.576102
5.5466304
5.5574007
5.5455794
5.5296354
5.544796
5.521497
5.5840197
5.5891633
5.4834623
5.683034
5.531202
5.5783253
5.482172
5.5604577
5.452654
5.5516148
5.440809
5.5327654
5.451854
5.523315
5.4419355
5.4987664
5.408721
5.4769716
5.358671
5.4576817
5.3879194
5.470877
5.371589
5.474972
5.3867226
5.43009
5.3894157
5.3941565
5.372394
5.3574657
5.422992
5.4191613
5.445285
5.3692427
5.396082
5.2786884
5.328585
5.2968774
5.2761517
5.2176733
5.2998605
5.2583976
5.3085103
5.2839856
5.327993
5.2395515
5.2968373
5.2892065
5.27703
5.28261
5.312744
5.2626057
5.2883215
5.249258
5.323967
5.253092
5.3254094
5.235808
5.2701855
5.2682905
5.261062
5.2973576
5.263748
5.320442
5.2692084
5.339791
5.3062773
5.331607
5.3099847
5.35178
5.3302794
5.3975015
5.3607316
5.3846655
5.3741736
5.475711
5.414323
5.4127502
5.405408
5.4911685
5.4306116
5.4603906
5.4215584
5.4417562
5.388304
5.4079857
5.3731384
5.3818564
5.40862
5.407142
5.4319286
5.4452963
5.4426465
5.5506926
5.515863
5.5549564
5.4813075
5.6166306
5.5152025
5.591678
5.633966
5.659895
5.560419
5.5696716
5.553627
5.624166
5.5964813
5.702985
5.6617317
5.7782035
5.6647353
5.696622
5.705865
5.6604996
5.7060914
5.654361
5.6166277
5.692843
5.5886507
5.667864
5.5936146
5.6186576
5.675393
5.648056
5.658312
5.6672406
5.666706
5.778945
5.707481
5.81856
5.8074627
5.8130264
5.864214
5.810847
5.692616
5.732115
5.7261167
5.7893147
5.7095656
5.7158265
5.7162905
5.571984
5.766448
5.602349
5.788422
5.599888
5.6807566
5.623141
5.679572
5.5856605
5.672303
5.5735765
5.6835065
5.514078
5.6271086
5.5951962
5.528696
5.535537
5.447784
5.541593
5.4443913
5.530456
5.3873005
5.566203
5.4722524
5.4731565
5.488551
5.544896
5.5482626
5.518708
5.6054606
5.6474595
5.638114
5.7265778
5.7602515
5.7563314
5.7120633
5.7440605
5.81227
5.885985
5.8000956
5.6413684
5.76291
5.6831794
5.6842704
5.6853385
5.672534
5.7744665
5.7581587
5.75129
5.750496
5.8465877
5.730002
5.860609
5.726404
5.8510103
5.6948013
5.876299
5.8051877
5.8314114
5.954941
5.871253
5.927547
5.914324
6.006475
5.9150844
5.9694552
5.925149
5.8888645
5.93461
5.9338684
5.813813
6.055156
5.904412
6.0578513
5.743295
5.8208528
5.7329926
5.9436765
5.81564
5.8722534
5.80177
5.856168
5.866886
5.830468
5.8364506
5.8563404
5.9270134
5.7762184
5.910016
5.7621636
5.774563
5.738156
5.8654094
5.7256145
5.8654637
5.7196746
5.8564653
5.6250334
5.7984543
5.6771755
5.860376
5.7315125
5.849899
5.6990047
5.870155
5.709079
5.8210053
5.7234936
5.7605934
5.779491
5.872795
5.8364797
5.9129033
5.8400674
5.9759517
5.8425393
5.965311
5.826317
5.83679
5.7535033
5.845263
5.8849173
5.811157
5.787335
5.702363
5.7806525
5.7530055
5.8414016
5.774762
5.786037
5.8396325
5.85139
5.7917295
5.8263655
5.7741613
5.8394427
5.7924232
5.7661643
5.753178
5.6828127
5.7184973
5.631362
5.644097
5.6366777
5.6629643
5.6054907
5.528658
5.56527
5.517171
5.5014114
5.526559
5.54531
5.501651
5.562377
5.545505
5.4774303
5.5412855
5.6063986
5.5868936
5.5728498
5.6373715
5.5603228
6.220209
6.3128023
6.2576976
6.289194
6.29433
6.359943
6.4866924
6.4854765
6.47887
6.571999
6.5954037
6.6647015
6.56053
6.584056
6.7078567
6.694547
6.7211175
6.8506007
6.8078136
6.799207
6.7436547
6.674422
6.607027
6.600723
6.536856
6.37746
6.405114
6.297646
6.320769
6.2956185
6.3787813
6.3823123
6.452927
6.381408
6.381964
6.4099054
