10000
7.7511854
7.733629
7.474723
7.29123
7.189451
6.899268
6.5796366
6.540386
6.6750393
6.9069085
6.9860935
7.1260295
7.169151
7.1728883
7.251565
7.314821
7.158781
7.038637
7.1956167
7.1991615
7.6444273
7.7098775
7.595896
6.926892
6.2345133
7.2090306
7.5741563
7.577406
7.414347
5.995137
4.151941
4.1454506
4.70093
4.7016325
5.0813627
5.3294888
5.3361225
5.284317
5.2438927
5.1322308
5.0632715
5.1216145
5.463865
5.10674
3.5576272
3.5970469
3.8258064
4.1079087
4.563107
4.876162
5.572939
6.012219
6.2252274
5.797317
5.133856
4.914027
4.8047934
4.877398
4.798548
4.812129
4.8228126
5.025633
5.3100214
5.3612556
5.7282343
6.003522
6.225715
6.151781
6.053943
6.278739
6.4073887
6.4292088
6.4691677
6.860538
6.8823614
6.929844
7.1424966
7.404084
7.3064623
6.8566847
6.175354
5.080099
4.950959
5.3582826
4.8007617
4.410589
4.061494
4.1793723
4.2832956
3.774909
4.0338535
4.411779
4.658671
4.0579143
3.4425251
4.3344693
4.728033
4.9999347
5.127862
5.1157913
4.663793
4.059255
5.18062
5.6516886
6.4642563
7.291412
7.8583555
8.186056
8.40436
8.327104
7.7188654
7.7366085
7.9013147
7.322845
7.0973806
7.0762715
7.248002
7.6540947
7.723835
7.489072
7.2767878
7.152951
7.519344
7.9102135
7.746313
7.676855
7.6484857
7.56763
7.50856
7.400343
6.9856396
5.9227266
4.408613
3.619962
3.53886
3.1194513
2.6939807
2.6970801
2.4626906
2.5978441
2.570562
2.4762704
2.4753246
2.7815647
2.2890358
2.5625083
2.5663989
2.2759771
2.555652
0.6994495
0.70411897
0.6949462
0.7186287
0.6838951
0.6959665
0.6949597
0.7099865
1.0389116
1.2250309
1.2960407
1.1412028
1.1199514
1.0485622
1.0300392
1.0462606
1.0789782
1.0262984
1.0460018
0.9530133
0.8463835
1.0954652
1.0514405
0.99827594
1.0386001
0.99666095
1.008872
1.0509473
1.0713627
1.0291374
1.1484131
1.1505381
2.4733264
1.1676326
1.1287764
1.1060352
2.7017844
2.1815999
1.060536
1.4052262
2.579903
2.5056255
2.4393544
3.3798664
3.6528451
3.9368753
3.5523736
2.158012
2.6291254
2.181443
2.2913108
0.84438497
0.8017014
0.77724034
0.6839944
0.689487
0.5780541
0.6993567
0.7730476
0.56895477
0.6042911
0.633457
0.614131
0.7347958
0.8517738
0.8009998
0.7694679
0.86823565
0.8661725
0.80191433
0.81852335
0.85110974
0.7991304
0.79535645
0.87356806
0.8628392
0.8735749
0.79697067
0.8118193
0.8131394
0.7861454
0.91491985
0.87759256
0.8671589
0.83799106
0.88836807
0.9078148
0.8898181
0.8836204
0.9100212
0.852483
0.8488031
0.76095223
0.77618164
0.7573704
0.71772784
0.7460646
0.7453231
0.7191471
0.70156795
0.71078026
0.7000092
0.72160304
0.7504921
0.7451419
0.71371794
0.9479208
0.84452134
0.80039126
1.0294868
0.82501596
0.78096175
0.6030294
0.64265573
0.6310729
0.6228038
0.46876246
0.5662352
0.49240577
0.53741413
0.98107296
0.8137746
0.6486895
0.6777029
0.68906015
0.6755333
0.7027954
0.7371429
0.66785216
0.6819158
0.6899972
0.6702078
0.7430339
0.74277353
0.779106
0.79969865
0.8292476
0.8551331
0.8710897
0.8613564
0.8682556
0.84690714
0.85096693
0.8420976
0.9337872
0.9214524
0.9561669
0.94875556
0.9707907
0.8736671
1.0299103
0.9607337
0.9273488
0.95881814
0.9290938
0.82101285
0.8120405
0.8003882
0.75738037
0.70058453
0.68921447
0.6996938
0.6456529
0.75637364
1.0523764
2.4591103
2.6635137
3.291863
3.856815
3.8618095
2.7070649
3.1468325
2.6356728
3.3398592
2.649896
3.1013029
3.0326421
3.786733
3.5605576
5.353317
5.577879
5.719389
5.676649
6.686893
4.0308795
4.5585475
4.2017817
3.8580012
3.8673782
3.8981338
3.477204
3.4743025
3.7400436
3.8130555
3.4700043
3.040901
2.731304
3.5861905
3.446893
3.7223277
3.6216242
3.9191601
3.9755194
3.9824226
3.827183
3.8769526
3.7640355
3.7352958
4.2996945
3.2644937
2.9784794
3.195115
3.212729
3.0505056
3.4372077
4.5439153
4.2958994
4.2269626
3.7167077
3.1994894
3.4484787
3.6048307
4.2922063
4.866905
4.1102138
4.246349
3.5939517
3.50458
3.510399
3.8849697
4.0680575
1.3586849
0.6228183
0.8816726
0.6943428
1.3827746
1.4337932
4.624347
5.306909
5.181142
4.8885303
4.3386607
4.336025
4.239132
3.8581967
3.397491
3.0912867
2.6362677
2.6790078
2.6564682
2.6462715
2.6242495
2.5530245
2.379059
3.2081509
2.6428323
3.0052536
3.374539
3.4570022
3.858779
3.6151423
4.053114
3.8946314
3.5691192
3.632265
4.6881657
5.3705964
1.1735444
1.6632118
2.4059758
2.7205675
3.3596246
3.6926863
3.8942773
3.9189022
4.181815
4.107411
4.2773333
4.4925513
4.754057
4.6210804
4.3952675
4.4658046
2.8590631
4.612266
4.853452
5.201705
5.489909
5.4046974
4.8875084
4.8214793
4.28573
2.857821
4.318065
5.8457985
5.0900025
3.6419795
3.0782733
2.9980803
4.0765696
1.8783185
4.5327883
4.3503003
3.728808
3.869277
4.3522067
3.1670249
3.1747198
3.285576
3.2257745
4.5700326
2.3794959
2.449918
3.9323416
3.4421692
3.136939
3.4314606
3.505484
3.5740278
2.8442478
3.0506542
3.3583715
3.0531123
2.469218
2.3772893
2.360576
1.0535303
1.0099968
1.2819396
1.3170422
1.366111
1.3542591
1.2634034
1.414796
1.4519727
1.3614417
1.232667
1.2299994
1.2231063
1.067824
1.1941186
1.0653255
1.0321112
1.009549
0.9829959
0.94490886
0.88223755
0.84838426
0.85262126
0.8435268
0.81330895
0.7731202
0.8255543
2.1588202
3.3666513
2.9143026
2.7822602
5.134963
5.0775237
4.7934146
3.6443007
4.0439463
2.9944422
2.3983836
3.2656238
3.7335515
3.7442162
3.5179112
3.5169706
3.7203746
2.8122087
2.68509
2.580664
3.4247394
3.5697196
3.7177422
3.8600228
3.8110175
3.3922992
3.0362222
3.1673656
3.2414014
3.3465781
3.904472
4.334966
4.8342257
5.357155
5.5155907
3.3568804
4.1769166
3.2257423
4.996132
3.3810916
3.5249245
3.5316224
3.4625514
4.077985
4.1348805
4.147141
4.248833
4.215511
1.4371778
2.480002
3.0315592
3.3759847
3.2802563
3.2222261
3.2012858
3.2924998
3.7631845
4.010687
3.7059715
4.4984913
4.4423943
4.7418165
4.6843863
4.343559
3.8606734
4.5165524
5.1143064
5.3963857
5.5929365
6.2343445
6.3920584
6.8644824
6.71962
6.335889
6.0149803
5.780616
5.8726635
5.8664346
5.8034215
6.181302
6.0843906
5.6703033
5.2122416
4.9845495
4.7622223
3.4737542
3.7914474
4.3733497
3.7800782
3.6883714
3.574631
3.916833
4.0375423
4.575315
4.880754
5.198798
5.4816866
5.7206645
5.402122
5.6582313
5.172088
3.962536
3.5657325
3.7956557
2.7334316
2.9830375
2.7174468
3.1669075
2.7953598
2.6326056
2.5621474
2.4851325
2.4070463
2.3383656
2.3920789
2.4635544
4.270848
2.026067
3.9300573
4.1105747
4.067033
3.5906177
3.6800327
3.3694515
3.4404132
3.6740396
3.6894464
3.5895226
3.515256
3.010123
3.0963442
3.8276935
3.7916038
3.4475632
3.8799114
4.6251264
4.7536383
4.703372
4.833953
5.0077906
5.0594325
5.15751
4.9359927
4.90487
4.6768804
4.534257
4.342866
4.2308083
3.915481
4.188863
4.1984816
4.044939
4.107237
4.219466
3.91254
3.8797
4.0175595
3.736209
3.9177532
4.0711613
4.1240206
4.173172
4.043288
4.0109344
3.8527298
3.9798436
3.939558
3.9763386
4.026975
3.8300574
3.9031963
3.6558213
3.7532737
3.6161976
3.551166
3.4236276
3.4158516
3.374983
3.1306593
3.07808
2.998844
2.948391
2.993215
3.2092206
3.353441
3.2262948
3.4980407
3.2660685
3.477922
3.6231773
3.8788393
3.580128
3.7133687
3.3642685
3.5423365
3.8212469
4.00411
4.169625
4.2269793
4.352544
4.882516
4.6231337
4.868108
4.9453716
4.660115
4.769594
4.084229
3.7258475
3.6569047
3.6981516
3.6051912
3.6284046
4.2212644
4.29274
4.534585
4.598095
4.560433
4.349043
3.9897187
4.316784
4.203494
4.1931643
4.0004807
3.9280672
4.109102
4.1711683
4.375969
4.6133575
4.5638905
4.566731
4.6460304
4.809198
4.710404
4.915304
5.0494313
4.9752455
4.7269964
4.1754594
3.807295
3.5690198
3.6292975
4.1612315
2.9981143
3.5488584
3.5838072
3.5519907
3.4356437
2.805909
3.9402068
4.3458767
4.2430673
3.9157505
4.1688643
4.8656173
4.26282
4.0836735
3.2154005
3.7278168
4.305834
4.4571085
4.6618032
5.102866
5.3417788
5.125126
5.15489
4.773024
4.912891
4.290381
2.800824
3.3441777
3.7723935
3.872756
3.4833813
3.549719
3.5483427
3.5169272
3.642817
3.6706011
3.8589761
3.829533
3.8215828
3.773496
3.4759495
4.079783
3.7861795
3.7438483
4.17601
4.0369534
3.853788
3.7706327
3.7447338
4.125163
3.7832112
4.1959047
4.2654247
3.7556078
3.6000254
3.9016533
3.4549685
3.4570086
2.6358294
3.2239335
3.803525
2.3786392
2.4055688
3.6400697
3.0361795
2.9997113
2.9159942
2.6869085
2.4914005
2.3176017
3.221918
3.346668
3.68999
3.548624
3.5152903
3.4081676
3.3796387
3.3861885
3.52699
3.332305
3.4392025
3.4685445
3.4697554
3.7178478
3.6633224
3.4328713
3.4151318
3.9805617
4.576679
4.355662
3.9437008
3.4967868
4.234334
3.8660727
4.1650343
2.5612597
0.81743664
0.53017914
0.60584843
0.6038377
0.6319467
0.46283966
0.4950707
0.21722986
0.21203443
0.1630542
0.10760419
0.20994422
0.19627143
4.261597
4.213933
4.1769514
3.8901367
0.27122515
0.2751979
0.30593717
0.27513212
0.3077933
0.35915834
0.4177133
0.54032826
0.46875808
0.43716815
0.45120814
0.47936293
3.3887126
3.5015502
2.8754606
0.3005098
1.9452529
0.2128389
0.19733037
0.12127299
0.25258285
0.3994756
0.39297664
0.48766723
0.44718662
0.46504945
0.39145428
0.36553615
0.34778872
0.6130242
0.36654848
0.44220075
0.38017362
0.3581756
0.3728474
0.33156317
0.3272004
0.3576594
0.35066923
0.4496939
0.3641072
0.41756615
0.4734207
0.551324
0.342672
0.4227755
0.42186883
0.6125415
0.53771496
0.4514508
0.49733832
0.50438386
0.5296782
0.5246737
0.5241508
0.48022234
0.47235787
0.44963682
0.48593092
0.46715677
0.44651973
0.5104164
0.58615994
0.5530931
0.6249177
0.7718925
1.0405216
0.68053097
0.9615015
0.9561463
1.0850321
1.3350823
1.4889934
0.6174872
0.93332034
1.1187234
1.151759
0.9973614
0.60769725
1.5796766
0.63141423
1.4305419
1.5029042
1.6439365
1.3475268
1.4997895
1.2226126
1.1224322
1.7805458
1.7422832
1.7046866
1.6986909
1.7353442
1.6863974
2.787351
4.824221
4.6875014
2.657473
2.4180152
2.252472
5.912131
4.1371484
1.9763609
1.3479209
1.3317223
1.3817
1.3792763
1.3705662
1.3594012
1.404059
1.21271
1.1999978
3.9335833
4.2824616
3.0480576
3.2617817
3.8622258
1.2208362
0.47289968
0.5203325
0.5787239
0.71651405
0.7606358
0.69361514
0.7688721
1.005565
0.6459178
0.5504972
0.34947518
0.5503732
0.78206646
0.8648025
0.6534527
0.5867498
0.5351994
0.6418201
0.64115983
0.3918072
0.49063686
0.38585892
0.41101378
0.38173723
0.62401474
0.60408634
0.610716
0.66188693
0.69703287
0.61390793
0.52921796
0.63425386
0.7565408
0.6584037
0.9683685
0.72092634
0.55005515
0.66427636
0.6282906
0.47416422
0.40594652
0.6319217
0.54253906
0.52487594
0.47894302
0.6448707
0.4340563
0.4769897
0.47208205
0.43137562
0.45644876
0.40278268
0.41347936
0.44259545
0.3820927
0.38442484
0.46489018
0.43338743
0.5135013
0.54421985
0.62071544
0.6205555
0.6384521
0.52957344
0.60528666
0.558114
0.6176856
0.7767143
0.8735591
0.74858785
1.2828821
0.65467
0.74494463
0.7985468
0.9246354
0.9820874
0.9986166
1.02704
0.96286297
0.7994719
0.99902254
0.61333746
0.710846
0.92152125
0.85135835
1.012536
1.0593307
1.0513957
0.94765145
1.0129201
0.7612243
1.0440524
0.8453121
1.0864658
0.9624234
0.9695069
1.0998732
1.0912983
1.0310123
1.2063345
0.97973335
0.85723186
0.9451061
1.10749
1.0655301
1.3630245
0.90320456
1.0320921
1.0134895
0.7989595
0.7585015
0.8020305
0.7844108
1.1710644
1.1483204
1.2205848
1.2338586
1.1981193
1.044178
0.99198604
0.99514747
1.0288675
1.029965
1.0117337
1.027634
1.0003935
0.9859911
0.9745628
1.0169067
1.0439472
1.1186087
1.0788959
1.0193447
0.9943314
1.0068663
1.0133108
1.0208826
1.1586382
1.1485829
1.1463912
1.241637
1.2573513
1.2965658
1.2869914
1.4196007
1.5803883
1.4195976
1.3188543
1.4357569
1.414022
1.4180733
1.4264641
1.3131342
1.3055748
1.3176488
1.3098301
1.2861334
1.2715877
1.2848794
1.2845293
1.1401855
1.1442622
1.091233
1.1131752
0.9328472
1.0677887
1.0758233
1.1229576
1.1287491
1.0808122
1.1145138
1.0882087
1.1084771
1.101508
1.1027347
1.211039
1.2037611
3.6921587
3.2659874
3.38491
1.6729553
1.3658499
1.4084983
1.4673826
1.5485934
1.528456
1.423445
1.444973
1.4230525
1.3829648
1.2374656
1.2722554
1.1779661
1.285047
1.2753338
1.2653574
1.1185406
1.0673642
1.0069565
1.0433637
1.1229179
1.179803
1.2252673
1.2219864
1.2229391
1.134132
1.0034649
0.9957153
1.0505166
1.0473787
1.0418907
1.0493802
1.0649782
1.2248617
0.97701705
1.2219062
1.0125822
0.9960756
0.9575759
0.91576505
1.0286561
1.1232053
0.9281104
0.9550412
1.1225177
1.0451452
0.9374884
1.0138942
0.91708547
0.88463163
1.0260801
0.98512363
0.97497314
0.903513
0.99136406
0.94379914
0.9043455
0.86821616
1.1683964
1.107776
1.0849925
1.0398239
1.1338087
1.0735781
1.2450234
1.2928439
1.2413421
1.1730328
1.2727759
1.2963201
1.3736995
1.2949114
1.3203158
1.3956987
1.3532364
1.3127012
1.2619722
1.5126499
1.5702486
1.6162363
1.5616148
1.6281552
1.6167123
1.6647743
1.6942332
1.7452871
1.7088245
1.6539352
1.6249274
1.6988742
1.7422291
1.5549048
1.7070781
1.726906
1.6854335
1.6384665
1.738931
1.7413988
2.1282866
2.26735
3.1364684
3.001237
3.509205
3.590004
0.9459162
1.2891217
1.4365466
1.418407
1.3801905
1.333238
1.2770475
1.1553825
3.6494222
3.989474
2.4655933
0.8393905
0.8213037
3.2620642
2.5755234
4.6460953
0.65335584
0.7458752
0.7945348
0.71519744
0.81563663
0.8994502
1.009838
0.96970356
0.92287046
1.2401706
0.9811981
1.4386168
0.88947576
1.003239
1.0723916
1.1098332
0.9513028
0.8559764
0.92345816
0.8222517
0.70250005
0.73674273
0.6666137
0.6607776
0.52527
0.50412023
0.46684012
0.64635456
0.71941084
0.7552364
0.7390207
0.6882986
0.83027345
0.39121553
0.3122919
0.33199978
0.36221004
0.32916483
0.28029254
0.51019
0.725494
0.85128725
0.8417721
0.8277149
1.39766
1.044286
0.9886723
1.3515509
1.0480329
0.90022326
1.3220112
0.99896204
1.0279865
0.9405955
1.4027556
1.4225951
1.4382436
1.2443769
1.5022765
1.240475
2.2270246
3.91124
4.229376
4.0573487
1.0636253
0.98996973
0.9532606
0.957098
0.91045433
0.78049433
0.6086191
0.51516974
0.76310337
0.77492887
0.97903687
1.0647621
1.2077843
0.8748293
0.7377538
0.9658843
0.7072667
0.5400537
0.74004996
0.56324023
0.51821345
0.4632648
0.38461936
0.48570856
0.4873589
0.51151574
0.40218386
0.2306912
0.21623497
0.41741455
0.34240744
0.29527923
0.40072057
0.68648607
0.61455184
0.8662176
0.7227372
1.1500987
0.63058376
0.58689237
0.5497298
0.60007876
0.8831445
0.62502265
0.6460342
0.7686962
0.7139421
0.66908586
0.96757555
0.49698558
0.8401929
0.6431606
0.5446489
0.54605186
0.530187
0.51002663
0.52827626
0.53172594
0.55882263
0.50061834
0.4273088
0.4515374
0.40537348
0.6324037
0.59085035
0.59681225
0.46456257
0.511439
0.35438636
0.5711897
0.70032096
0.9441411
0.46351838
3.7906606
2.8647542
2.616825
2.5444286
2.9846137
2.204213
0.09868854
0.113459565
0.7134332
0.15795273
4.044393
4.087812
0.2743844
0.31399816
1.3220208
1.4732515
0.3097264
0.07087136
0.12951359
0.10600519
0.1581524
0.1688523
0.15859587
0.10854905
0.10706916
0.09430254
0.07881246
0.089467436
0.4524815
0.2555817
0.9425726
0.0211387
0.14280152
0.1603932
0.15452409
0.1689302
0.12287738
0.13839832
0.18151046
0.15527745
0.15608591
0.1630436
0.14385389
0.3181197
0.2132376
0.2664557
1.9234252
0.2916485
0.26671654
0.5465717
0.4865235
0.79562974
0.8382489
0.32423532
0.33817956
0.35674682
0.3403447
0.34057832
0.29184604
0.41506633
0.3012637
0.27930936
0.27988005
0.37169752
0.26642448
0.30262527
0.33928204
0.32169494
0.33662805
0.28150105
0.33113414
0.41248947
0.359564
0.36099082
0.40642622
0.34906927
0.4093878
0.4512628
0.45001394
0.3855149
0.3603824
0.34850204
0.35267445
0.3637049
0.353547
0.43313995
0.38609946
0.36215898
0.39580452
0.3704211
0.39876544
0.3822819
0.34847525
0.46303213
0.4356001
0.4035021
0.46029997
0.50599253
0.5066715
0.5707928
0.49335164
0.50547487
0.5558324
0.54881895
0.5162442
0.4840204
0.4583529
0.48704317
0.5092136
0.47416538
0.50884056
0.5892758
0.5395931
0.44579852
0.47917792
0.6177702
0.6703062
0.5988026
0.65779275
0.69711584
0.49798864
0.45445064
0.69497633
0.4437578
0.41020945
0.42085764
0.542565
0.6215209
0.6523378
0.6656694
0.77042234
0.64850533
0.5336449
0.51572615
0.6225929
0.5975394
0.5595617
0.57486314
0.49604642
0.4621053
0.44705188
0.40533578
0.37686062
0.48164055
0.5109759
0.6448502
0.609061
0.5786533
0.576836
0.58819467
0.6054721
0.59884083
0.5714671
0.5961706
0.5695089
0.46512014
0.5044099
0.52623963
0.5108715
0.44909403
0.4662945
0.48049167
0.46793905
0.48697427
0.4498633
0.44411287
0.4047641
0.4269197
0.46053654
0.46992993
0.3855834
0.42385304
0.34983197
0.37844428
0.4789364
1.1717596
1.1049814
0.9021676
0.8203702
0.8297713
0.8422493
0.769671
0.7893284
0.86205184
0.8965128
0.9019876
0.9202335
0.9173574
0.88880455
0.91048926
0.8971647
0.908198
0.9688366
0.96320033
0.93544817
0.9775513
0.97169757
0.963302
1.6990569
1.6949689
1.7545862
1.7585489
1.7933116
0.95186555
0.93369234
0.93782264
0.96314967
0.82589453
0.89959407
0.92558026
0.94947827
0.8705078
0.88381225
0.83263004
0.81422895
0.7744465
0.7616719
0.723495
0.71227014
0.6990087
0.6645593
0.6609076
0.6728121
0.654963
0.6645382
0.6803259
0.59837216
0.732562
0.9071084
2.8507848
2.8832538
3.1410453
3.9344158
3.9236512
4.2083044
4.2556663
4.4418154
4.85573
5.117931
5.375243
5.219494
4.9944415
4.608258
3.725936
3.743669
3.951682
4.39032
3.9025958
3.6731832
3.4061801
3.491325
3.5882313
3.4498017
3.3320076
3.58395
3.808605
3.7837212
4.032725
4.217421
4.311162
4.2067566
4.1126637
4.0440273
4.1256585
3.9431462
3.8938835
3.4051359
3.2471793
2.9812555
3.2961478
3.4581661
3.6198764
3.7245514
4.0708885
3.2622228
4.282234
4.2779427
4.23557
4.072786
3.6113052
3.52653
3.5744052
3.8428855
3.8432734
3.8851812
3.4764962
3.4869418
3.540805
3.4643846
3.292227
3.2810988
3.4008393
3.3976536
3.3288383
3.0248451
3.1783197
3.258675
3.3432913
3.2089007
3.2060986
2.9371703
3.1878064
3.2030544
3.355149
3.444304
3.5724602
3.3272943
3.1507633
3.3170881
3.2425473
3.4190748
3.585234
3.5798826
4.2418504
4.608801
4.7175345
4.795316
4.5015574
5.3786054
3.0774627
2.573848
2.741955
2.8555973
2.8795397
2.5781174
2.8057084
1.6102448
1.5497694
1.6177768
1.6885533
1.7081261
1.7129961
2.1427803
1.8353957
2.0789425
1.5922967
3.3301642
2.8688092
2.7084877
2.7395723
2.6003253
2.8986096
2.6443212
3.1112776
2.6539514
2.5755002
2.1387084
1.2841809
2.5846922
2.5411623
2.4398532
2.7391586
2.2130919
0.8587482
0.9900832
0.98918396
5.0893354
1.0435002
4.9665794
5.0089517
0.84546024
0.93449855
0.91379005
0.90157235
1.1779205
0.9642042
0.8643467
0.86015457
0.8683102
0.82045895
0.8244709
0.8210858
0.82045895
0.8419106
0.7816644
0.7668016
0.69602823
0.69657767
0.7405265
0.73753816
0.70237535
0.70019746
0.69178706
0.6887026
0.6485584
0.60643137
0.6118228
0.6590758
0.6541686
0.64462614
0.68362826
0.66062105
0.57865936
0.5769073
0.56694984
0.6061056
0.5910717
0.6144002
0.6128241
0.611693
1.3823686
0.69329196
0.6881369
0.6766672
0.69154054
0.6869785
0.70851195
0.68258524
0.6883197
0.6872068
0.70371443
0.7262517
0.67751104
0.7071583
0.6863451
0.6805898
0.6401254
0.6386011
0.668291
0.6567585
0.63562167
0.60689
0.7036426
0.712249
0.6785815
0.6236058
0.71783996
0.73920166
0.70845467
0.7103368
0.6954487
0.7291592
0.7331223
0.73583
0.7267702
0.7236648
0.7146027
0.7115754
0.7179244
0.71190554
0.7090133
0.70469004
0.709085
0.7127291
0.71893483
0.71968627
0.7222054
0.72397417
0.7316105
0.72992116
0.7380524
0.71921265
0.71764284
0.72114617
0.7175508
0.7145027
0.7094871
0.7175423
0.7608539
0.73634803
0.70779705
0.79524297
0.7706875
0.834029
0.7961195
0.80121464
0.82600945
0.8020376
0.817839
0.840777
0.93427837
0.9003266
0.92870295
0.9297315
0.8990403
0.8471884
0.8926512
0.8341103
0.8912697
0.88614327
0.9432321
0.9178469
0.8804643
0.9182892
0.8782111
0.8272108
0.9091255
0.98915154
0.99157935
1.0150577
0.9739446
1.1142229
1.5386533
2.7321832
3.8144364
3.5750601
3.2675223
3.1266901
3.171277
3.1585193
3.043724
3.9172442
4.808876
4.5559826
4.47421
4.5344315
4.2858553
3.8724403
3.6242409
3.4873233
3.6705313
4.2792425
4.991217
5.2436743
4.8225765
4.2534065
4.0034285
3.720514
4.067696
4.2833962
4.0672975
4.2065945
3.915672
3.7717257
3.6776783
3.7310302
3.713458
3.861507
3.761043
3.858631
3.4773405
3.512153
3.5482268
3.5236092
3.9821126
4.7291837
3.0677857
3.4750328
4.3609543
3.975946
3.6344042
3.5962255
3.8961883
3.7469695
3.6301992
3.880995
4.016468
3.949844
3.9673445
4.0873537
4.141155
4.0403123
4.045952
4.301357
4.372149
4.2719736
4.132057
4.244828
4.1997805
4.193994
3.4030685
3.2977228
3.9084907
4.737065
3.950761
4.5126104
3.3437169
4.3029146
4.094748
4.0251465
4.2171826
3.8420012
4.2620463
4.085276
3.932538
3.9466233
4.2186785
4.1840105
3.992977
3.082581
2.4911282
1.9583305
4.684642
4.031699
5.27203
5.661741
5.9230404
5.74403
5.692974
5.542305
5.4883595
5.4408712
5.5036063
5.613425
5.9745817
5.7078896
5.4177046
4.9215164
4.671445
4.4443493
4.1200676
3.619494
3.140611
3.166684
2.8059464
2.809839
3.6163895
3.6290123
3.7167165
3.7677214
3.701764
3.8300703
3.3222637
3.5501978
3.4813569
3.3162386
3.6021779
3.683685
3.266021
3.6652498
1.8379368
1.4411095
0.66712046
0.2709839
0.15282625
0.5892929
0.7224484
0.7725464
0.847756
1.1792382
0.77651584
2.1094062
0.6585475
0.692643
0.6781069
0.31226072
0.31754068
0.3573586
0.37500906
0.41335925
0.40133077
0.40185785
0.42514342
0.47302383
0.48917866
0.5378129
0.49514395
0.5086928
0.5316861
0.5924706
0.5905781
0.57866275
0.59021544
0.61054665
0.60453993
0.53747195
0.76579595
0.57958627
0.60956955
0.54015005
0.69623744
0.5047353
0.3978128
0.379073
0.38713133
0.56266993
0.5114068
0.6815835
0.5787409
0.37644222
0.45900354
0.7024296
0.60666573
0.41198528
0.6684488
0.7819797
0.82259244
0.8212468
0.8573821
0.85899556
0.82676774
0.83018494
0.8133879
0.81810385
0.89095986
0.86140007
0.8458203
0.85767335
0.838715
0.8679125
0.8613534
0.8771243
0.8308251
0.7249125
0.7757921
0.5372427
0.6008325
0.48660788
0.43992636
0.59218127
1.7534599
3.8449929
4.479394
4.396441
3.817496
3.2542624
3.4123206
3.5077636
2.9729102
3.5735044
3.5239773
3.2393074
3.3743508
2.9981115
3.4881768
4.1054153
2.4832308
3.336185
3.9126072
3.5744543
3.5818887
3.3925934
3.0999887
3.0831785
3.0859542
3.7948265
4.481571
4.499411
4.0479383
2.821756
3.584076
4.6328773
2.969301
3.28823
3.1405697
3.5898476
3.6618896
3.3403738
3.328934
3.7763312
3.2431135
3.7155216
3.5165253
3.9341552
3.3014271
4.205816
4.7792864
4.3439493
4.834661
3.3177156
3.578569
4.406376
3.7529206
3.4336755
3.1628776
3.86427
4.510334
3.8490722
4.001754
4.9282346
5.0509853
4.588111
2.4086292
2.3124475
3.8767579
3.9897995
4.1087713
3.7758882
4.0211134
3.8291352
3.8605301
3.7991078
3.8620238
3.904393
3.702895
3.8248026
3.8064966
3.8843117
3.7883024
3.8140585
3.6765726
3.5472612
3.9900234
4.0639567
3.4380608
3.875206
3.7890964
3.7270045
3.7147276
3.5307589
3.5028663
3.4511838
3.632821
3.4842248
3.6043537
3.6423311
3.5785341
3.6050649
3.5058131
3.498989
3.7085903
3.578106
4.027839
4.555711
4.9189796
4.996665
5.057121
4.8673964
4.757576
4.8182473
4.630955
4.3681636
4.089463
3.8686283
3.5192685
3.501349
3.520063
3.6879535
3.6723087
3.6550813
3.5591297
3.51905
3.515863
3.598898
3.5697725
3.531634
3.6885471
3.608395
3.5843675
3.8730936
4.0228724
4.2532754
4.3600674
3.607195
3.5908215
3.8139172
3.5886865
3.7752385
3.7781637
3.8796546
3.9341621
3.9871266
4.1010222
4.221439
4.4955406
4.702541
4.745945
4.885866
4.9894624
5.156641
5.292265
5.4074526
5.4315567
5.6251287
5.5765104
5.5585036
5.589758
5.5352297
5.4436035
5.539732
5.4656734
5.3872986
5.4323673
5.7560043
6.2580566
6.048701
5.155726
3.9982412
3.266212
3.0651195
2.883141
2.749571
2.4774146
2.6370063
2.4441817
2.782906
2.8504496
2.806712
2.7511766
2.8269312
3.7938986
4.0196223
3.9956138
3.9670334
3.818662
3.843455
3.5932515
3.5457227
3.6051877
3.5881507
3.6022863
3.6075544
3.6872435
3.6829965
3.716031
3.6997936
3.6958404
3.878815
3.8311117
3.840767
3.9151187
3.8268971
3.8191447
3.7836628
3.7883673
3.8932195
3.8989134
3.8148353
3.8485267
3.839394
3.8640256
3.9515226
3.890717
3.9749544
4.003599
4.0101485
4.041109
4.016879
4.0570574
4.074979
4.0696487
4.210976
4.0521975
4.082011
4.0243835
4.1460853
4.004075
3.8770397
3.6866562
3.7147436
3.4943151
3.0792959
2.671379
2.9414337
3.776431
3.842117
4.1416135
3.6564775
3.9048243
4.1818647
4.065301
4.322637
4.7908435
4.7530866
5.099872
5.287101
3.8903193
4.180314
3.6078691
3.7368543
3.691658
3.9860852
4.254081
4.2201543
3.169449
3.9386504
4.107058
4.4935646
4.770436
3.8819382
3.3144696
3.4203262
3.3092132
3.505866
2.9521613
3.696683
4.9816637
4.5549355
4.9573174
4.9017
4.695391
4.880415
4.7431216
4.83429
4.6630087
4.662192
4.719198
4.831847
4.5606794
4.4949737
4.370078
4.0751348
3.9970243
3.770413
3.6196556
3.462194
3.3823497
3.1742196
3.1228685
3.161098
3.1015463
3.3146427
3.4714282
3.7903743
3.6664355
3.743841
3.7812204
3.8330572
3.7568014
3.7635489
3.8715189
3.7047894
4.021047
3.7729774
3.4231532
3.3523939
3.235384
3.0539107
3.2822661
3.8513768
3.7669628
3.8829901
3.9181252
3.9224124
3.8617525
3.8543963
4.156957
3.0726647
3.827324
3.6870902
3.560359
3.6567376
3.6789854
3.756393
3.8807013
4.03455
4.3296843
3.7638133
4.387534
3.837789
4.77716
3.356408
5.5179768
3.9444602
4.9022093
3.6894748
4.2592993
4.257118
4.4000545
4.790229
4.7574353
4.7934136
5.297053
5.296613
5.690892
5.9939833
5.865286
5.349107
4.908185
2.245846
2.002259
2.2196622
3.1965578
3.1604779
3.3627086
3.3867075
3.3692498
3.3741846
3.3218303
3.11647
3.278375
3.2893484
3.3453693
3.923898
3.7846715
3.689255
3.9599946
3.555563
3.1605349
3.043199
2.9458978
2.9708693
2.9982252
3.3709903
3.14847
3.1028702
3.1597056
3.3378615
3.4834418
3.6505988
3.3451674
3.455164
3.4213507
3.2223747
3.2958388
3.0377479
3.1780303
3.4965599
3.3020692
3.862334
4.3318653
4.458383
4.9250803
4.6246066
4.155586
3.6597924
3.58585
3.463789
3.3969364
3.2720728
3.264376
2.9083796
2.8747354
2.8172383
3.1814692
3.3184426
3.0121047
3.1370013
3.2421155
3.1958175
3.0880811
3.921246
3.9713764
4.017487
4.036339
3.9269373
4.084653
3.7301283
3.1361852
3.171221
3.279136
3.4167697
3.462872
3.5125747
3.4390144
3.4435804
3.4221044
3.4089983
3.4649372
3.501324
3.5844016
3.8839233
4.1189313
4.294574
4.176697
3.8274183
3.5700574
3.5162249
3.381336
3.2830963
3.1734152
3.2328815
3.0854719
3.3690736
3.3434882
3.4935186
3.5187273
3.36064
3.270314
3.2949178
3.1779218
3.3071938
3.328069
3.5306945
3.4773078
3.6202362
3.3152108
3.2938595
3.3031757
3.4528685
3.291163
3.2612205
3.2134213
3.1701722
3.132266
3.21951
3.232663
3.1928496
3.2051964
3.2108972
3.1825705
4.523012
3.3834093
3.2372575
3.19988
3.177821
3.2138343
3.4167752
3.6002185
3.6524332
3.9039245
3.8292725
3.5240438
3.533008
3.513123
3.4514933
3.3876324
3.5479763
3.5243595
3.4475281
3.4626513
3.5062137
3.5264494
3.4769168
3.6358218
3.534595
3.5028195
3.573566
3.5110326
3.4895658
3.4749315
3.5557668
3.479336
3.4914896
3.630724
3.4502938
3.4050205
3.317268
3.2036378
3.3114347
3.2587197
3.2733407
3.3948743
3.5513175
3.6969419
3.4715793
3.3741868
3.2885003
3.3823001
3.634034
3.882472
3.7792075
3.6277578
3.3855402
3.2790065
2.9397106
2.7128544
2.7613757
2.8018882
2.923728
2.8208365
2.9262104
2.9879024
2.931564
2.8180006
2.857778
3.0976882
2.5365057
3.1927967
3.0511577
3.0808594
