10000
9.851134
9.8347645
9.7779255
9.784297
9.765609
9.816213
9.773484
9.764592
9.676404
9.65004
9.586968
9.582258
9.550846
9.481028
9.408815
9.433956
9.336034
9.347044
9.275203
9.274437
9.204525
9.225639
9.16686
9.0401
9.130504
9.076666
9.102532
8.99699
9.055195
8.905167
8.93506
8.811346
8.8552065
8.758664
8.625292
8.485769
8.541111
8.5515995
8.349465
8.363057
8.234306
8.3073435
8.128027
8.032614
8.073471
7.9778457
7.8449445
7.708959
7.7399573
7.5500436
7.3839283
7.353135
7.234427
7.135874
7.060493
7.127367
6.8494725
6.970785
6.854361
6.9263115
6.7982655
7.0389814
6.7572355
6.8866153
6.685171
6.864954
6.724563
6.811565
6.7392445
6.8732
6.872908
6.7596035
6.933753
6.9463124
6.9518967
6.9567676
7.0146832
6.9806027
6.907016
7.1599836
6.9033127
6.879017
6.801446
6.909646
6.799248
6.941313
6.812034
6.8966813
6.8529987
7.021696
6.9730153
7.2314363
7.367841
7.227879
7.3197784
7.4200225
7.5878115
7.834761
7.949037
8.027545
8.159435
8.207592
8.062254
8.038648
8.088072
8.238557
8.300397
8.274795
8.231156
8.50265
8.402314
8.3115835
8.299694
8.227012
8.177339
8.122087
8.021462
8.109721
8.044194
7.9661336
8.030231
8.063393
8.041469
7.966731
8.063349
7.9976482
7.9833956
7.9042025
7.805151
7.783021
7.7483807
7.6529603
7.5956693
7.6487756
7.5642967
7.6194134
7.5583296
7.6358156
7.467209
7.5985546
7.630739
7.7282696
7.670284
7.709883
7.633809
7.601343
7.591596
7.580887
7.639495
7.543248
7.5035353
7.609655
7.519547
7.5139284
7.4167852
7.4121485
7.4015837
7.542613
7.505666
7.4589343
7.433203
7.336856
7.3425536
7.4187374
7.3043613
7.261205
7.296439
7.2123437
7.3543024
7.338007
7.371734
7.398901
7.5085745
7.538269
7.3181987
7.352959
7.397282
7.273675
7.2531123
7.25067
7.146351
7.127184
7.0992036
7.0553446
7.1387296
6.9545565
7.020515
7.0094223
7.159374
7.112668
7.107578
7.157256
6.945368
6.9175806
6.8838115
6.7168956
6.686116
6.617788
6.550036
6.517811
6.619642
6.6437435
6.5594463
6.447277
6.4092164
6.5677495
6.4918537
6.4126444
6.2926955
6.389736
6.346059
6.5678105
6.411006
6.5950103
6.610855
6.735559
6.6373425
6.6507883
6.6277046
6.6753407
6.648548
6.595801
6.4920015
6.7940884
6.787037
6.583844
6.485045
6.7944913
6.59238
6.813421
6.734512
6.6922874
6.6584897
6.726741
6.825352
6.5066037
6.8534946
6.7761555
6.738693
6.7598867
6.6583304
6.6631756
6.703964
6.809073
6.574989
6.6601706
6.6357384
6.67508
6.6622605
6.6634917
6.687963
6.6366944
6.436525
6.6283197
6.6032515
6.44236
6.55125
6.5240574
6.7215366
6.71068
6.3922257
6.6957393
6.5897446
6.6226015
6.556768
6.5932245
6.6746607
6.666625
6.636619
6.599144
6.6573806
6.5116925
6.3288474
6.4813004
6.472457
6.380711
6.3638945
6.3656726
6.517047
6.478885
6.4448404
6.4797187
6.648331
6.6442394
6.7167573
6.3588185
6.588367
6.5871696
6.6088986
6.452799
6.3653026
6.3782873
6.3847613
6.439657
6.528419
6.3803744
6.3388114
6.5559306
6.4565883
6.4975843
6.402129
6.474794
6.523155
6.4279056
6.4319286
6.4032035
6.3698034
6.536705
6.5077577
6.497022
6.375209
6.5499306
6.5176044
6.6502056
6.536468
6.478576
6.711583
6.437269
6.599684
6.5496807
6.518821
6.516894
6.3936486
6.5062613
6.492473
6.432604
6.240507
6.343145
6.482822
6.416227
6.4531026
6.4259267
6.502411
6.2498927
6.4913816
6.2714176
6.389627
6.367344
6.2964554
6.3042
6.3865814
6.376226
6.219713
6.317069
6.305832
6.4676394
6.4230747
6.3231893
6.1865363
6.260771
6.3446383
6.3653154
6.3068175
6.241426
6.375633
6.51504
6.42552
6.5356007
6.682122
6.534256
6.436885
6.6638713
6.757011
6.603689
6.876536
6.869037
6.831173
6.735412
6.947152
6.8731165
6.952075
6.9250093
6.9178357
7.0039067
7.0882545
6.960959
7.076793
6.927424
7.0238457
6.800793
6.8858333
6.8251348
6.7870836
6.7703104
6.7415724
6.849656
6.828999
6.75
6.8089323
6.8246593
6.803813
6.78245
6.7169714
6.6263056
6.63455
6.517281
6.6931014
6.648744
6.552292
6.4623322
6.6416254
6.6003165
6.447369
6.471539
6.447002
6.327918
6.427603
6.609526
6.5835404
6.5434384
6.4918346
6.656155
6.543047
6.5779223
6.646366
6.5450315
6.736643
6.848597
6.58503
6.812195
6.692367
6.7373915
6.604327
6.660139
6.517452
6.642717
6.658327
6.559032
6.77068
6.865282
6.6531286
6.71711
6.814572
6.853047
6.881052
6.659014
6.6176105
6.742424
6.875584
6.907323
6.834536
6.814086
7.0149655
6.8825254
6.9820986
6.9661474
6.9832187
6.9514647
7.008257
7.095211
6.999586
6.8342366
6.9843774
6.9272375
6.8821545
6.8102674
6.939134
6.970587
6.886711
6.8109446
6.9547877
6.85362
6.792806
6.9239826
6.8383384
6.831207
6.678439
6.714908
6.7708097
6.8860297
6.634165
6.8444123
6.7616014
6.8365145
6.693692
6.738647
6.8969007
6.933035
6.7477627
6.750574
6.805892
6.855561
6.806218
6.8104405
6.7447686
6.833471
6.8520455
6.8943357
6.9647536
6.9050317
6.982307
6.910638
6.9113746
7.0852284
6.972828
7.1042147
7.1864467
7.1067915
7.2923675
7.425539
7.373568
7.2862687
7.351996
7.242977
7.1808596
7.355365
7.3716803
7.45747
7.4667997
7.446625
7.4128013
7.4942
7.2752953
7.287276
7.1622024
7.3839397
7.3565536
7.309656
7.291041
7.2372737
7.3799314
7.2413936
7.259297
7.093874
7.1985664
7.074138
6.98536
7.0108967
6.998942
6.8674207
6.9232507
6.9387574
6.9491196
7.040482
6.889673
6.87045
6.885671
7.145896
6.9213963
6.8483334
6.7435503
6.8282633
6.8583856
6.953674
6.8476863
6.841361
6.855114
6.976951
6.783409
6.7803497
6.78966
6.78704
7.0288706
6.886424
6.7744923
6.839031
6.922673
6.895994
6.9196234
6.877818
7.1461515
6.9527717
7.0091085
7.1764297
7.004733
7.0294394
6.9211936
7.1268682
7.0862894
7.09763
7.231425
7.2634654
7.374615
7.257393
7.422154
7.4541473
7.47602
7.3405046
7.378706
7.417442
7.5439706
7.435942
7.361572
7.452703
7.175369
7.4549475
7.5298667
7.2805996
7.339739
7.2776875
7.1184826
7.276783
7.1417704
7.3494844
7.252938
7.3524113
7.208422
6.9326077
6.8787537
6.9747095
6.916622
7.061029
7.0709877
7.004958
6.7526383
6.7809167
6.8145275
6.748106
6.842539
6.8492975
6.7342463
6.6679344
6.918529
6.708203
6.7528925
6.7503424
6.781323
6.860873
6.8834662
6.6864533
6.913217
6.8766184
6.8879657
6.8162937
6.951762
6.9654775
6.948527
6.86777
6.9870286
6.9351788
7.032962
7.0027456
6.8967404
6.930216
7.036774
6.9531956
7.162249
7.094467
6.9660144
7.172298
7.2826633
7.2482176
7.3472357
7.1903834
7.221893
7.084292
7.374656
7.277153
7.482031
7.34708
7.3348713
7.2086134
7.447768
7.562927
7.231905
7.352096
7.511526
7.3969965
7.2318487
7.3584194
7.5177646
7.3309603
7.438619
7.248094
7.239912
7.16786
7.19489
7.3565397
7.3407183
7.313906
7.1606812
7.3001494
7.0969787
7.1648293
7.100384
7.0844126
6.876973
6.86531
7.0450845
6.9446363
6.9080334
6.848501
6.88407
6.7714953
6.848382
6.869505
6.863054
6.7836976
6.897428
6.7830467
6.652365
6.8908195
6.9671483
6.8479023
6.8506317
6.982622
6.8871784
6.774999
6.8158817
6.88982
6.8741465
7.0147905
6.8486357
6.905886
7.0414295
6.9945474
7.04831
6.9590964
6.8931932
6.949367
6.957747
7.085462
7.0523734
7.0257
7.2122564
6.8634324
7.2280507
7.201065
6.970373
7.1912355
7.174406
7.0107737
7.115515
7.1350846
7.348536
7.338625
7.300193
7.222164
7.2882824
7.500453
7.2783628
7.383991
7.3260145
7.3205905
7.296959
7.2240534
7.4042964
7.263626
7.2591095
7.3240695
7.272082
7.044109
7.2328134
7.088975
7.168626
7.108655
7.303158
7.1025214
7.139457
6.994649
7.0986953
6.9387755
7.1144257
6.921729
6.894794
7.030638
6.982413
6.7383657
6.8509655
6.854305
6.8099484
6.7296724
6.906774
6.759369
7.027558
6.7337027
6.917363
6.860484
6.8777943
6.868586
7.0265875
7.206386
7.160558
7.0595865
6.8478813
6.5628247
6.460951
6.6084785
6.6170406
6.1182957
6.092486
5.561737
5.13285
5.3174267
4.799167
4.70969
4.294425
3.9787304
3.7130709
3.3919137
2.9621282
2.8023307
2.528728
2.3166618
1.992263
3.7528567
3.5260174
3.2887602
3.3063304
3.9368346
3.4664605
3.6180806
3.0429225
3.493228
3.7375221
3.5261717
3.5181868
3.73726
3.873308
3.826659
3.1041882
3.9760659
3.6631968
3.8139207
3.2348845
3.898547
4.078349
3.4619362
3.3284476
3.2780056
3.2343316
3.5293622
3.2574837
4.4082065
6.291765
6.1235547
6.455515
6.3553596
6.6634316
6.605231
6.840816
6.6474776
6.8562045
6.8387384
6.826231
6.818852
6.8883667
6.999462
6.8830495
7.00445
7.037761
7.011156
6.883071
6.985512
7.0043283
7.1307425
7.052735
7.006285
7.011286
7.0555754
7.1430206
7.174347
6.9285507
7.1145687
6.9901557
6.9951396
7.131522
7.082579
6.9573464
7.245419
7.351853
7.2218933
7.3920016
7.3549027
7.373675
7.3145566
7.448226
7.416402
7.561299
7.461205
7.4989038
7.5900283
7.6095185
7.5738335
7.503843
7.615344
7.544977
7.4399962
7.557116
7.5061207
7.591182
7.5304794
7.511327
7.70252
7.534894
7.6324515
7.4904604
7.425396
7.4822025
7.5781245
7.3995824
7.5263286
7.2932935
7.5949574
7.3255587
7.270385
7.278763
7.2919436
7.4215508
7.4940414
7.2901735
7.4031606
7.3185806
7.400536
7.540919
7.414915
7.5219116
7.3345118
7.2973833
7.3736033
7.4945517
7.5488772
7.546192
7.459077
7.579225
7.40651
7.6120234
7.5556574
7.4823318
7.524155
7.4776306
7.553158
7.4689713
7.3848715
7.3642917
7.629523
7.5786605
7.740449
7.525662
7.821944
7.6413217
7.8264055
7.654862
7.8770523
7.8421345
7.6938276
7.7692046
7.669667
7.7183475
7.647275
7.6020036
7.423337
7.5335755
7.595482
7.622488
7.4262643
7.520629
7.4271193
7.448435
7.5964003
7.468596
7.342327
7.462487
7.280491
7.2943573
7.3669577
7.3873053
7.3267956
7.2327657
7.357082
7.3342156
7.4709377
7.3462934
7.289703
7.4501185
7.273749
7.32448
7.2422843
7.386506
7.2245145
7.281376
7.4757447
7.323721
7.268697
7.4328766
7.5373173
7.4746604
7.51911
7.4675117
7.607902
7.58692
7.5155983
7.4996166
7.66487
7.710047
7.8679852
7.730616
7.7839656
7.7444057
7.831638
7.7959146
7.6926436
7.8974514
7.753553
7.674267
7.604778
7.5533314
7.3700294
7.612253
7.666051
7.5817366
7.6890683
7.5131283
7.6253295
7.5334387
7.428436
7.5755987
7.247112
7.3723416
7.3821106
7.405562
7.2782063
7.4297285
7.362139
7.40983
7.415333
7.405443
7.64784
7.3030415
7.353806
7.429893
7.4888783
7.6071534
7.5416446
7.5368443
7.629911
7.6365623
7.7397976
7.7610745
7.7872233
7.6882863
7.6663656
7.6447487
7.758235
7.79916
7.662873
7.9023657
7.7970304
7.8464203
7.7926416
7.654518
7.825301
7.6598253
7.583643
7.7200413
7.6087112
7.7768617
7.6560516
7.5357437
7.626904
7.58969
7.618557
7.5369368
7.4150276
7.450767
7.5822463
7.419444
7.500448
7.444497
7.2828674
7.5397744
7.517905
7.4644074
7.4244585
7.246937
7.3688416
7.5091143
7.4454145
7.366317
7.3597918
7.7014127
7.6071463
7.7928805
7.6679096
7.7372293
7.7505255
7.8682084
7.7873535
7.866756
7.7822633
7.965219
7.901198
7.904125
7.709778
7.6756907
7.807958
7.6906195
7.5169497
7.702485
7.685393
7.5313687
7.584355
7.5617537
7.4161696
7.4228916
7.4317946
7.312214
7.4617686
7.5763755
7.3207493
7.415337
7.480746
7.3391037
7.3302402
7.3051333
7.5049386
7.3369627
7.207965
7.289525
7.29162
7.593923
7.4067545
7.574653
7.6756763
7.81795
7.5648956
7.501563
7.850968
7.9984646
7.966853
7.993156
7.982792
7.9003897
7.9536963
7.865982
7.911484
7.9866796
7.911271
7.918127
7.710181
7.754068
7.8194256
7.691955
7.7108073
7.6051574
7.400038
7.452838
7.4025784
7.498637
7.3195133
7.2559433
7.306746
7.349409
7.2497206
7.364142
7.3331356
7.5511045
7.1827846
7.427802
7.4199314
7.3320007
7.258545
7.563073
7.4858685
7.636969
7.633714
7.680826
7.552245
7.689889
7.642997
7.5418677
7.8456616
7.6644936
7.5844717
7.5774465
7.5881824
7.6489463
7.6506386
7.5689654
7.6995926
7.5515103
7.4274063
7.2011304
7.233039
7.100096
7.0607953
6.891783
7.092811
7.1103363
7.0944786
7.0249925
6.799861
7.008637
7.104456
6.995738
7.074671
7.1020784
7.399575
7.4437294
7.3974595
7.3638897
7.4668803
7.532299
7.553964
7.32695
7.5670643
7.249774
7.599932
7.462553
7.730791
7.5447884
7.713517
7.765915
7.5696015
7.6016045
7.7065477
7.6861596
7.5822825
7.623737
7.3210797
7.378567
7.596953
7.107564
6.962646
7.330129
7.1640005
7.1730423
7.249419
7.0253363
6.7745867
6.9853625
6.835585
6.8351045
6.949219
6.995099
6.988408
7.011897
7.0505323
6.9771566
7.1410832
7.0668187
7.133266
7.300516
7.25716
7.2483215
7.60988
7.302992
7.6697183
7.601825
7.5157785
7.6202135
7.668381
7.124766
7.3259306
7.2991114
7.1148868
7.552513
7.5254726
7.0584784
7.1762805
7.0453043
7.2038765
6.962315
7.0588374
7.06143
6.931077
6.788382
7.149728
7.098122
7.038925
6.851233
6.807947
6.890441
6.8731227
6.8251076
7.057958
7.1824226
7.1262293
7.0509953
6.9386764
6.978593
7.1470227
7.0520377
7.135415
7.2571692
7.342506
7.2925825
7.4446993
7.566756
7.258125
7.5669446
7.080405
7.14353
7.348893
7.3778253
7.243415
7.1305666
7.1805906
7.2995415
7.099884
7.347032
7.1041713
7.212147
6.95725
7.0005665
6.6026726
6.7797985
6.8209343
6.7537646
6.8793964
6.9037924
6.834304
6.728539
6.6726046
6.721779
6.565447
6.7877536
6.903393
7.055786
6.902809
7.0524335
7.0837393
7.160635
7.0193214
7.2526298
7.208651
7.12665
7.0426865
7.163601
7.0381665
6.6804037
6.808686
6.8840623
6.941173
6.70418
6.628432
6.965893
6.678232
6.6944504
6.6786194
6.6888494
6.4129477
6.334247
6.4561553
6.2629137
6.543044
6.531163
6.38702
6.597676
6.8559914
6.6254406
6.751776
6.828384
6.679262
6.9492283
6.9563403
6.859418
6.974195
6.962196
6.9654226
6.6944923
6.825713
6.875864
6.6054115
6.622467
6.5739307
6.6548266
6.588548
6.530415
6.766572
6.8133554
6.361019
6.439004
6.4975195
6.4620466
6.160457
6.2927227
6.3345613
6.154022
6.1211624
6.101288
6.266608
6.2805624
6.285082
6.0950346
6.521802
6.182607
6.0684547
6.3065767
6.2311993
6.2648206
6.145192
6.201231
6.376226
6.269997
6.1221266
6.330593
6.3899803
6.311037
6.3203893
6.468933
6.4920745
6.210635
6.3791323
6.3318996
6.24018
6.1998096
6.3909273
6.195284
6.33716
6.1549425
6.1538115
6.105521
6.2361603
6.1725583
6.1762304
6.285799
6.140064
6.138896
6.1008873
5.828692
5.914491
6.112961
5.889369
5.750918
5.931821
5.8794074
5.753077
5.9664836
5.9587145
5.7855253
6.0647106
5.8253765
5.764436
6.035154
5.881819
5.8436975
6.156354
6.2707367
6.1804943
6.215278
6.273465
6.138104
6.1154804
6.1011553
6.172844
6.0564866
5.9739246
6.3137975
6.1902466
6.297641
6.367998
6.4442053
6.23306
6.2748384
6.216436
6.296808
6.3833733
6.315394
6.556716
6.3647585
6.357269
6.438206
6.4590826
6.4077597
6.343414
6.360001
6.235887
6.4272547
6.2241144
6.513165
6.424822
6.406116
6.276123
6.447956
6.421938
6.275291
6.6232386
6.413937
6.3097367
6.378526
6.2840147
6.519543
6.326973
6.373805
6.2546296
6.098669
6.003877
6.104142
6.344656
6.4599442
6.619186
6.3858323
6.457848
6.5072894
6.362896
6.5568123
6.3225303
6.586666
6.269867
6.387815
6.312845
6.4878907
6.3903894
6.282548
6.2977467
6.3101315
6.579343
6.4992714
6.7450385
6.635517
6.562234
6.4789205
6.431979
6.514508
6.618164
6.356438
6.616043
6.643572
6.7590995
6.7334685
6.7349086
6.760768
6.5591245
6.6176677
6.766838
6.721495
6.5364876
6.366405
6.6030197
6.391061
6.430802
6.3002677
6.449913
6.486662
6.4975386
6.4598436
6.676649
6.7621045
6.5863557
6.6211667
6.501525
6.578601
6.420367
6.589975
6.5685368
6.6601505
6.9108114
6.73062
6.8755608
6.8715477
6.837938
6.772153
6.9059258
6.844477
6.9368486
6.8303633
6.6631026
6.776308
6.847228
6.7625904
6.9201922
6.9030175
6.845971
6.778983
6.772971
6.678767
6.753656
6.6636233
6.581009
6.684104
6.500677
6.8077717
6.803233
6.897181
6.934895
6.82104
6.978499
6.7139764
6.6830564
6.657232
6.6495976
6.8514433
6.6499243
6.790056
6.8067102
6.6529856
6.679345
6.536376
6.29018
6.226449
6.3791366
6.576849
6.576071
6.61566
6.6949773
6.744117
6.415448
6.55105
6.474106
6.1805906
6.205633
6.355915
5.825303
5.858725
5.8335896
6.011125
6.1257677
6.111295
5.950512
6.2380233
6.205331
5.9341574
6.060303
6.0609474
5.8751173
6.0916653
6.138549
6.0021076
6.0850086
6.0645814
6.061594
5.814828
6.1279616
6.154305
6.069022
6.0211506
6.140745
6.0539026
6.2904763
6.0426116
6.134115
6.114822
6.220648
6.1279697
6.1700315
6.0619993
6.0442786
6.0725436
6.2462816
6.0803914
6.0341454
5.9542327
6.0210667
5.8899727
5.9353657
6.0646915
6.009118
5.930239
5.970768
5.870978
5.8713136
5.889864
5.850975
5.804769
5.978867
5.714452
5.7507153
5.861504
5.7641344
5.827127
5.957604
5.7490335
5.8725243
5.888562
5.616139
5.884721
5.831464
5.7335753
5.8477826
5.846914
6.061116
5.987767
5.8967905
5.7496233
5.646846
5.803566
5.829099
5.7891927
5.742105
5.7890186
5.9818377
5.864908
5.949165
5.809327
5.9762697
5.908515
5.970803
5.8753557
5.7272186
5.759332
5.8013635
5.992575
5.7503085
6.080194
6.015181
6.1418834
6.049832
6.081832
5.9217124
6.10048
5.8858433
5.8788238
5.8375516
6.072339
5.8153553
6.118748
5.8085184
6.0119276
5.9747114
5.8907323
6.1250124
5.810031
5.8924723
5.8226657
6.111702
6.1552954
5.932377
6.0080185
6.141723
6.108974
5.9841495
5.8998365
5.965393
6.1527376
5.8552957
5.8319817
5.8361225
5.9262314
6.148977
5.9639482
5.852902
5.910647
5.838825
6.0728354
5.784586
5.757315
5.7481737
5.6705246
5.7206893
5.846833
5.8511295
5.982048
5.729186
5.6915116
5.658918
6.045222
5.725007
5.830143
5.9226303
5.6240172
5.766266
5.9092393
5.9268093
6.011344
5.490418
5.9687366
5.7185216
5.6067314
5.651479
5.733329
5.7539
5.455772
5.7766805
5.709561
5.6000576
5.391203
5.586583
5.282777
5.568658
5.511426
5.3863487
5.404657
5.3111305
5.818921
5.2935414
5.4856052
5.393688
5.473729
5.4044323
5.579673
5.530385
5.535166
5.1426477
5.7511673
5.2751346
5.5694785
5.419529
5.4888377
5.5765114
5.4863586
5.5286365
5.5052934
5.4761877
5.4722424
5.490049
5.4643874
5.5656886
5.4613853
5.3992357
5.8282914
5.4551077
5.466135
5.521273
5.6353974
5.1725636
5.4125495
5.474318
5.672412
5.347751
5.5896072
5.6039047
5.3922777
5.6478286
5.5258827
5.471133
5.4522524
5.557976
5.476885
5.5808196
5.5897284
5.5993624
5.422134
5.5340014
5.56295
5.6307106
5.700556
5.543476
5.3943934
5.640595
5.723989
5.432907
5.565043
5.758571
5.604641
5.4900227
5.484527
5.61559
5.6793423
5.640015
5.4786034
5.585738
5.407875
5.533559
5.5352554
5.397379
5.4371853
5.4863796
5.5251145
5.4943447
5.504328
5.211096
5.2883215
5.4693604
5.411436
5.353741
5.3541803
5.181018
5.129051
5.2813983
5.288054
5.3674235
5.284684
5.3348656
5.39703
5.264345
5.403623
5.247081
5.2155943
5.345593
5.349426
5.35741
5.285235
5.167663
5.3494554
5.330721
5.1693144
5.076565
5.2191176
5.234677
5.2144523
4.9819207
5.1743774
5.2464657
5.1237993
5.1896906
5.2701044
5.224813
