10000
8.855928
8.894526
8.842503
8.898613
8.876286
8.818638
8.897636
8.863004
8.824463
8.865963
9.019701
9.002476
9.009506
9.023271
9.070316
8.941683
8.815348
8.837662
8.878698
8.88702
8.894771
8.972814
9.032062
9.059419
9.097399
9.073155
9.134824
9.136294
9.157336
9.156445
9.135529
9.143054
9.054901
9.007468
8.942005
8.96404
8.935322
9.023961
9.007795
9.043769
9.060874
9.128094
9.135688
9.127199
9.068687
9.139682
9.132031
9.0632
9.007657
8.935924
8.905518
8.902405
8.9628935
9.055111
9.091396
9.189307
9.191887
9.193495
9.202219
9.152627
9.094901
9.039896
8.985227
8.9688835
8.978759
9.048578
9.022448
9.054142
9.02994
9.042387
9.002429
9.062543
9.027549
9.062144
9.04588
8.999373
8.993869
8.949209
8.966638
8.931814
8.784897
8.762964
8.770052
8.805944
8.760654
8.783475
8.860575
8.829333
8.874774
8.7890415
8.877857
8.873403
8.934476
8.881394
8.913108
8.911768
8.920982
8.9423065
8.851831
8.837874
8.839068
8.810022
8.79584
8.819382
8.821539
8.810497
8.814131
8.868129
8.783421
8.867214
8.827813
8.930565
8.887438
8.870693
8.860884
8.85177
8.871675
8.858453
8.920185
8.942299
8.813355
8.876243
8.816055
8.839989
8.915878
8.827246
8.840494
8.835584
8.828837
8.899775
8.851975
8.940541
8.922441
8.918577
8.873642
8.837194
8.853269
8.810206
8.868864
8.891907
8.970708
8.925594
8.8936825
8.827156
8.850345
8.750451
8.778256
8.734149
8.7195015
8.709309
8.69869
8.759766
8.669945
8.800436
8.712614
8.770987
8.724008
8.685238
8.606499
8.546912
8.493782
8.411885
8.416216
8.420811
8.610734
8.564946
8.520999
8.507242
8.448592
8.350354
8.282502
8.2491255
8.124148
8.148718
8.0013485
8.026137
7.896614
7.8699327
7.7575846
7.659138
7.3286066
7.114939
6.784622
6.4439783
6.0312233
5.421571
4.919292
4.4075108
4.3603005
4.512451
4.6983037
5.12811
5.322524
5.5718403
5.667994
5.8242426
6.219266
6.443823
6.642958
6.8984575
6.9582515
7.143714
7.292521
7.362836
7.54055
7.5442576
7.4792576
7.4819174
7.6226754
7.6672072
7.8574443
8.070503
8.109897
8.038766
8.104223
8.14043
8.069596
8.074013
7.9273467
8.003819
7.8789887
7.908437
7.926333
7.9384556
7.9115367
7.973704
7.982518
7.9958825
7.974385
8.026917
7.956474
8.104607
7.947229
8.071262
8.001007
8.005408
7.9766645
8.066349
8.0882
8.053705
8.025627
7.9954042
8.107649
8.072361
8.101848
7.998191
8.042221
7.9782395
7.97956
7.9951534
8.003101
8.015865
7.9502015
8.071525
8.103024
8.092542
8.096931
8.108933
8.110273
8.108072
8.245991
8.237906
8.23852
8.26045
8.25437
8.266077
8.272652
8.2614975
8.279916
8.251526
8.300952
8.355299
8.347091
8.350713
8.313877
8.350576
8.320005
8.354037
8.310336
8.325333
8.31665
8.317632
8.333615
8.342085
8.332297
8.362809
8.358403
8.396655
8.312072
8.378998
8.421548
8.466306
8.535138
8.483922
8.503583
8.42623
8.351427
8.282145
8.37467
8.380854
8.467222
8.454279
8.487361
8.476192
8.493458
8.503548
8.480695
8.47465
8.468177
8.452552
8.457853
8.48374
8.48125
8.449885
8.479891
8.473787
8.4493065
8.438092
8.433662
8.395827
8.351046
8.297234
8.275706
8.277503
8.250802
8.337869
8.309261
8.382885
8.316447
8.38271
8.334614
8.399721
8.423482
8.377562
8.4531765
8.412005
8.48971
8.389008
8.415703
8.380839
8.375887
8.365857
8.380174
8.37517
8.408758
8.415058
8.3976755
8.437922
8.345155
8.278354
8.398348
8.329418
8.330009
8.255634
8.27444
8.245135
8.266268
8.288396
8.276454
8.305466
8.27705
8.257278
8.272484
8.253807
8.289537
8.28435
8.260347
8.232673
8.23316
8.373138
8.440336
8.514801
8.522317
8.478657
8.472466
8.505039
8.431741
8.463407
8.45291
8.459425
8.469261
8.4176655
8.461781
8.327641
8.38611
8.285413
8.274418
8.256131
8.259653
8.24088
8.246046
8.235368
8.221638
8.259064
8.204044
8.307551
8.186573
8.2950735
8.194442
8.259967
8.227968
8.255526
8.2141
8.263313
8.187178
8.306014
8.170112
8.320063
8.26717
8.40026
8.256273
8.347903
8.271465
8.296325
8.281224
8.312685
8.298514
8.42409
8.33482
8.376494
8.349455
8.4881115
8.357448
8.491159
8.359095
8.410158
8.239446
8.2349415
8.044791
8.193407
8.124172
8.314512
8.406877
8.5354805
8.44567
8.551667
8.453595
8.556343
8.4481735
8.552178
8.403635
8.384781
8.1464205
8.185319
8.08598
8.161771
8.119449
8.241147
8.171583
8.347948
8.2101965
8.363769
8.184145
8.221518
7.9752975
8.038946
8.013895
8.100607
7.942548
8.028816
7.9474363
7.8506327
7.9683642
8.009384
7.918517
7.923876
7.917553
7.970427
7.8928404
8.012004
8.002459
8.048206
8.003693
8.012581
7.9838004
8.130909
8.074696
8.167574
8.221138
8.201474
8.122095
8.079187
8.103345
8.123567
8.085463
8.036477
8.121897
8.159684
8.157796
8.121774
8.091702
8.179125
8.242836
8.156997
8.274881
7.9132543
7.8610516
7.6440725
7.4781504
7.5015903
7.36093
7.0942645
7.124133
7.098244
7.029151
7.026493
6.968833
6.827383
6.6628804
6.3310137
6.249212
6.3901834
6.211235
6.0578365
5.7936277
5.513898
5.2180243
5.234945
5.052668
4.852095
5.140884
4.675226
4.6127563
5.0102744
5.2123594
5.7571077
5.4743123
5.252281
5.122059
5.055395
5.4953375
5.4677954
5.425147
5.0002565
4.4940095
4.8358173
5.337034
5.4010963
5.0775003
5.3170924
4.7859774
4.722517
4.9699416
5.0349708
4.9921813
4.779155
3.9887528
4.3111534
4.3184566
3.9966056
4.3032465
5.1479387
5.263197
6.155928
6.6343074
6.825428
7.357353
7.033562
6.4547706
6.063097
5.4052625
5.1582828
5.053881
6.3571863
6.9904146
7.9891877
7.513756
6.8259916
7.2497187
5.90029
6.7271223
6.6655602
7.3600554
7.3760157
6.888703
6.965456
7.205666
6.6462116
6.8273096
7.137637
7.689476
8.04839
7.7374506
7.7923083
7.8214436
7.608073
6.493406
7.3015647
7.5671844
7.4679656
7.619912
7.2409964
6.8632984
5.9841194
4.644929
3.6776004
4.219533
3.6134977
3.0309167
3.6480637
3.4520764
3.3242526
3.3541267
3.2945251
3.3873186
3.5735564
3.713107
3.5840547
3.3743184
3.6686633
3.5683386
3.554717
3.9489107
4.0627317
3.9283133
4.045683
4.148885
4.1701593
3.8991764
3.615478
3.6292305
3.3403416
3.2625504
3.2375097
3.2724044
3.1736748
3.3029945
3.1983168
3.215027
3.3988793
3.4723926
3.5774105
3.540565
3.1212254
3.088123
2.7676833
2.8526905
2.9591284
2.812949
2.722277
2.7622652
2.7523594
2.8410633
2.7876298
2.942859
3.184023
2.975027
2.307107
2.1274688
4.0162473
4.063387
4.184165
4.134339
4.321302
2.8137987
3.0385408
3.225238
3.6745284
3.8571928
3.9571953
4.0219097
3.6143649
3.4858866
3.280793
3.3179417
3.2067351
3.2179565
3.2689598
3.1936476
3.4823375
3.3987966
3.3334672
3.3799706
3.5542977
3.6803052
3.6039498
4.1084743
3.95801
3.5891297
3.770813
4.015695
3.8922515
3.568317
2.9772043
2.7661672
2.9254751
3.015922
3.2831528
3.3739064
3.3182142
3.049179
3.0440314
3.193316
3.1784797
3.0234053
2.9892128
2.9703398
2.9214802
3.1671603
3.0921764
3.253719
3.1440895
3.1904247
3.2891183
3.1923308
3.0579379
2.850505
3.0199473
2.8800359
2.739703
2.8799472
3.0821948
2.81603
2.761931
2.7599893
3.0218606
2.8271725
2.8918355
2.8383934
3.2170894
3.1490147
2.9949214
3.1172884
3.068481
3.2293599
3.2088614
2.810402
2.9087834
3.917923
4.523077
4.7539935
2.7898386
2.3331914
2.1466715
3.8830128
3.8535526
4.155607
4.2376785
4.624245
3.725975
3.6522028
3.724507
3.2501202
3.3087244
3.4176438
3.4352334
3.4657025
3.2973285
3.3680356
3.2441902
3.168042
2.891468
2.6716602
2.3630977
2.1640072
3.90703
4.1468134
4.046942
4.166941
4.4155936
2.23646
4.243284
4.4502354
2.155963
4.436719
2.2566674
4.404343
2.2394316
4.542159
2.2312183
4.7504416
1.9346919
4.5398707
1.9729142
4.0327306
3.8669298
3.9323103
4.0069013
4.1428447
3.941965
3.9450998
3.949637
3.985117
3.7266636
4.327579
2.0212727
4.6734557
2.017368
3.9008718
4.5444183
2.2928293
2.3280272
2.3658671
2.4518263
2.430268
2.455612
2.4717526
2.3693106
2.4730387
2.3696053
2.4479234
2.3276715
2.4414017
2.4025218
2.4712648
2.3532672
2.40518
2.2340386
3.8132772
3.9212496
3.9151216
3.7863886
3.7674594
3.4985704
3.7944357
3.8521488
3.9663801
4.1769247
4.092409
4.4751897
1.970184
4.4351554
1.9856029
4.4010515
1.8599946
4.4497447
1.8218969
4.2783093
4.249326
4.0936146
3.9918058
3.8183458
3.8497043
3.7692068
3.905968
3.9275274
3.949371
3.9109826
3.8604712
3.7739058
3.9831264
3.8873212
3.8555877
3.9756784
3.8210704
3.8494594
3.7895586
3.8325117
3.583583
3.8891141
3.832953
3.9047787
3.9235225
3.983314
3.9293895
3.9604814
3.9013932
3.934337
3.9555132
3.824243
3.7562673
3.7398508
3.7609625
3.781351
3.7914736
3.8218684
3.7770057
3.814668
3.816515
3.8186214
3.8644414
3.8705873
3.8746533
3.77724
3.7396023
3.7554708
3.791271
3.7661083
3.7727523
3.762934
3.7957077
3.706466
3.7862153
3.7655697
3.8083167
3.8028266
3.817152
3.8286438
3.7856052
3.7506084
3.8257396
3.8319383
3.8137333
3.865213
3.9012341
3.8073833
3.7026932
3.8124132
3.8411
3.914041
3.8128262
3.8751187
3.82008
3.767687
3.7955794
3.855895
3.9456136
3.9060214
3.9483585
3.9948797
3.9798155
4.2773237
4.2270775
4.061519
4.1800613
4.169694
3.9305387
4.4721413
2.1318712
4.3457875
2.1438358
4.1193004
3.9416974
4.0496025
4.0317764
3.9594526
4.005811
4.0257096
3.9720705
4.2207656
4.1769595
4.2904844
2.2972066
2.397965
2.1911917
4.489403
2.3265705
2.1937776
4.383501
2.3974698
2.2653084
3.93961
3.9969912
3.9811764
4.1494145
4.04562
4.0728526
4.1427155
4.3067684
2.3812666
2.3416169
2.4038877
2.3280396
2.3643646
2.3556426
2.3742986
2.3121095
2.4561038
2.3068893
2.4301682
2.3905575
2.4005036
2.3604162
2.3423438
2.347519
2.310622
2.29243
2.273013
4.036085
4.3380904
2.219913
3.7270691
4.058646
4.291835
2.2046995
4.0751
4.6373124
2.177291
4.580826
2.1478565
4.0591187
4.1284647
3.9182847
4.117118
4.0506444
4.173733
4.6030045
3.2101762
3.1692448
3.2538261
3.2358255
3.3319702
3.2633688
3.3117208
3.1182568
3.4369764
3.793182
3.7641919
3.1577604
2.984379
2.8377905
2.661373
2.5830808
2.3898609
3.6538768
4.324402
4.3026285
3.7855718
3.6483305
3.1039813
3.0498888
2.9442215
3.1083713
3.159839
3.2544122
3.2495804
3.144475
3.1391664
3.125627
3.1016076
2.9184842
2.9296644
2.8975327
2.87119
2.8761454
2.8393157
2.8317258
2.843416
2.7753356
2.8660634
2.8312397
2.8881547
2.857061
5.951456
6.0000896
5.9388714
5.8287864
5.7044916
5.7453985
5.607639
5.643058
5.5236373
5.6953964
5.68805
5.6506705
5.7791696
5.9372454
5.932025
6.061261
6.185957
6.3866787
6.2270803
6.25287
5.739488
5.8589215
5.969461
5.892976
5.479321
5.2214646
4.9713016
5.1455255
5.1710415
5.3788433
5.4322987
5.637128
5.518953
5.584101
5.5451612
5.6917405
5.750844
5.925046
6.0261903
6.1180115
6.563756
6.63332
6.5300083
6.4605584
6.4888005
6.3729873
6.264048
6.1498265
6.1073775
6.037569
6.174199
6.2622027
6.411519
6.495063
6.5538
6.520071
6.7312117
6.7323594
6.767163
6.760491
6.845621
6.8054037
6.838794
6.767074
6.6123347
6.5529623
6.4958797
6.4486957
6.4147434
6.3992815
6.3941164
6.4595995
6.3902206
6.378498
6.3400297
6.237526
5.992139
5.8567924
5.8664246
5.829002
5.8660507
5.8113294
5.871873
5.8398495
5.747077
5.7808847
5.726027
5.8066397
5.7384996
5.778436
5.7507615
5.7076592
5.77784
5.798745
5.8028965
5.7803984
5.88067
5.824545
5.862577
5.8541574
5.901877
5.8067465
5.905347
5.8179173
5.884385
5.9212017
5.90461
5.8990417
5.9496646
5.95659
6.0358996
6.0924406
6.132429
6.0726323
6.046018
6.094866
6.2847037
6.3956833
6.5590353
6.641045
6.662065
6.7335687
6.709107
6.711189
6.81309
6.952666
7.10008
7.176493
7.1870704
7.1776814
7.085401
7.150144
7.235822
7.112965
6.9938164
7.0035744
6.9794807
6.994132
6.9035935
6.900332
6.9482145
6.9030294
6.934471
6.9157324
6.924969
6.9084363
6.9367943
6.907365
6.944303
6.88438
6.9447947
6.894998
6.953331
6.894233
7.010907
6.90958
6.996576
6.8764877
6.9547706
6.9354877
6.942752
6.901615
6.9974456
6.947733
6.970789
7.0328703
6.9207287
7.005919
6.939516
7.004662
6.9623404
7.006802
6.9566402
7.026331
6.967101
7.011562
6.9768505
7.0193086
6.965101
7.024353
7.047442
7.055725
7.155008
7.06957
7.183113
6.8889275
6.786682
6.6782675
6.8065996
6.76961
6.9673223
6.6781607
6.9229636
6.795645
6.9275627
6.8058076
7.028635
6.900074
7.042953
6.9844437
7.092968
7.0531845
7.136435
7.0528235
7.03628
6.9888067
6.895739
6.899461
6.878732
6.9825716
7.047627
6.540283
6.3699555
5.851583
5.4685745
5.957057
6.4318333
5.929348
6.0922523
6.6118183
5.289069
6.308276
6.357419
6.390506
6.5605397
6.5927835
6.2273273
6.225565
6.6673527
6.587748
6.53175
6.420885
6.4171333
6.3621025
6.509001
6.586838
6.613401
6.8589187
6.9713507
6.847455
6.8542976
6.815176
6.8382635
6.812263
6.727905
6.7893925
6.780695
6.8070526
6.756476
6.7504864
6.722424
6.7579966
6.7744927
6.7090445
6.646424
6.7348166
6.671628
6.695862
6.6229753
6.557208
6.554372
6.6262555
6.6255026
6.359438
6.2932463
6.207815
6.2829704
6.218961
6.303203
6.409213
6.627736
6.6031647
6.526105
6.456157
6.5380473
6.476949
6.552105
6.405982
6.415101
6.6273713
6.758238
6.6828947
6.7863884
6.696808
6.8635583
6.967083
7.1457376
6.9913473
6.414481
5.9987483
5.259746
3.8521273
3.07277
2.4973147
2.5199783
2.6245332
2.5834284
2.5863075
3.043538
3.6934953
3.4992857
1.627073
4.643039
2.6642087
2.9333253
3.1448133
3.899187
3.798165
2.9074888
3.1511981
3.4358802
3.0381253
1.8868016
4.5075564
1.8791654
4.532741
1.4190995
4.571265
1.1278218
4.6146865
1.2282242
4.605464
1.472955
4.646379
1.6579827
4.637798
1.8742489
4.731639
1.9635221
4.684493
2.192388
4.5739775
1.9893413
4.538737
1.837825
4.7324095
1.9222708
4.6643205
1.8932278
4.64192
1.714535
4.58611
1.9014007
4.6357317
1.8583038
4.6469984
1.8182309
4.6055446
1.8232876
4.536181
1.7272614
4.5383596
1.6977206
4.6334057
1.5478358
4.576256
1.5216799
4.6635566
1.5119438
4.6262364
1.4586185
4.691382
1.664329
4.558782
1.5527267
4.7020535
1.5019195
4.5929275
1.4894782
4.626947
1.3711131
4.654526
1.2647101
4.667616
1.3679678
4.723902
1.4711382
4.6887813
1.3630519
4.6712246
1.3345743
4.580385
1.4611859
4.687565
1.5888808
4.7460427
1.5487263
4.7172413
1.6398798
4.7028575
1.727623
4.721368
1.7455633
4.725383
1.6486652
4.7212167
1.6270356
4.6903343
1.7295837
4.7485785
1.660578
4.543042
1.7010951
4.7659264
1.6993372
4.8194323
1.6154499
4.7235956
1.7436031
4.608681
1.5185057
4.704096
1.5023229
4.7443748
1.4453852
4.2343183
4.403946
1.2545087
4.7339396
1.3515514
4.613194
1.3180007
4.687997
1.5148146
4.687595
1.362565
4.763774
1.5400125
5.005427
1.665314
4.8799224
1.8979809
4.9980755
1.7767375
4.9421177
1.7703463
4.9195347
2.0071907
4.897632
1.8853652
4.9350724
1.7911822
4.915147
1.7250048
5.0747576
1.9633754
4.645361
1.8852333
4.904211
1.8906474
3.52853
4.951801
1.7344358
5.635144
5.036943
5.103998
5.234423
5.2100625
5.1928344
5.3313303
5.2684727
5.1417975
5.348634
5.3234677
5.2719245
5.2174306
5.127002
5.072839
4.8160076
4.930267
4.929216
5.093599
5.286408
5.418647
5.3578258
5.5110416
5.2909055
5.389778
5.22319
5.3244267
5.23937
5.2113132
5.13331
5.0256114
4.926423
4.9865103
4.76938
5.0621967
4.7820153
5.00493
4.855314
4.955166
5.0632076
5.083231
5.2463813
5.313347
5.471284
5.450879
5.481532
5.550013
5.4978495
5.4995184
5.5959325
5.566646
5.555629
5.650901
5.6580124
5.674523
5.5384345
5.7348104
5.594389
5.4256134
5.5244403
5.503163
5.5603437
5.596838
5.470205
5.5473075
5.496777
5.568092
5.5965457
5.415173
5.34693
5.139929
4.9817038
5.0416965
5.001881
4.841041
5.189502
4.8880057
5.286483
5.121217
5.30974
5.350632
5.491511
5.6157675
5.4970617
5.30291
5.232862
5.0626326
5.0304413
4.956551
5.153023
5.21624
5.1976542
5.273949
5.4344015
5.450196
5.423502
5.344896
5.178413
4.964259
4.948908
4.764539
4.335686
3.6047115
3.1191168
3.1898015
3.4010875
3.823527
3.2756314
3.1415176
2.8747268
3.1055655
3.7163267
3.3222263
3.9093387
1.6029836
5.054905
0.56452435
5.410309
0.39919686
5.8400164
0.6644844
6.5339427
1.3438381
5.764032
2.9614055
4.3387814
4.3015
4.3344474
4.530644
4.403694
4.3966084
4.382977
4.3863893
4.367039
4.3045197
4.2894964
4.2539234
4.2305064
4.243416
4.281827
4.3287
4.1596475
4.1840606
4.2560434
4.136894
4.099342
4.3364162
4.1673527
4.2062445
4.1587405
4.3452616
4.912662
5.152602
4.332308
0.7617365
6.0894737
0.49743247
4.885763
1.0104961
4.9732766
1.4978782
4.2691374
4.8165164
1.7923028
3.2475975
5.1428347
2.3971002
1.6416074
4.794947
2.2843509
3.4018586
4.2521443
3.359436
3.9014735
3.0032897
1.5494163
3.8802197
