10000
5.0575075
5.122678
5.0598507
5.1882825
5.1931424
5.120846
5.1351156
5.2021465
5.173105
5.106188
5.0793953
5.181226
5.1550236
5.1183767
5.169677
5.179903
5.124027
5.2527595
5.26783
5.2094183
5.1442037
5.080262
5.1955605
5.1503043
5.174751
5.225783
5.175887
5.175511
5.18886
5.1490088
5.236761
5.2136292
5.1681604
5.196328
5.1045184
5.203557
5.254223
5.1368904
5.22442
5.1668825
5.1656694
5.186102
5.168668
5.1596437
5.0672765
5.190424
5.2544928
5.2149563
5.1524887
5.2304554
5.218479
5.2346926
5.0046883
4.9120502
4.8329964
4.744468
4.9063983
4.8945026
4.871332
4.7588162
4.944063
4.8026805
4.71833
4.65741
4.6039076
4.8654394
4.6617975
4.7390957
4.897122
4.938556
4.737598
4.8938494
4.649479
4.6813145
4.71935
4.7737274
4.6159377
4.7530584
4.6014338
4.558535
4.708353
4.7225866
4.619484
4.6613784
4.66633
4.6863456
4.702208
4.657663
4.696897
4.5346603
4.6258593
4.5523596
4.5920525
4.641079
4.710852
4.7361765
4.641226
4.432244
4.5456624
4.6425447
4.588597
4.608368
4.6301174
4.5334473
4.581408
4.572658
4.641503
4.6293063
4.6727195
4.585622
4.717982
4.581209
4.5376844
4.506299
4.52151
4.413048
4.3185825
4.401161
4.2819657
4.225432
4.257555
4.1432853
4.102686
4.02973
4.0457478
3.9045374
3.917596
3.8738036
3.7231941
3.6807916
3.6993883
3.736877
3.7400742
3.7046213
3.5277395
3.5294974
3.5881333
3.5318935
3.7163548
3.6103854
3.3113544
3.264058
3.6514423
3.4575686
3.670519
3.6743622
3.4696703
3.6274316
3.396449
3.5093331
3.4131455
3.4556942
3.4494731
3.3495877
3.2194846
3.309425
3.2774048
3.1406493
3.031342
3.0715303
3.0571134
3.1185162
3.09772
3.0649233
3.089407
3.0493274
2.9865549
2.9029593
2.7209342
2.6859417
2.5659976
2.419652
2.3036852
2.255056
3.3940454
3.3488858
3.400403
3.532439
3.3924003
3.4250517
3.3471472
3.443279
3.1019309
3.6102543
3.4377668
3.387402
3.3368227
3.349594
3.2635643
3.7068448
3.650308
2.7535825
3.5102842
3.556644
3.6170416
3.3916686
3.5725436
3.616579
3.1001391
3.5008004
2.6324549
3.4728973
3.2334945
3.3546925
3.3567457
3.0333383
3.3302186
3.3621294
3.439065
3.2338772
3.3641737
3.3909564
3.1587389
3.372623
3.414644
2.5110564
3.0622694
3.335906
3.1950612
3.0868866
3.377376
3.4006724
3.35165
3.419849
3.3381038
3.1265047
3.3735096
3.0372481
3.0477993
3.364545
2.6030467
2.3883142
2.9695504
3.2990122
3.3249514
3.2857957
3.402658
3.4459953
3.384723
3.0987363
3.353725
3.3448849
3.0913503
3.3765943
3.0595984
3.4381971
3.5806088
3.3886735
3.3438132
4.411754
1.6319996
4.5410943
1.9878956
4.591803
2.1031053
4.6001673
2.4211898
2.721975
2.567203
2.5889099
2.552806
2.6075065
2.5944202
2.6437414
2.411355
2.5740347
2.5884113
2.597905
2.5919163
2.528702
2.7349515
2.716587
2.7043037
2.5794303
2.634715
2.715344
2.632296
2.787097
3.3026643
3.2308292
3.2907112
3.2326288
3.2666326
3.246878
3.2493906
3.248795
3.2820888
3.235515
3.2608383
3.366943
3.3056524
3.3612988
3.3436253
3.2579432
3.3024006
3.3077202
3.1973355
3.2001333
3.2743993
3.208481
2.8390973
3.097277
3.2069979
3.2234735
3.257697
3.2356038
3.244401
3.2829032
3.1948678
3.152078
2.8785346
2.8774965
3.0324762
3.187637
3.1558805
2.9277985
3.238316
3.1705031
3.3100417
3.288322
3.2720666
3.3450298
3.280887
3.3617923
3.3242295
3.32761
3.2790337
3.3150034
3.3579652
3.3155565
3.363947
3.2772684
3.3578517
3.28465
3.334476
3.0025127
3.1341789
3.2772465
3.1639576
3.1974688
3.3040173
3.291875
3.3434465
3.3108883
3.2542682
3.3697155
3.3096972
3.2512748
3.2896369
3.342665
3.427581
3.3587873
3.4654253
3.5787735
3.5735025
3.4950032
3.5964012
3.4913971
3.4416437
3.4458234
3.4780846
3.5615478
3.5808616
3.5058315
3.4884212
3.5504735
3.5199797
3.467805
3.5120525
3.5853207
3.5715873
3.622789
3.6381128
3.6048563
3.5475225
3.5585356
3.6033816
3.6618202
3.7651958
3.5543027
3.518412
3.4690843
3.4889665
3.7740562
3.5989003
3.7582445
3.705585
3.7368164
3.694621
3.6082318
3.7315805
3.7804258
3.945167
3.2232637
2.6479003
2.5522447
2.707972
2.5956335
2.5596738
3.1659203
3.3619459
3.5407333
3.9464507
3.905126
3.8633919
3.73343
3.6149006
3.5896537
3.614007
3.5754163
3.5981936
3.8661673
3.4463396
3.555871
3.4338114
3.4568248
3.3647587
3.3711014
3.370729
3.383728
3.3670037
3.4737482
4.052851
4.241923
4.25072
4.1522436
4.2313643
4.2427917
4.2419515
4.200487
4.2600675
4.2276044
3.0926137
2.2405515
3.9917474
3.504919
3.141555
3.4278479
3.4058511
3.841954
4.2481413
4.0847406
4.164751
3.838664
3.360443
3.4270997
3.1975102
3.0809033
3.1179569
3.1511853
3.1106944
3.1206784
3.7484477
3.5602267
3.7527595
3.841768
3.7483876
3.8021305
3.7804537
3.839769
3.6204388
3.9221177
4.047108
3.987293
3.660748
3.3589618
4.3726273
1.9724418
4.478421
1.9316926
4.411162
1.790964
4.507805
1.6568035
4.5884924
2.0400538
4.551602
2.2469077
4.512139
2.8744624
3.5814838
4.453758
4.3955736
4.4597883
4.2979746
4.2971177
4.356802
4.395361
4.4165187
4.431853
4.305787
4.4509706
4.5474486
4.4339643
4.5391636
4.438817
4.366825
4.468921
4.4125896
4.5884695
4.5752983
4.4574137
4.5254264
4.5851893
4.4815807
4.629166
4.553581
4.5739393
4.5273447
4.592583
4.559456
4.5348372
4.5504403
4.484437
4.5407543
4.488981
4.476729
4.543281
4.4342494
4.508053
4.415288
4.2529526
4.105056
4.0483084
3.8025544
3.825005
3.6970937
3.6307979
3.531475
3.5617225
3.9852967
4.294696
4.241609
4.2056355
4.266404
4.5124545
4.5520444
4.719859
4.8324184
4.888981
4.755415
4.4761424
4.477454
4.5417113
4.469821
4.4640317
4.5620513
4.485556
4.2778616
4.068536
4.183376
4.053149
3.9664364
3.9796352
4.108713
4.1272883
4.3449697
4.325659
4.579577
4.564213
4.681145
4.6311235
4.695147
4.6037745
4.651666
4.6960597
4.6855087
4.61268
4.636932
4.5947175
4.617312
4.6676445
4.698846
4.712487
4.6581593
4.659702
4.6383376
4.661335
4.697121
4.750326
4.738313
4.7384524
4.711484
4.69501
4.6597586
4.6086698
4.6683364
4.59724
4.635888
4.627404
4.606827
4.6199203
4.655608
4.6503797
4.696995
4.676731
4.663581
4.610164
4.6421647
4.638268
4.531524
4.5187726
4.470353
4.51544
4.622028
4.5904145
4.701554
4.539507
4.5562587
4.4403014
4.5122843
4.406188
4.4493995
4.3813014
4.413667
4.4096813
4.4013367
4.247154
4.0858088
3.9674654
3.8853736
3.7390976
3.8010073
4.032371
4.229472
4.259162
4.179059
4.026061
4.159491
4.1271706
4.219698
4.19201
4.3047585
4.24469
4.172554
4.0770025
4.0252476
3.787756
3.7088132
3.831444
4.109935
4.2049026
4.0739627
3.8868089
3.8431578
3.9927702
3.9521832
3.5237603
3.5882106
3.6656463
3.7817361
3.9433713
3.4676073
2.9994154
2.958712
3.0576231
3.1575046
3.187903
3.176534
3.2350798
3.2599645
3.2445886
3.2797549
3.2655408
3.258155
3.2134304
3.2268515
3.2298226
3.2170956
3.2292314
3.2430394
3.2209334
3.1707935
3.2690475
3.235991
3.2422705
3.2179658
3.2257113
3.210787
3.2774293
3.3092637
3.3013573
3.3231578
3.3281302
3.3207228
3.349796
3.3055706
3.3371613
3.3066502
3.3654675
3.3428178
3.31882
3.3038511
3.4079466
3.3313613
3.3727584
3.2992263
3.3326416
3.3342295
3.3685737
3.3338418
3.3807697
3.3355565
3.3778925
3.3654103
3.5102844
3.5867343
3.6862712
3.5111313
3.5166197
3.190167
3.1273437
3.246455
3.6703477
3.448364
3.1995938
2.7448485
2.3470347
2.2120519
3.5684936
3.544535
3.5703437
3.9835722
4.292818
2.4730272
2.478834
2.4895568
2.5772586
2.645535
2.6224053
2.701101
2.6499515
2.4890234
2.5199428
2.5396683
2.3412986
2.3764672
2.4389741
2.565139
2.4728227
2.5464952
2.463763
2.4982336
2.3785903
2.3529718
2.423122
2.4179387
2.616374
2.7172973
2.7515974
2.9036453
2.9313536
3.125554
3.1248324
3.1475234
2.8003294
2.48165
1.9904861
2.9438903
2.854273
2.7403464
2.5375044
2.4398704
2.4645736
2.5275216
2.344956
2.316217
2.4309685
2.305182
2.3405547
2.3961232
2.4853861
2.443886
2.5869908
2.3494089
2.4146109
2.43579
2.475084
2.206998
2.2797637
2.4153848
2.327178
2.357757
2.2706592
2.289128
2.4135914
2.345432
2.5471416
2.5881855
2.6253304
2.5099852
2.4712915
2.5506768
2.2995372
2.2297215
2.1641986
2.2520998
2.3405461
2.5710704
2.536073
2.637305
2.6069696
2.4784102
2.2556002
2.328252
2.272861
2.2584395
2.286151
2.1779945
2.3277714
2.4602358
2.676557
2.2383616
2.7329695
2.312701
2.664017
2.3470356
2.416558
2.4023955
2.1651394
2.3993304
2.3243217
2.2215874
2.367043
2.3301408
2.4731905
2.6136374
2.744916
2.5280366
2.366421
2.4986515
2.4353592
2.2086859
2.3381138
2.1885948
2.3694835
2.1433272
2.1431518
2.3450058
2.4240468
2.305408
2.5719032
2.3132155
2.2193632
2.2681742
2.1526136
2.105562
2.2376666
2.2724264
2.257673
2.0736213
2.245344
2.4293156
2.3763437
2.4261003
2.491765
2.2504735
2.2359588
2.2249694
2.2858362
2.2211907
2.4114547
2.3794446
2.4887025
2.4501765
2.3757558
2.4435554
2.2767708
2.5402849
2.4997296
2.408435
2.4215825
2.542329
2.659137
2.789293
2.5885096
2.50025
2.766785
2.5971067
2.8903546
2.9613495
2.8674214
2.8490236
2.7070627
2.5741599
2.4988801
2.6213257
2.6028903
2.6150095
2.5848699
2.3830333
2.4824169
2.6286414
2.5620303
2.5977683
2.6003785
2.5378582
2.5961115
2.6147985
2.5277522
2.4082904
2.4765463
2.6849277
2.6198065
2.797127
2.7234204
2.6473668
2.6234272
2.637952
3.1106453
2.5683806
2.6851346
2.5879948
2.5448723
2.6638608
2.6346457
2.6844208
2.7502277
2.6729765
2.6287045
2.6958816
2.659284
2.6786478
2.688993
2.6355898
2.7768264
2.66352
2.7048318
2.4806352
2.7374556
2.6407747
2.7269824
2.63709
2.722807
2.6588552
2.8339415
2.9361844
2.8967228
2.8937435
2.7153769
2.7153633
2.6902852
2.6237054
2.5751333
2.5811198
2.5585377
2.5673897
2.4685938
2.4145536
2.5936074
2.6751823
2.4939597
2.398789
2.665049
2.8110104
2.8768067
2.8114238
2.6954162
2.6002047
2.618773
2.7084475
2.6547751
2.6197767
2.6179483
2.658112
2.7991264
2.6644845
2.6635113
2.6339796
2.6837194
2.5799556
2.6410134
2.570369
2.6566954
2.6254377
2.6068718
2.641803
2.6992753
2.8874593
2.801267
3.0446272
2.8350806
2.5902736
3.0156648
2.6226845
2.6498454
2.7275023
2.685809
2.6529534
2.5970588
2.6144068
2.5149646
2.515134
2.4968076
2.6008515
2.7127936
3.0923843
3.1885521
3.3208275
3.6207094
3.4927468
3.433623
3.2297463
2.9557357
2.4704103
2.5916417
2.660175
2.77976
3.106749
3.533581
3.8372977
3.6494505
3.6770885
3.6224873
3.6963847
3.6198618
3.6263168
3.6992319
3.6325133
3.72198
3.6933794
3.699417
3.6746905
3.6970515
3.7150364
3.674203
3.6276095
3.637312
3.6477463
3.5515895
3.594337
3.5955005
3.6896825
3.6795359
3.637607
3.6642044
3.6021988
3.5227482
3.640324
3.5809708
3.5103164
3.658482
3.6163523
3.535683
2.64994
3.6691287
3.6458676
3.495384
3.5457702
3.5025797
3.4056818
3.2638464
3.3183675
3.0464537
2.9926324
3.240939
3.0295742
3.1450872
3.251761
3.360439
3.469919
3.5599208
3.5679643
3.6276886
3.630643
3.6468172
3.6250885
3.7248342
3.6278732
3.2296212
3.5678902
3.6694424
3.6418214
3.5674272
3.6440346
3.6556613
3.5947838
3.6496217
3.632965
3.7737532
3.6626
3.3340201
3.5642593
3.5888488
3.6937387
3.6725016
3.7167165
3.6711178
3.7087846
3.6539354
3.6288612
3.5196671
3.6465497
3.541553
3.7565103
3.7019024
3.539869
3.6290069
3.4658537
3.7330818
3.2527068
3.7425888
3.6722045
3.1187563
3.3207545
3.297955
3.1028154
3.0432584
2.939442
2.769714
2.8632884
3.0342777
3.072142
3.0239277
3.0794787
2.9990957
3.1500554
3.196016
3.1463296
3.2107222
3.2469332
3.1913393
3.2010224
2.9985037
3.2813077
2.893355
2.7940881
3.1577265
3.2800486
3.314916
3.241918
3.3014991
3.3576906
3.3165374
3.1571302
3.2874863
3.1536274
3.3084452
3.3041003
3.3554463
3.3441546
3.1393003
3.0979147
3.0362725
3.1949122
3.1672502
3.126454
2.9604497
2.990665
3.0204496
3.0312314
2.8287911
3.1244648
3.1906893
3.2951465
3.317157
3.5200913
3.5612538
3.775212
3.7138693
3.744771
3.7579029
2.9560456
3.6007547
3.7662337
3.6901913
3.6973639
3.7352884
3.532836
3.8295665
3.674304
3.7750084
3.6436357
3.7634535
3.6527033
3.7275686
3.5294166
3.6715333
3.7062864
3.6406493
3.7451973
3.6555054
3.7478356
3.5958242
3.707567
3.834374
3.7561939
3.612966
3.6933396
3.6599848
3.6613283
3.5801682
3.4979594
3.3718615
3.4380717
3.4295857
3.7706828
3.900626
3.8136923
3.656832
3.5700955
3.4678667
3.6021225
3.6354992
3.637793
3.689312
3.6794271
3.6817482
3.7161674
3.7475321
3.6475987
3.6971116
3.7282014
3.7238998
3.7633004
3.711138
3.6060066
3.674397
3.7184336
3.5568092
3.097209
3.6293595
3.601484
3.444027
3.5496914
3.4879475
3.4902315
3.5207875
3.5394948
3.5847714
3.728157
3.142444
3.5867853
3.5061498
3.1737657
3.0138464
2.8371184
2.9844298
3.0976195
3.7793922
3.869399
4.0249844
4.0246997
3.791402
3.6071808
3.7134643
2.7847798
3.305549
3.5128777
3.434009
3.555577
3.685999
3.6149378
3.828479
3.656771
3.7230897
3.7368617
3.7319496
3.90106
3.936782
3.7659237
3.8700113
3.8013635
3.6051776
3.455145
3.0212593
2.6398897
2.6273105
2.7395682
2.6875505
2.7512932
2.7510984
2.7345653
2.650991
2.6988716
2.6730287
2.7319195
2.6429718
2.6853275
2.7123275
2.6410844
2.7033055
2.7205431
2.696691
2.6688547
2.671796
2.697281
2.684932
2.7250397
2.7093744
2.7141454
2.7636704
2.7314067
2.7339141
2.7825234
2.7626643
2.750849
2.7699664
2.7805464
2.764505
2.7666986
2.7223463
2.801996
2.7946317
2.7711391
2.7613752
2.7463572
2.7153282
2.7382486
2.7366107
2.7668912
2.6554196
2.623661
2.7179346
2.741095
2.6855059
2.7649705
2.914703
2.7024772
2.6822085
2.7368662
2.7529063
2.763411
2.8118665
2.7326066
2.4444108
2.6775136
2.7250652
2.7334542
2.7392836
2.7389138
2.8138938
2.8174257
2.798463
2.8121893
2.7357023
2.7571132
2.8502738
2.7459183
2.792786
2.7201684
2.6873753
2.7409132
2.66585
2.5510151
2.5955863
2.5688138
2.5962603
2.5920699
2.5347128
2.6481566
2.6864493
2.6890535
2.6714425
2.6023316
2.6876025
2.6787682
2.6536815
2.6599932
2.6252546
2.6279771
2.6026669
2.6462922
2.6272643
2.5918958
2.6290615
2.3476362
2.6298633
2.5218973
2.649856
2.611029
2.639738
2.3409803
2.6482625
2.5936956
2.4561217
2.5738676
2.6341734
2.521641
2.6589208
2.6373627
2.5756924
2.563519
2.6248274
2.584833
2.6081603
2.6371372
2.5913005
2.6114829
2.622336
2.6060421
2.6800745
2.5786114
2.6689262
2.592088
2.5723324
2.670222
2.683623
2.6524272
2.627931
2.7419653
2.640923
2.6446593
2.6733973
2.63015
2.6834595
2.7555947
2.6566155
2.605677
2.6076744
2.651456
2.6421032
2.623115
2.6431534
2.4173863
2.5423098
2.5358424
2.4690382
2.6321082
2.7410061
2.7196438
2.4890785
2.8923035
2.9109015
2.8349283
2.814506
2.888201
2.754943
2.8029687
2.5668962
2.5850894
2.6004198
2.5675223
2.4708395
2.4392722
2.4827232
2.5029964
2.532936
2.6002932
2.6653783
2.6859665
2.7885613
2.7048616
2.6614714
2.7242787
2.4396853
2.7509975
2.6602962
2.6220279
2.5567727
2.5867162
2.577132
2.5085058
2.487962
2.7133427
2.5386024
2.3499565
2.6557038
2.5263546
2.4948802
2.4734554
2.4509733
2.3840053
2.4813435
2.4451735
2.3997188
2.3594646
2.3448603
2.3845968
2.33914
2.4854555
2.3651588
2.435369
2.2827938
2.4086597
2.3403914
2.27816
2.2913368
2.391996
2.3781054
2.3329346
2.3720078
2.367968
2.340734
2.431654
2.433729
2.5036535
2.3346899
2.5154586
2.3087182
2.8491511
2.8165927
2.963999
2.8694215
2.9390287
2.3740122
2.453886
2.8563373
2.7672522
