10000
8.452812
10.1641035
9.984159
10.061086
10.025457
10.074321
10.009123
9.983184
9.964531
10.016395
9.870801
9.937583
9.847238
10.019156
9.9664345
9.981005
9.841564
9.808106
9.981472
9.865599
9.903796
10.05578
10.035639
9.881898
9.990869
9.9383
9.990371
10.009908
10.078914
10.044336
10.110456
9.853651
9.84826
9.931826
10.064292
10.105288
10.062953
9.937786
9.749024
9.732544
9.396145
9.1504345
8.832909
8.714456
8.327485
7.358734
6.6512003
5.9216375
5.497613
4.3911815
3.858467
3.9294722
4.1161785
3.9794095
4.2257843
4.9418626
5.424844
4.3500786
3.4925375
4.034109
4.982024
5.25406
4.9521933
4.153135
5.4814587
4.822177
5.2017303
5.7403107
5.22668
4.3709135
4.286216
2.3353002
2.7174017
2.9073007
3.4659986
4.0835943
5.198378
4.966633
3.8024855
3.28408
3.3086858
3.3519118
2.798373
2.4654043
2.4923267
2.268311
4.439949
2.7700222
3.2513642
3.89831
3.539839
2.8781195
3.3970115
3.5829973
3.3211358
3.6270852
3.8534076
2.9165
2.963808
3.17037
3.2417696
4.5381546
4.5225606
3.2250402
3.6265876
4.273819
3.8215559
3.192455
3.792532
2.7434018
3.8936448
3.6468623
4.722954
4.523134
4.188254
4.034189
3.8301334
4.0310802
4.879261
4.274693
4.357166
3.8346856
2.3796852
3.6271296
4.708475
3.7847748
5.377541
3.9920218
4.374402
3.5129845
3.6984828
3.4630425
3.3588376
3.9968736
4.096601
3.9601316
3.783517
3.385582
3.469554
3.4621716
3.1545286
2.4566364
2.745695
4.083241
3.9717226
3.3972971
3.9615884
4.0609026
4.290537
2.8501148
3.8739512
4.5183067
3.281054
3.0648398
3.0805213
2.7491148
4.0664754
4.7554264
5.579183
3.7792678
2.6027927
2.9902759
2.9515646
2.709832
2.7379737
3.3258908
2.1938915
4.36451
3.2263181
3.4223363
3.5808651
3.0676982
3.1661918
3.6314378
3.7255373
3.1512792
4.046163
3.0262578
2.6788085
2.3922625
3.046084
3.1212947
3.4745374
3.0726347
2.629625
3.806761
4.057243
3.763601
3.3993344
3.865787
3.5116763
3.3711743
4.0710278
3.677805
4.449813
3.0393229
3.611919
5.55216
3.047374
3.6873164
3.374996
3.3314548
3.2384264
3.2755268
3.4653006
4.3857155
4.8191285
4.4861298
4.196381
4.0662603
4.5243053
5.070277
5.3482537
5.0177426
4.506446
3.7746582
3.1333435
3.4450538
3.606121
4.46051
5.058059
5.1980257
5.0271664
4.783308
4.750186
4.373475
4.3933887
4.5912952
4.7069964
3.8878365
3.7360468
3.5692492
3.389938
3.295554
3.5513003
3.5196114
3.8183475
4.2612433
4.0840936
4.7382708
5.3118725
5.51325
5.184887
4.942973
5.019214
4.414452
4.8346896
4.838597
4.471525
4.3768444
3.1374664
3.182783
3.5338554
4.6729655
5.015271
4.1470246
3.7551823
4.5024467
5.488138
4.117099
3.69098
2.3352284
2.4911127
2.212581
4.162807
4.4418764
2.0626647
4.465754
2.2209249
5.3212104
2.1520803
4.4697657
2.1286538
4.4066815
2.0281744
5.09781
2.1161394
4.6833425
1.9967132
5.090712
1.9675688
4.579181
2.2305555
3.7613826
5.504364
1.6800532
3.888142
4.699502
1.5504192
3.4566853
5.9493484
1.9362643
3.7222316
4.3981533
3.1222084
3.1655948
3.041205
3.2388272
3.289468
3.4341354
3.5014222
3.5153618
3.4559393
4.111238
2.6788087
3.5660954
3.1699915
2.9242542
3.3330925
3.8437033
4.3185377
4.238898
3.512239
3.8687158
3.89695
3.7185009
3.738281
3.6476974
4.966591
5.217336
4.5160823
4.115259
3.4137132
3.4299672
3.595532
3.4826381
3.513155
3.8055472
3.9173465
3.9437525
3.831405
3.9869475
4.185562
3.9713817
3.8416824
3.7981613
4.270031
4.8453517
4.836142
4.9550323
4.709723
4.665577
5.028656
5.2232566
5.210805
5.034345
4.5105753
4.4208083
4.2124667
4.084339
3.6978168
3.7591858
4.16029
4.6552067
4.1030345
4.125311
4.2295547
4.4871902
3.8374867
4.050307
3.911221
4.201158
4.5166893
4.7541656
4.8521852
5.1684637
5.0005627
5.444006
4.9694858
5.17454
5.198076
4.754328
4.5937195
4.601957
4.933362
4.705283
4.722079
5.1621118
5.373443
5.834262
6.095824
5.9855876
5.6674385
5.474634
5.607483
5.8726964
5.675269
5.9607105
6.0303793
6.348345
6.2463646
6.3896255
5.975049
6.01798
5.3215795
5.323528
5.667005
5.5935583
5.4592943
5.032939
5.0335402
4.9306765
5.2371364
5.4511566
5.6512623
5.838331
5.7930536
6.2063727
6.5142164
6.565036
6.6146092
6.6497493
4.471803
2.9954457
2.9807105
2.0483134
4.0439496
3.742901
4.2344794
3.8789508
4.9742413
1.4342654
4.326782
2.7797017
2.641374
2.800557
3.4763634
3.8470519
4.2719555
4.1536903
3.4854355
3.2514958
3.155265
3.526371
3.7820652
3.7802398
4.2040343
4.123207
4.561583
4.567722
4.4358444
4.18253
4.1856995
4.122195
4.1959863
4.522319
4.2294154
3.9199712
3.6945405
3.4036837
3.5175786
3.8307378
4.295986
3.8168097
2.8937304
4.823207
4.812763
5.567935
5.538708
5.580613
4.856511
4.830775
5.170594
5.069176
5.047165
5.009756
3.6502552
3.1896157
3.4158309
3.4993255
3.5889156
3.4904735
3.4570746
3.3652554
3.39021
3.4750717
3.3731859
3.5047286
3.3601565
3.4630833
3.2769725
3.481396
3.301341
3.4562633
3.4064815
3.394829
3.4390335
3.6844387
3.1657164
3.3811088
3.2205155
3.141823
2.9751287
2.6702065
2.8363822
3.214864
3.3719578
3.3331053
3.4257648
3.5621169
3.382833
3.7744958
4.4488387
3.5271325
3.6211007
3.7993069
3.7454598
3.6188061
1.7494482
4.870361
4.891998
4.2743487
4.150876
4.678825
0.9150887
4.4957957
0.3461202
4.3031216
0.5288257
4.636855
0.5376004
4.5062037
0.47151005
5.1247144
0.43670878
4.7332044
0.8259788
4.937308
0.42530257
4.6088195
0.40210146
4.883173
0.45630744
4.3337984
0.5104901
6.0195518
0.4835238
4.303498
0.50152725
4.6936426
0.5452677
4.4571004
1.0287541
4.511094
1.8808241
4.6546144
2.9457953
2.9701686
2.920605
2.9827032
2.897973
2.8405418
2.9185374
2.885313
2.9098535
2.8066795
2.8241897
2.8799152
2.8099527
2.8790796
2.9310565
2.9686103
2.9287298
2.8871417
2.952599
2.8123646
2.8136353
2.7696939
2.7003083
2.6594381
2.7361727
2.8515782
2.760435
2.6571856
2.635885
2.604704
2.5569549
2.558089
2.538078
2.604185
2.6720328
2.6946821
2.7820601
2.7645273
2.72763
2.63033
2.7490292
2.7616034
2.688413
2.686367
2.6814046
2.6592665
2.7910395
2.6998768
2.6431441
2.7278433
2.8161535
2.921717
2.8806682
3.0992055
3.162919
3.1220543
2.8960779
3.036006
3.0755727
3.1461892
3.4626675
3.4537127
3.040095
2.7104592
2.7285576
2.974502
2.7594388
2.7015018
2.52731
2.767324
2.75821
3.1225076
3.065417
3.035289
2.985358
3.2129216
3.326745
2.7651896
2.732911
2.8680198
3.0815217
3.1816096
3.3565185
3.3924377
3.3902175
3.1638522
3.1417797
3.243136
3.115455
3.1745377
3.1728444
2.9945617
3.0305133
3.240126
3.4147024
3.5431733
3.6190782
3.7139664
3.3020527
3.4751675
3.5888724
3.483112
3.3996656
3.2446012
3.0645058
3.2608192
3.0860653
3.1336033
3.42456
3.2922652
2.8027196
2.4745023
2.8294764
3.1368246
3.4061673
3.715249
3.4522157
3.416018
3.3060017
3.1642256
3.2801921
3.1158144
3.3707051
3.0957756
3.3556387
2.956934
2.8083138
3.073504
2.9872057
3.1243494
3.3199253
2.916939
3.2255878
3.8284025
4.046478
4.6191163
5.166649
6.10495
7.191345
6.880391
6.08528
5.407993
4.5999265
4.4426584
2.9911306
3.5344594
2.7129667
2.403861
2.4126298
2.0569828
4.832605
3.1451
4.612103
5.010594
5.876027
5.698558
4.4236836
4.118229
3.472392
3.8852339
3.9274635
4.9133544
4.830822
3.804104
4.291671
4.181095
4.9005055
3.7715168
3.815631
3.8461072
4.315456
4.3393493
4.6559806
3.8178635
4.028723
4.9757957
3.3951373
3.2690678
3.9546015
3.1956096
4.1812825
4.9059935
4.6568904
5.179185
4.1899614
4.1214848
4.2239347
4.3434916
4.556115
4.79795
4.89409
4.9149456
5.074437
5.1424756
5.1316595
5.147581
5.193197
5.156224
5.224335
5.145831
3.312694
3.133686
4.2909584
4.064448
2.3140519
2.5880075
2.5717514
1.8809041
4.531341
1.1595948
4.9032345
1.0898567
4.9861374
1.14241
4.346301
1.1978502
4.692441
1.2084785
4.6814294
1.1179025
4.585099
1.0741277
4.477811
1.064593
4.810852
1.0768651
4.80486
1.1877995
4.9260864
1.1170251
5.363886
1.0978913
5.922191
2.587187
2.3036356
2.7979443
2.0336447
4.378914
1.8866847
6.485212
1.6765805
6.4308586
1.6415623
7.299009
1.8267184
7.32187
2.0103583
6.881841
2.2163048
6.6031513
1.9570729
6.45979
2.071169
6.3131337
2.133492
4.7263613
2.0905771
4.758825
1.9021025
5.1300745
1.7718949
5.6746397
1.9337503
4.595809
1.5557244
4.640181
1.5914075
6.7036624
1.5383472
5.2933025
1.6093546
4.455427
1.7469442
6.057169
1.8215091
4.3581767
1.9206973
5.5003233
1.900528
4.4236507
1.9632103
4.583816
2.0973809
5.1004815
2.0780916
5.0115952
2.5627143
2.638888
2.694182
2.5902183
2.8887508
2.9401639
3.306898
3.1430779
2.8556578
2.678967
2.6911993
2.9804704
2.9684405
3.017498
3.0135763
3.1210518
2.8094933
2.8012373
2.7748957
2.8891234
2.9028702
2.9451668
3.081035
2.9862428
2.9963856
3.157416
3.0482621
3.121617
3.1739316
3.3806596
3.2191596
3.1903865
3.0905695
3.2502546
3.3940883
3.3291833
3.1169288
2.9546866
2.8522372
2.9679427
3.1201434
3.1748376
3.774634
2.671846
2.3713348
2.9483283
2.906474
2.2238352
5.6908064
3.362396
3.1741006
1.3702424
5.5833583
1.1769495
4.3274927
1.25884
4.939019
1.3533224
4.7418437
1.3097674
4.8258944
1.3678181
4.548678
1.3933387
4.579568
1.4871918
4.746188
1.5294595
4.127337
4.722945
1.669048
4.314557
1.5295457
4.3249
1.4706998
4.027389
5.4856806
1.3499467
4.1203775
5.1001663
1.3766267
5.156488
1.3034928
4.3792844
1.4711937
4.738929
1.3996655
4.379431
1.3584067
4.152073
4.6773286
1.3151727
4.7128134
1.2153913
4.2110233
4.587203
1.2049063
5.436552
1.245931
4.6300983
2.0736487
5.065145
2.0364537
4.39054
2.1136034
4.39335
2.0788448
4.094653
5.109549
1.8298546
4.1514854
5.090018
2.1234293
5.348991
2.1922755
4.3811626
2.4143443
1.8913808
4.993723
2.0905423
5.1121044
2.0576425
5.0056853
1.9114232
5.225391
1.9218861
4.3382287
2.0005887
4.684322
1.9368286
4.0573893
4.468763
2.0733647
4.7832375
2.4337463
2.1630747
4.7477894
2.0476372
4.467466
2.0337074
4.6433964
2.090784
4.45833
2.0070608
3.7063794
5.366899
1.9148294
5.13668
2.2239218
3.9517813
4.9349785
1.998806
4.232132
4.5737624
2.228881
5.1505933
2.053623
4.635589
2.1944559
4.970715
2.0648327
4.268766
4.967172
2.1044805
4.0309777
5.183563
2.0044622
5.0107603
2.0230613
4.861079
1.9350822
5.350437
2.0926502
4.2299953
4.910954
1.9031334
5.2463136
1.9833536
4.795409
1.9735613
4.8548017
2.0178137
5.651152
1.8923099
5.385734
1.8264354
5.012195
1.7621818
4.3694553
1.7709768
4.597354
1.8574543
4.989264
1.7991762
5.83547
1.7307363
4.897236
1.8281715
4.8104153
1.9546168
5.1643553
1.8734463
4.5433035
1.6372222
5.217148
1.5865136
4.3637657
1.6238487
4.4018574
1.6424718
4.986273
1.6060163
4.732056
1.5617484
4.4379354
1.5506155
5.116206
1.5124034
5.164803
1.4914479
4.937776
1.5920271
5.6920757
1.8669896
4.9416947
1.7647672
4.733659
1.8825425
5.4962316
2.0685847
4.753717
2.0688958
4.678395
2.187132
4.6042886
2.1763725
5.369829
2.0773013
5.355663
2.0708206
4.9413037
2.0537086
5.513697
2.0907216
5.0563164
2.0274973
5.8653593
2.1011715
4.0810876
4.073034
5.7840447
1.9009483
4.16716
4.9976363
1.9301431
4.48171
2.0634398
4.930834
2.0916471
5.516232
2.0789142
4.729424
2.2480893
4.1932945
4.3542466
2.3284795
2.3371253
2.2827802
4.5325294
2.3937497
2.2828896
5.0447874
2.3894968
2.3004704
2.3485787
2.383884
2.2792068
4.454462
2.4586506
2.454134
2.1594694
4.6608095
2.4508011
2.3297374
2.5106854
2.096089
5.050065
2.477794
2.3761067
2.324651
2.0201397
4.3000865
2.1445959
4.3796864
2.267037
4.1752496
5.224282
2.0106678
5.2520366
2.2669992
4.4388456
2.0932646
5.452217
2.240222
4.8383164
1.8855458
4.398854
1.9942802
5.4684896
1.959787
5.5566287
1.9769568
5.348362
1.9543145
5.1691647
2.1879852
5.3875003
2.119542
5.063859
2.0288494
5.17185
1.9811215
5.495949
1.9485431
5.3593206
1.99709
4.0418267
5.3145213
2.0862138
5.105082
2.1726058
4.117387
3.965573
5.4873543
1.7895257
5.3362727
1.8059134
6.0917897
1.4826938
5.775819
1.4333234
3.7534363
4.490806
1.6546385
4.3341165
2.5597634
2.0954587
4.6376057
3.9321275
3.3087602
3.2243207
2.6326766
2.549256
2.6576424
2.3023934
2.2773607
5.1597805
2.5848653
3.0966508
3.0837884
3.0852702
3.6374648
2.632749
1.9654148
5.7562437
2.1467042
5.523136
2.0137415
4.767296
2.1557274
4.1927743
4.5205116
1.904274
4.0775123
4.4590755
1.9138703
6.0154834
1.9255846
4.9636846
1.8703027
4.664135
0.7255141
5.159512
0.7950012
6.4300427
0.7033847
5.0669937
0.54250705
4.4404044
0.62145853
4.8437977
0.6367975
3.6135752
7.0725074
1.6706464
4.289779
4.912392
5.197678
4.8499413
4.948114
4.808677
4.947266
5.1728106
5.1771526
5.330843
6.7795796
6.3354526
4.58881
3.511664
5.2417107
4.918893
2.082222
4.269109
2.2106307
4.7565155
1.9993188
2.7894564
3.0444093
2.8590798
4.343994
2.4128726
3.1730917
3.0242438
2.9211054
3.0106273
2.7996583
3.153367
3.1722856
3.4497113
3.7502673
3.7275705
3.9823012
4.116934
3.85742
3.744992
3.6039824
2.5256839
2.6190298
2.4968026
3.7609081
4.346476
3.2121751
3.601098
4.148304
4.5551467
4.6693
4.6927705
4.1204824
5.063613
5.046511
5.418785
5.0021486
4.812002
4.7441235
3.4971108
3.0218322
3.5527096
4.04767
5.0636234
4.891909
4.5001683
3.403295
2.4834478
1.7438638
3.5619035
2.5576484
3.9466217
2.8657641
3.0791538
3.9169025
2.7484684
3.2286232
3.1276257
4.21463
3.926909
3.527228
3.7312512
3.4813185
4.08373
3.1588752
3.5810356
4.2769265
3.7224371
4.13786
3.1246507
2.441853
3.7532582
4.025127
3.524618
3.9354339
3.2012203
3.0601006
4.42527
0.49595964
3.4061005
4.337275
0.28353724
4.2500844
4.250611
4.631259
3.3245316
3.822723
2.8532465
2.897324
2.9123406
2.9981906
2.9669392
2.9925287
3.0222876
3.0765119
3.0466263
3.093964
3.0789576
3.1086378
2.7575448
2.797011
2.9924235
2.7971683
2.83307
2.8578315
2.9202323
2.9304307
2.83765
2.8857205
2.7942584
2.4397757
2.3106763
2.1418893
3.8479297
3.7387462
4.5729265
2.2679787
3.1071534
4.3331556
2.6788094
2.7517595
2.6294432
2.5810568
2.7454996
2.7574177
2.6354525
2.6467218
2.5335634
2.5762823
2.5053096
2.5392714
2.5391703
2.6057508
2.4875865
2.472074
2.4970417
2.4893475
2.4949179
2.631506
2.5235937
2.4996111
2.6172862
2.4813638
2.5061352
2.5918243
2.6467524
2.6549947
2.7603161
2.9038959
2.6857462
2.2817445
4.721789
0.6185176
4.745886
2.5473492
2.3341131
2.573718
2.536977
2.5920284
2.5319402
2.4161465
1.6895057
4.4940867
3.0851204
3.2464654
3.2510653
3.1370442
3.1574852
3.4659705
3.4541516
3.3938756
3.7504148
3.5082402
3.677655
3.6666188
3.7298167
3.634029
3.7765658
3.7655458
3.7050838
3.807298
3.8236847
3.9479036
3.813089
3.7895155
3.9143658
3.9196754
3.7998524
3.9096057
3.86735
3.8929985
3.743391
3.8292289
3.9037151
3.737006
3.9447947
3.7751577
3.82449
3.8529413
3.7722707
3.7457519
3.743744
3.6657727
4.4798155
3.4248035
3.8984065
4.1227574
2.6585174
2.684858
3.0164988
2.8007727
3.61227
2.6309788
2.7015865
2.6735542
2.4419923
2.9045668
2.721634
3.2345245
3.2000408
4.0731945
2.5286171
3.0876596
2.8937147
3.8108988
3.5559683
3.6059113
4.450237
5.2580204
3.3024611
3.108899
5.8258533
5.8228397
5.8219657
3.1863134
3.2000134
3.5316887
3.7710154
3.7172348
3.2917285
3.368298
4.3439054
3.8355327
3.992575
4.1692057
4.518317
3.9439194
4.270057
3.6009417
3.4048042
2.9002366
2.8609746
3.1891675
3.464102
3.7282772
4.64028
4.78343
4.4856744
3.5671027
2.857483
3.5808303
4.8289256
4.0394735
3.486057
4.347516
4.437377
4.056118
4.058962
3.0515332
5.13503
5.374183
5.2259655
5.4584246
4.7178073
4.816616
5.0239778
4.7371736
4.7612453
3.8597062
4.171042
3.1165464
3.6696541
3.5251203
4.0945096
3.636974
3.7132668
3.6405923
4.4768863
4.6831126
4.496279
5.055254
4.469559
4.796374
5.149736
4.800705
4.3340144
4.699291
4.6284146
4.581625
4.1365247
4.414522
4.9105797
4.774729
4.5958023
4.719389
5.298096
5.133329
5.2316856
5.5315127
4.563372
3.6423683
3.5444217
3.495881
3.2850158
3.1682181
3.9714785
4.396127
4.051691
4.4315
4.356764
3.233945
3.8227267
3.6380806
4.2387366
4.057979
4.2394876
4.76066
5.2485676
4.907035
4.2343383
3.44044
4.395271
3.8921812
4.531296
4.80313
4.768758
3.9956079
4.5756207
3.737974
2.931768
4.3465276
4.147812
4.1730027
3.7125683
3.6521184
4.8296666
4.0070977
5.2911034
4.651994
4.520103
3.6832666
4.157743
3.6315598
4.9312077
4.222298
3.2188792
3.4062228
3.5377204
2.4860442
3.2604868
4.1303043
3.781049
4.160072
3.2739294
4.6929884
4.0550165
2.896198
4.099977
4.0580053
3.3219938
2.2154589
4.8501635
2.283823
2.7916431
3.9567533
4.3444357
3.6059084
3.7544153
3.3095925
3.8212686
5.6080236
2.501683
3.003138
3.766375
3.2579765
2.4374304
2.3092413
2.1797154
4.8688107
2.8876982
2.6537793
3.2375352
3.2280254
3.0361118
3.4788282
3.657015
3.6445642
3.0702453
2.7630062
2.5309494
2.397554
2.7352433
2.735372
2.763938
2.6922302
2.7143407
2.7835793
3.2365522
3.2507076
2.8206937
3.3933873
2.842619
3.0595431
3.6408556
3.9351037
3.5498278
3.0390222
2.8416505
2.217599
3.490122
4.35507
2.2141197
3.3613663
3.2854245
3.8215632
3.79713
3.711831
2.984966
3.081812
4.2165275
3.9448144
3.8810644
3.431162
3.5922883
3.2894404
3.1927412
3.3962247
5.398267
1.9403195
3.670568
3.6702569
3.779016
3.3238492
3.3621387
3.2208722
3.1730347
4.578767
1.7552104
3.5534506
3.056045
3.0573921
5.4061418
1.5854454
3.3870585
3.3913848
3.0316627
5.31672
1.6667621
5.2733216
2.0958283
4.2695975
3.5074139
4.3951893
1.7094307
3.6027935
3.7598252
3.7777987
3.2596102
4.450114
1.6208742
3.704517
5.509261
1.5259259
5.2066545
1.5114357
3.9909356
4.970143
1.8443388
4.773955
1.5933892
4.710131
1.5711594
4.20701
4.471172
1.8293374
4.34723
1.4951881
3.2739058
3.6312804
4.3395023
1.5262954
3.5344858
4.150174
4.5005784
1.6365073
3.636058
3.4218018
2.439425
3.6529846
4.6013308
1.4985008
3.9588811
3.6216753
3.561635
4.0212035
4.3956017
1.8772072
5.1636486
4.5519
5.114545
3.326956
3.0180001
4.3100777
3.8445964
3.9216962
3.9373977
3.548886
3.1163707
3.2293746
2.766871
2.302028
2.5537884
4.1767173
5.0761185
4.860135
4.8501844
4.914874
5.1555014
4.862837
4.5905185
4.309463
2.1893823
4.6702414
3.3513165
2.9827073
2.8634126
3.893159
4.173706
4.048835
4.350483
4.3507247
3.6282804
3.3600395
2.9483557
2.8574312
3.0187755
3.3202496
2.7135184
3.0074134
3.1019335
3.0298924
3.2195446
3.44221
3.5656438
3.6684504
3.6057093
3.9521642
3.7710435
3.270515
2.4885216
2.489276
2.633478
3.2455254
3.690155
3.5821052
3.5116699
3.8222106
3.8050303
3.5538476
3.613418
3.897163
4.0192018
3.7436962
3.150706
2.8168657
3.134768
3.2151003
3.645489
2.7532146
2.5391858
2.4889219
