10000
8.851255
8.706132
8.685972
8.777189
8.732114
8.608469
8.645037
8.587342
8.54439
8.197609
8.051716
7.809589
7.9999056
7.9958653
7.782757
8.088656
8.066319
7.6870885
7.3006687
7.2119517
7.104209
7.156062
7.240744
7.6460295
7.72339
7.983244
8.171358
8.330765
8.183051
8.1454735
8.275829
8.119674
8.048776
7.8294296
7.982596
8.2437105
8.281984
8.063134
8.148252
8.103981
8.23306
8.132228
7.995801
7.9716744
7.582509
7.6546726
7.6266685
7.937796
8.374262
8.347681
8.230074
8.08975
8.135331
8.385319
8.42629
8.499565
8.549292
8.367847
8.395485
8.193285
8.10882
8.296949
8.0717945
8.08426
7.667618
7.8274784
7.6924973
7.8244915
7.708118
7.9834433
8.204026
8.138637
8.189332
8.274324
7.92817
8.279176
8.57164
8.563185
8.426596
8.279221
8.297515
8.39216
8.189752
8.225504
8.0261
8.116221
8.218501
7.685281
7.7391763
7.547433
7.6876082
7.961728
8.358667
8.23074
8.510768
8.186505
7.769879
8.358398
8.158453
7.737767
7.766204
7.667755
7.6829176
7.0979004
6.605915
6.1657457
6.3327594
5.956032
5.3985734
5.6465936
6.081037
5.7124395
5.4962025
5.034346
4.7007456
4.3860335
4.539719
5.0628595
5.371168
6.2211204
6.419052
6.158316
5.7353706
5.2388873
5.4804196
5.677277
5.4124064
5.773624
5.687387
5.578248
5.5581174
5.163583
4.6073356
4.612859
4.1449466
3.6437578
3.5640557
3.8526275
3.9667182
3.3762493
3.2040129
3.3496604
3.547656
3.5928113
3.362479
3.4818227
3.4119978
3.470991
3.490298
3.599375
3.505736
3.5650141
3.5796437
3.6187499
3.469059
3.530357
3.6161196
3.483269
3.7277842
3.7242095
3.626862
3.8250537
3.7223473
3.87116
3.7328982
3.7005737
3.715698
3.7978594
3.8005798
3.6291287
3.8405247
3.8402646
3.5503328
3.9157772
3.8898613
3.8547726
3.8627043
3.7434645
3.7607117
3.6577287
3.8590865
3.8053844
3.7906725
3.7589366
3.7819784
3.8935707
3.748943
3.6707602
3.791638
4.042676
3.8419814
3.927947
3.7424326
3.9034843
3.8169184
4.0756044
4.1932135
3.981666
3.9358957
3.849706
3.9949467
4.16519
3.7892528
3.7006269
3.7970984
3.9499586
3.9421349
3.7047555
3.7285445
3.7420082
3.837182
3.6814518
3.6804845
3.8690376
3.7735677
3.6471252
3.8004375
3.497579
3.8654308
3.6486342
3.561614
3.7051082
3.646854
3.6033826
3.6124501
3.6257048
3.547528
3.8316064
3.5289495
3.428841
3.4057505
3.3019657
3.1581528
3.1212363
3.1905785
3.122343
2.8750226
2.8528836
2.7877514
2.8937712
3.0094438
3.2795084
3.2632673
3.3483756
3.2870226
3.3858368
3.4421842
3.602384
3.6013129
3.8128636
3.6853368
3.8129423
3.5861933
3.4844103
3.593397
3.3868587
3.6001298
3.5116777
3.1718163
3.2651196
3.1404634
3.260652
3.4859746
3.4771428
3.4119668
3.2947743
2.9394023
2.9372225
2.7626767
2.9882622
2.7937074
2.9056897
2.720091
2.9878173
3.3233821
3.579303
3.3312118
3.0818052
3.3698092
3.2381113
3.6406212
3.4594333
2.932638
2.5165112
2.1296527
4.8453145
2.6247406
2.6013882
2.8377156
2.9800258
3.3689919
2.9192696
2.1474407
3.1487796
2.7754035
3.859882
3.731945
3.2886736
3.5731382
3.6963701
3.2525616
3.7446902
3.8973782
3.387679
3.2576551
2.903647
3.154356
3.7557158
3.8088639
3.1276376
2.9875505
3.1984696
3.135283
4.468881
2.2142422
3.1454396
4.220848
3.6981823
3.7197895
2.870268
3.502367
3.2977855
2.6597648
4.0390973
3.9438553
3.7089338
2.9172618
3.094013
4.0366635
3.0068386
2.878508
2.6141617
2.6987238
3.6995714
2.5948687
3.5480366
3.5826519
3.2220051
2.4843526
4.1308007
4.4512453
2.408183
2.6150107
2.6285105
2.497956
3.6707315
3.2648878
3.530126
2.6243083
2.2601783
2.4536178
2.597594
3.316323
4.646319
2.2721007
2.7460618
3.1998165
4.4498367
3.4367757
2.4490762
2.4803398
2.69463
2.822388
1.9345462
4.1460814
2.6683877
2.9273574
3.553059
3.2963808
2.704571
3.730356
3.6886418
2.55695
3.0892851
3.4439883
3.1050873
2.7796097
2.9554794
2.5894616
2.6282103
3.2756171
2.4487412
2.759044
3.796564
2.0727496
2.9117098
2.9102373
2.2808793
3.40768
2.8477361
2.9066288
3.1697743
2.5791836
2.8145163
2.6340227
3.2484262
2.4400373
3.0445442
2.8203602
3.3704996
2.8840501
2.6278965
4.390364
2.7787466
2.7810888
2.3788583
2.0571566
3.058448
2.8140645
2.9537864
2.7984154
3.9386322
2.7908754
2.692953
2.4060032
4.00447
3.316793
2.5899765
2.7939067
3.055594
2.730062
3.1886528
2.7546468
2.345193
2.4290261
4.724462
2.6834867
2.2849042
2.0074246
2.5241191
2.7326217
4.049843
2.5971735
2.7951262
2.648168
2.9906638
2.7553732
2.8717337
3.9782732
2.5943983
3.047776
2.899352
2.6185246
2.9673042
2.739569
2.0718207
2.6083295
2.5864673
3.068873
2.957832
4.146794
3.284263
4.2822056
2.212382
2.22617
2.5606146
2.3042831
2.9885366
4.069335
2.5232553
3.2819147
2.8473053
2.806224
3.2303472
2.7369947
2.675533
2.8962605
2.9395278
2.8116212
2.9440122
2.954488
3.0563848
4.3953075
2.6916492
3.6162293
2.823709
2.8453975
2.6325395
2.626756
2.8222885
2.9902952
2.7684994
2.6961942
2.5239675
3.1892362
2.8417912
3.5680108
3.6374211
3.289518
3.3295712
3.5530362
2.779548
2.296914
2.6653664
2.2270603
4.06273
2.4465525
3.8792045
2.6450775
3.4316847
2.916878
2.9106698
2.8499722
2.7574766
3.8033798
2.8084145
3.3606796
3.6083236
3.1521454
3.8805945
3.731803
3.2891443
2.8807218
2.6806965
3.2539084
3.287232
2.4744866
2.476869
2.4639223
2.211747
3.123292
2.6499782
3.976958
2.4360921
2.7905223
3.0382318
2.2474062
3.0386727
3.6013544
4.4067364
2.9685826
3.0317013
3.145437
2.5091453
2.7467647
3.0075817
2.8974724
3.3592
3.5776715
3.2755692
3.5976844
3.5991862
3.4296448
2.4201815
3.1402593
2.8844807
2.9927647
2.9386013
3.0653448
3.0284345
3.330986
3.418064
3.2649333
2.934604
2.7784162
2.9786682
3.031637
3.323574
3.325128
2.972722
3.1243045
2.2990007
2.1553102
2.9936686
3.9260232
2.6497324
3.4962497
4.1873474
3.1058571
3.2231457
3.3321958
2.3146126
4.4986095
1.9828615
3.343981
3.1945271
2.6859553
4.0779166
3.0031748
2.6829238
2.7265763
3.2511249
2.568722
3.2487495
3.1846416
3.430897
2.8072836
2.752899
3.5181174
3.1726592
2.4933038
2.6402311
2.759454
2.7432282
3.591287
2.8070602
2.6639988
3.027912
2.7422557
3.7423878
2.8926697
2.4851687
3.073118
3.1658764
2.5305576
2.4657142
3.4463713
3.4504437
3.2931623
2.484167
3.6811912
2.5938113
3.6009874
2.9462674
2.704541
3.611376
2.6001225
2.801137
3.4382806
2.7131064
2.8454483
2.6546352
2.7873921
2.8856404
2.4177825
3.2409132
3.154532
3.1213686
3.312644
3.668372
2.5116405
3.4419975
2.644535
2.9699943
3.279739
2.9790277
2.969477
4.006889
3.1515596
3.7307682
2.6610644
2.1368618
2.8245227
3.0048196
2.505181
3.457362
2.7942166
2.8703194
3.3340654
3.2613842
2.5641637
2.81408
2.8657439
3.4178095
2.923578
3.2891858
3.2272656
3.5581386
3.4048247
2.3569171
2.5514662
2.7665193
3.5609553
2.8726213
3.9242535
2.999176
3.0931633
2.954178
3.6419408
3.0119631
2.7648523
2.6409037
3.5279622
2.7907243
2.4573793
3.3577034
4.1575174
3.2760932
2.6966789
3.41852
4.0364075
2.8736095
3.1542315
3.1221774
4.4841323
2.1976528
3.4304912
3.031888
3.647751
3.503802
3.1391456
2.6868992
3.3317134
2.531507
2.859515
2.7353106
3.9974165
4.57801
1.5167096
3.5183294
2.8978903
3.1944563
2.7643366
3.363061
3.1223176
3.0048702
4.2595687
4.590101
1.8118334
3.3873405
3.5252118
2.8784094
3.2113917
2.6159458
3.162691
3.7317884
2.9835327
3.8449988
3.5267937
4.718649
1.4282408
2.822296
3.2683115
2.7419167
2.7472305
3.6079652
2.6335068
2.89288
2.8177562
4.5161076
1.9425967
3.4664636
3.4165893
2.5247629
3.393677
3.1135128
2.9180458
4.206435
3.3053792
2.7892544
2.8228457
2.3806946
4.6860895
0.8926546
3.5742493
3.383233
2.6515331
3.1997077
2.505323
3.210426
2.5645823
3.1637409
2.9707766
2.8165395
3.1644683
2.8684223
3.099949
3.5957272
2.8222592
2.35552
3.3598065
3.0718367
3.167389
2.8548713
4.408363
2.1587377
2.8105824
3.0915434
3.851019
4.0487227
2.7582135
3.3990195
3.5946648
3.7403386
2.8647113
4.2724957
3.6545162
3.2246902
3.895682
3.6243458
3.3233511
3.0066173
3.5166955
3.214697
2.497079
2.954379
3.0605593
3.0988417
4.1518426
3.0991108
3.4177635
4.0897384
3.7118247
3.5493927
3.82643
3.2833054
3.1055455
3.0744004
3.238805
3.8420165
3.892166
2.8126233
3.0922284
3.4588904
2.8046532
3.131848
2.6785855
3.1297998
3.4952197
3.0906985
3.172475
3.600152
3.311634
3.0236087
3.3259327
3.7358482
3.5178757
4.1496916
2.399921
2.8000996
3.8194723
3.7711754
3.0810828
4.0035524
3.206033
4.263517
3.02757
2.588144
3.302793
3.1668015
3.2033489
3.3185017
3.0761027
2.6911883
3.0532568
2.986243
3.3141448
3.5309896
3.241145
3.8780496
4.0577054
4.402396
2.282794
2.932132
3.390401
3.6217856
3.1819644
2.965172
3.0092819
3.1675646
3.063622
2.9983702
3.0585675
4.1106405
3.4225054
2.3323731
2.7398608
4.0680294
3.2470753
3.2125669
3.8142009
3.3507028
4.117052
3.8359149
3.313587
4.1645393
3.5568795
2.7552385
3.4042757
3.0089118
2.6934307
3.7479131
3.434801
2.8873234
2.5066645
3.4460118
4.0768332
3.665948
2.86381
3.1752448
3.3395765
3.396242
2.8764112
2.5943696
3.966296
3.15534
3.1553218
3.302409
3.4306376
3.883974
2.436198
3.7702327
4.054255
3.2256734
3.9700372
2.850833
2.9861526
3.0895936
3.933658
3.789507
3.9742434
3.3092299
3.778497
2.6961658
4.736708
3.9862757
3.9439976
3.7749255
3.5350568
3.1782265
2.652852
2.8011124
2.5560856
2.3986483
2.8803744
3.1797516
2.7462773
2.3699012
2.538076
2.770205
2.6547263
2.6292205
2.1018655
3.5504396
3.552465
3.611353
3.3410466
3.587336
3.3173537
3.494995
2.8001478
2.7832797
3.5032256
3.3419275
3.2080212
3.2367132
4.6790357
2.0435612
3.3175075
3.3482926
4.1877565
2.8938699
2.8031576
2.9817739
2.8776264
4.7315106
4.5387816
3.991828
4.4500446
3.771068
3.5289397
3.4418306
3.2656782
3.1425366
3.1047254
3.108058
3.0709896
2.650091
2.7411366
2.2200317
4.1421995
3.1633024
3.79803
3.0111184
3.2644904
2.975215
3.3435655
3.4367518
3.4695454
3.728684
3.626496
3.2362907
2.9793143
3.7894254
3.6215456
3.084048
3.4506166
3.1151795
3.0926058
3.397258
4.316768
3.1548333
2.0682561
3.620407
3.4028225
3.1944604
4.2143164
3.0506446
3.9034264
4.2229357
4.1253324
3.3383896
2.8185554
3.2409854
3.5222545
4.282946
3.1473215
3.6503766
4.309045
1.2279128
4.8752084
1.0909467
3.3371851
3.8611913
3.1082196
3.7001877
3.983155
3.608722
3.2038376
3.4874566
3.4412181
3.4372735
3.4742188
3.2169042
3.2442977
3.113553
3.2956123
3.7933447
3.7536554
3.79531
3.0228434
3.149348
3.683845
3.0351865
2.7657604
3.5065536
4.289501
1.478374
3.2480755
3.611546
3.676374
3.6786344
3.4790983
3.4431715
3.5486858
3.80218
3.4886324
3.377456
4.3999004
2.2363706
3.7145863
3.3719296
3.6299274
3.9370222
3.9066942
3.870149
3.5989723
4.591735
2.9571793
3.1919065
3.106735
3.1827059
3.120264
2.9408407
3.0672567
2.999509
2.8650742
2.3613663
2.3841574
2.1338327
3.3661046
3.258714
3.729616
3.3817654
3.7034383
3.3205128
3.553169
2.8617373
4.1919494
3.5571644
3.4319427
3.3437552
3.5681388
4.07595
3.7310584
3.443672
4.0133076
4.83131
2.5831935
2.851144
2.7916985
2.834752
2.6920888
2.892256
2.9269776
2.9417853
2.9656847
3.105494
3.2229688
2.8440752
2.3853502
2.691639
2.5498672
2.794774
2.9043076
2.4356613
2.238216
3.3403547
5.3465967
2.4096763
2.3896317
2.3647895
2.438599
1.989449
5.316538
1.8457636
3.5577748
4.290792
2.3096259
2.1094403
3.474965
3.1234887
3.7709236
3.3770285
3.2254794
3.498742
4.235358
2.9257886
3.4702883
3.247115
3.9998071
3.645352
3.6654599
3.8538086
3.7059865
3.4255893
3.7848375
3.5328739
3.2361305
3.6287763
3.9796314
3.9894156
3.0988007
3.9035335
3.77547
3.296834
3.6165464
3.504129
4.1829515
3.4731326
3.3605454
3.1626272
3.5250132
4.605292
3.229417
3.2617226
2.8025274
3.0142555
3.153173
2.7581913
2.3458166
2.410141
2.1958666
4.071506
3.0645165
3.4974678
3.396194
2.8584359
3.6965933
3.493551
3.4384532
3.4828267
4.186692
3.66148
4.091065
3.4093912
4.0863175
4.2635107
3.5882928
3.6786616
3.4633281
3.5581748
3.7770953
3.6500423
3.3418233
4.186546
3.4654236
3.4732857
3.4747539
3.6115773
3.6524847
3.7994123
3.9581006
3.658783
4.0451846
3.127024
3.436707
3.6319146
3.6339283
3.5450027
3.3857515
3.6521194
3.8965063
3.605529
3.381449
3.7070086
3.435519
3.9395552
3.2509959
3.3050306
3.8821285
3.5332048
3.42811
3.4232197
3.3973095
3.5396228
3.4470766
3.4248528
3.4594972
3.2611253
3.5886004
3.7411008
3.4933095
3.1889756
4.2089477
3.5795898
4.1004887
3.5576072
3.3708923
3.407291
4.212325
3.9175076
3.374914
3.9087498
3.4750679
3.300559
3.41747
3.174973
3.303402
3.6030617
4.5401235
3.7343073
3.6837554
3.4681413
2.9071052
2.7755802
2.7162168
2.5809429
2.6749468
2.656036
2.7144778
2.7656481
2.6203969
3.249841
3.0644872
2.7497034
2.4457867
2.493627
2.5549076
2.5537205
2.5696602
2.548173
2.413881
2.6915529
2.330575
2.6624103
2.3980732
2.4913936
2.6841097
2.6678052
2.5145395
2.5667834
2.635898
2.7245717
2.604721
2.5460596
2.5874722
2.5373464
2.4406104
2.5524902
2.5603547
2.239397
3.6664848
3.7207816
3.6671615
3.3128848
3.746446
3.5124412
3.4956517
3.3493898
3.5120432
3.6600761
3.38855
3.465508
3.632707
3.3960366
3.0952513
3.4248958
3.1947737
3.3950107
3.4618754
3.602388
3.7576883
3.6125603
3.7697446
3.7543783
3.6827836
3.563175
3.7876413
3.6270704
3.5262628
3.1147838
3.4370677
3.5557132
3.0011835
3.3705344
3.6695778
2.897637
3.4718828
3.135775
3.1040933
3.2895849
3.3122299
3.6074333
3.3057175
3.5019517
3.3192532
3.5415158
3.278178
3.2845366
3.6899202
3.592789
3.9168255
3.205008
3.8469658
3.4754643
3.1235638
3.3903656
2.9542825
3.5754209
3.1499429
3.694418
3.784042
3.453885
3.4356875
3.9374385
3.5001397
3.723278
3.6365185
3.5913029
3.2780967
3.551319
3.543326
3.8230565
3.2519388
3.4786472
3.0751686
3.282235
3.1945982
3.1080523
3.167659
3.9357798
3.3458452
3.9577887
3.1790714
3.4898949
3.6937113
3.0672112
3.2869453
3.5770364
3.2915466
3.7839115
3.886838
3.0230052
3.8666737
2.9497902
3.159097
4.0328593
3.3903327
3.7819755
3.5391874
3.1258216
4.0019593
2.938703
3.5176377
3.393217
3.440558
3.8449583
2.7407794
3.3102584
3.4606433
3.9494734
4.1803627
3.091802
3.9674675
3.3243008
3.1609173
3.4778264
3.2301786
3.574008
3.0687537
2.8306682
4.077215
3.4325159
2.8501914
3.4228716
4.079746
2.9873853
2.8891075
3.2806544
3.0889704
3.3052635
3.4141896
3.2511885
3.1609216
3.6394875
3.45044
3.8508637
2.789145
2.8358781
3.3695536
4.064589
3.3337405
3.7094107
4.845488
1.3362793
3.3872747
4.8371763
0.9190405
2.6831472
3.3209822
3.578331
2.9449136
3.1580234
2.86552
4.6414137
1.460247
2.906952
2.516073
2.9516559
2.5922637
3.0290275
3.0698073
2.8387785
3.414597
2.3275855
2.7778883
2.974739
2.5254173
4.265902
3.1799755
2.9269903
3.5038931
2.7166903
2.6997504
3.1790593
2.781583
3.1624265
2.7855203
3.4224043
2.9930494
3.521112
2.9108238
2.329296
2.8360088
3.609128
2.957726
3.1908922
3.0910728
2.9064553
3.2101045
3.3354192
3.9835393
3.2540991
3.0082772
2.7492933
2.4711592
2.908888
2.889946
2.8541334
2.7263815
2.7765772
3.3413982
3.471269
2.9337368
3.4592614
2.6557636
2.3588343
3.8611722
3.4457781
2.8284862
3.3843973
3.0166643
3.3539522
2.4304392
3.3326085
3.4973178
3.3947265
3.1040027
3.4064617
3.0055695
3.1719697
2.9082685
3.3255758
3.1002948
3.09866
3.7193341
3.6734293
3.273566
3.5380177
2.608288
3.4018803
3.3321357
3.2579021
2.484276
2.8202262
3.0763175
2.812088
3.8896544
3.3587797
3.5737514
3.2713063
3.127838
3.276538
3.284695
3.2525117
2.6172795
2.645253
3.0382094
2.5295062
2.9122806
3.460657
3.0992916
2.7678537
2.9236584
3.0242314
2.9809754
3.9938657
2.9840958
2.718955
3.4303148
2.7701318
2.9280214
2.2868187
2.8476121
2.9008603
3.1357076
2.7234244
2.6989794
2.8257816
3.093673
4.020736
3.0818524
2.6213145
3.889942
2.5958695
2.852863
2.9104445
3.540593
3.912923
3.1439917
2.827395
3.556907
4.4757814
0.693887
3.163928
3.0985692
3.020536
2.683384
2.9853249
2.6798847
3.1989667
2.8822236
3.516242
4.1685915
3.281305
3.1404104
2.6560714
3.1279688
3.3265321
2.9186962
2.9294758
3.222631
3.2583714
3.431339
2.9748075
2.9528263
3.3433392
3.043322
3.1121733
3.3033211
4.29249
0.77341634
3.4228697
2.703846
2.7068195
3.08321
3.2563002
2.5625827
2.907308
3.2474241
2.9729006
2.9580846
3.2625299
2.603467
3.1889741
3.1116488
2.763106
3.1830537
2.5949693
3.5563893
3.802196
3.1147006
3.1217873
4.614368
1.6058261
2.7905293
3.1884413
3.0699692
4.0376263
2.7871335
2.6377637
3.1003146
2.862999
2.9979405
4.8979373
1.8781701
3.7456207
3.332182
3.3641572
3.0043309
2.8118412
3.835853
3.6262004
3.4196734
3.221052
2.9965243
3.6088374
3.2696612
3.5167253
3.3508167
3.2114024
3.3965352
2.8809156
3.0090213
4.6466107
1.7604647
3.3845112
2.9562569
3.5069637
3.3075407
2.854457
2.880901
2.8247054
3.4962149
2.4425607
2.5793788
3.36821
3.5048025
4.52155
2.2219827
2.788841
2.3251019
2.8388038
2.855598
3.2307363
3.3201954
3.6539562
3.125416
2.8072236
3.111113
3.167932
3.7719128
3.6485884
3.352674
3.4390543
2.7866802
3.6998897
4.4871855
1.6427468
3.466505
2.6518395
3.4315367
2.3512294
3.6559405
2.9879038
3.4434981
3.756842
4.469977
1.3905761
3.5666263
3.0164766
3.6819258
2.647527
2.9845471
3.058926
2.8997295
2.7794452
2.9178972
3.301673
3.2478294
3.9294746
3.0358148
3.1313374
2.7216256
2.916247
3.1503015
3.0292351
3.1470578
2.9179633
3.298268
4.0394516
3.4355686
2.9949567
2.7508023
2.9710083
4.032217
3.1244702
3.3925648
3.106807
3.9175472
4.3006654
1.5294857
3.8438098
3.1760561
2.8474348
3.0866494
3.102267
3.7175684
2.3850636
3.2666929
2.817921
3.0699415
3.711237
2.9904258
2.9964466
3.0132496
2.730165
3.7891111
3.1212993
3.048448
3.27313
3.06903
3.0131028
3.9621391
2.8893468
4.4898
0.870749
3.2514873
2.8441856
2.965603
3.1965961
3.724605
2.6608357
2.8334851
3.1937556
2.9226837
3.505488
3.0724401
3.1599848
3.032869
2.797199
3.2151656
3.0482688
3.9517703
3.6111066
2.929606
3.0338871
3.330044
3.0144773
3.625906
3.2513683
3.2365139
3.562076
3.6449244
2.9052596
3.0110116
3.3475056
2.8904731
3.3391597
3.072466
2.9592192
3.8425243
3.4241183
3.6625242
3.173085
3.0152507
2.819983
3.2571683
2.9927936
3.3032439
3.4655437
2.9874852
2.9310904
2.624011
3.588656
2.9470193
3.4013636
3.0391753
2.9010632
3.2270534
3.2479143
3.3367887
3.085345
2.775451
3.505362
2.988207
3.3655
3.335287
2.970181
3.0998495
4.5643797
2.2150984
3.257302
3.2069328
2.9923916
2.9529414
2.8550112
3.3903992
3.8482695
3.49405
3.6499252
3.5483284
3.4337933
3.4712865
3.5050395
3.6806777
2.735994
3.2209508
3.2843587
3.705294
2.7347884
3.5882454
3.2325773
3.7118516
3.4417224
3.5237067
3.699935
3.368212
4.2633967
4.6036215
2.4887166
2.8119216
2.101784
3.4645817
3.5389602
3.2695353
3.8541017
2.8855455
3.6151385
3.0102932
3.468475
2.7779746
3.2798038
2.9832418
3.3330474
2.9793
2.9791527
2.9859931
4.2369328
3.6335738
3.8040972
3.6198938
3.8969543
2.80926
3.2066555
3.5151284
3.4177272
2.65098
2.917326
3.76355
3.5522282
3.7001364
2.9119236
3.1898143
2.9291558
3.5514612
2.939587
4.1919026
3.8676848
3.392132
3.0515132
3.3627264
3.5086265
3.309652
2.6933892
3.3185673
3.9276097
3.4743812
3.321505
3.2278528
2.7650673
2.6671076
3.0659664
3.0126002
3.0513463
4.0677953
3.0551524
3.0063372
3.6393132
3.5137193
3.8210864
3.531592
3.5355036
3.6533287
3.398041
3.890792
3.0781627
3.7302907
3.4880347
3.2354393
3.7350132
3.4143572
3.5359178
3.0912337
3.2027478
4.3508267
1.844302
3.249254
3.24452
3.6000128
3.3894055
3.402363
3.2714977
3.44182
3.5251892
3.5647852
3.4953976
3.6241267
3.4820886
3.8943005
3.3102353
3.4715188
3.0155854
3.475994
3.164974
3.7975845
3.904296
3.047456
3.4306457
3.5987916
3.135459
3.6974938
3.4580472
3.7566602
2.942665
3.3158984
3.483767
3.8559396
3.52567
3.050692
3.2237096
3.2420197
3.1274087
3.4649265
2.9445937
3.2589598
3.5523274
3.5642385
3.3506806
3.2416272
3.516539
3.639017
3.1689517
3.1940205
3.1177838
3.8753736
3.701775
3.0290594
3.4498107
3.2220168
3.3869684
3.1230364
3.0751193
3.6794264
3.2225397
3.7398736
3.2719135
3.4007845
3.5479016
3.6237316
3.3248227
3.1575217
3.4185963
3.0920348
3.4140916
3.1091497
3.2821748
3.0100436
3.2599816
4.181379
4.695214
3.0257382
2.5566592
4.2472343
3.5976045
3.391087
3.6179123
3.629742
3.361272
2.9035096
2.81987
2.8283968
2.8204257
2.8064585
2.6573458
2.8860462
2.577473
3.209466
3.3312292
3.2832813
3.4385073
3.4389975
3.3865156
3.2249086
3.3518
3.0330288
2.7648568
3.2068768
3.018675
3.175805
3.069836
3.0140119
3.007173
3.0702438
2.71639
3.0319047
2.9390268
3.053443
3.096767
3.0418925
3.6435843
3.1171918
3.2795525
3.287988
3.4640212
3.6170003
3.05612
3.4805481
3.3670275
3.6406145
3.2783678
3.3513646
3.2412212
3.6072912
3.4441266
3.2273555
3.491603
3.1472461
2.754249
2.8571103
2.8547277
3.2986403
2.6099966
3.1865528
2.9171834
2.844698
2.4133053
2.6582322
2.6535397
3.2977219
2.9658062
3.2414184
3.0893223
3.1359048
3.1827238
2.6876366
3.788511
4.2256374
4.1982374
4.0509233
4.036068
4.25401
4.1528015
4.1294694
3.8500614
3.882851
3.9936185
3.9295094
4.109368
3.901204
4.10483
3.7413507
4.1814866
3.7274256
3.0870442
3.1495147
2.5478547
2.5448158
3.1465755
3.7649117
3.2254615
3.1021924
3.3926117
2.8740597
2.7666345
3.2210352
3.029995
2.8026714
3.2767398
3.2326682
3.140606
2.9989285
3.1230621
3.034697
3.0584817
3.238733
2.7635562
2.7824008
2.8916764
2.7122958
2.539164
2.6002297
2.5963926
2.5395517
2.4200943
2.2206955
3.2584429
3.8560271
3.6499178
3.6951551
3.5274835
3.472093
3.581711
3.4243279
3.86001
3.418541
2.8472931
3.5488694
3.3188848
3.29289
3.3066237
2.9759204
3.3427134
3.4535978
4.321474
0.57090837
3.4597619
3.286009
3.259615
3.2834406
3.278827
2.5643523
2.777447
3.9173481
3.1758611
3.1718266
3.2100906
3.1419168
3.3633764
3.588829
2.9634306
3.5994265
3.109106
3.3017519
3.0379112
3.4927466
3.4387496
2.5537982
3.6480455
3.073293
2.7827823
3.585072
3.0887854
3.3893828
3.2577214
2.5713365
2.954815
2.2958536
4.308883
0.6111055
3.0485308
2.822228
3.4687233
2.4996004
3.1380196
2.3528528
2.7660513
3.0896757
3.3095212
3.0574796
3.4539294
3.2632651
2.1788175
3.4639125
2.7030377
3.3276048
3.7343192
3.2317688
3.5480578
3.1208863
3.1015906
2.9041388
3.347133
3.2200787
3.369642
3.4495711
3.1663954
3.249949
3.6650844
2.8980956
3.3064406
2.8438258
3.0013251
3.0988216
2.7196245
3.4762027
3.613047
2.7229073
2.9505808
3.2692225
3.5414665
3.8651226
3.03358
2.9075687
2.7614932
3.0398526
2.7067108
2.960877
2.773852
2.760078
3.5394382
2.5399778
2.8154693
2.9790254
3.386357
3.2801054
2.8160229
2.92465
3.2698324
2.4357724
3.1788068
2.7483745
3.018396
2.429444
2.4499352
2.9061642
2.9126766
3.4361343
2.643985
2.9851346
3.691573
3.1223423
2.33641
2.8317146
2.9271066
3.0379455
3.419557
4.3090854
2.728779
3.1880867
3.169923
3.128827
2.7458954
2.274121
4.093684
3.0513463
2.8747783
3.190278
3.2614172
3.2757277
3.274165
2.5131452
3.3114722
2.6830008
2.7080045
2.6031332
2.6877034
2.5200818
3.456341
3.2444158
3.5239801
2.9114096
2.8830388
3.3477004
3.2031353
2.6351058
2.938758
2.9240267
3.2591577
2.2010038
3.8638322
2.0840862
3.5159674
3.1320612
3.8256958
2.8679318
3.659136
2.8487933
2.5310435
2.8295486
3.0135343
3.0904415
2.9729242
2.9463341
2.8966331
3.5851688
2.5130045
2.6731312
2.8266752
3.1977487
3.3257103
3.3054283
2.68857
2.854712
3.005007
2.8918738
2.4605188
3.1543138
3.6749837
2.6097748
3.4636571
3.0815897
3.230982
3.2671552
3.0697033
3.0410562
2.843226
2.7727563
3.1380472
3.0285585
2.9225771
3.171772
2.8808844
2.9222806
3.373785
3.1103117
2.5075107
2.9050572
2.7376244
3.3334322
3.1605363
2.9856768
2.8659072
2.4687636
2.8336182
2.8943076
2.2873209
3.4564173
2.777645
3.710185
3.0095334
2.958271
2.6662655
2.585824
3.013662
3.7310429
3.052399
2.8566027
3.022503
2.886498
3.044455
3.2213166
2.6791165
3.733536
3.517722
2.983784
3.2878034
3.3101218
3.246197
3.4800205
2.9669583
3.0550053
3.3191876
3.9514728
2.683543
4.174767
3.3500204
4.184688
3.2028935
3.0269258
3.446331
3.6024125
3.591068
3.850575
3.1461325
3.3226662
3.5058439
3.6419308
4.2398043
3.5946019
3.726573
4.3096366
1.0700216
3.8040528
3.772615
3.6061354
4.183076
3.4087672
3.6816316
3.373181
3.6500566
3.834407
3.7142146
3.79023
3.7987504
3.3912892
3.7718759
3.534481
2.9787333
4.205494
3.4444492
3.4265165
3.231263
3.0677862
3.6601024
3.964928
4.085303
3.8473172
3.47289
3.8427348
3.5816264
3.1306243
3.0754952
3.6505687
3.7513185
3.589976
3.998765
3.062735
3.7322
3.3759875
3.5423956
3.3904603
3.5325692
3.6644852
3.2721784
3.7576354
3.22992
3.1363015
3.7669513
3.5409951
4.0176864
3.2388577
3.9600503
3.9644244
3.5561657
3.7053363
3.069318
3.2404654
3.7614787
3.5889435
3.9961233
3.136801
3.4441133
3.5730708
3.9158733
3.9337215
3.812254
3.7836626
3.5161293
3.7701745
3.4116015
3.4483187
3.5413208
4.524054
2.0436049
3.9624786
3.3497255
3.5459132
4.1487513
4.2109513
4.408997
3.0470715
2.5785751
2.6298683
2.9087987
2.8510113
2.6782897
3.0768363
3.2301402
3.0512547
2.700792
2.946211
2.8466878
2.7911754
2.4927437
2.6893208
2.741378
2.9562335
3.1503716
2.7572863
2.8178234
2.673969
3.2531424
3.0755494
3.0575042
2.6947718
2.9298093
3.3358183
3.0005581
3.0585606
2.867767
3.0432239
2.9935215
2.9498482
3.2988796
2.9866762
2.67901
3.017875
2.459904
3.0498085
3.1041212
2.865391
2.2553787
3.2637584
4.000174
3.80809
3.3989587
3.965035
3.4008706
3.865913
3.860544
3.9355125
4.1158376
3.6749427
3.5675938
3.851568
3.8553877
3.838498
3.5802872
3.9806225
3.683546
2.9780436
3.9653304
4.0131297
3.9058383
3.7216623
3.6077046
3.3655806
3.3331416
4.1003795
4.008361
3.9275167
3.8091857
3.642807
3.6805685
4.0753546
3.6006467
4.256449
3.7434142
3.6066365
3.5940027
3.5914586
3.7477694
3.6138592
4.1071672
3.6237862
4.0194063
4.3092
2.6000652
2.862001
2.4055989
2.5222392
2.488211
2.3083196
2.7091923
2.4894876
2.4013898
2.7405884
3.215771
3.3618016
3.0115938
2.6587448
2.3049202
2.8746557
2.655643
2.7158136
3.2144523
2.7977602
2.8210683
3.1231935
3.1177692
3.2474701
2.8981078
3.156101
2.9815807
3.5990744
3.8257127
3.6911943
3.8343165
3.5491319
3.7525985
3.79571
3.8879664
3.942511
3.635278
3.682414
4.15419
3.955554
3.6485937
3.7638285
3.8461914
3.67549
3.8622472
3.759231
3.8220215
3.7431931
3.8853443
3.8114524
3.8990507
3.6535215
3.6776524
3.414082
3.7557244
3.6034338
3.833992
3.8560886
4.0309844
3.8959324
3.5048988
3.8603954
3.5748854
3.7573447
3.4929612
3.3929741
3.6881137
3.5700588
3.9326515
3.7325943
3.7523332
3.5280745
3.877937
3.5833864
3.7747674
3.7041247
3.749831
3.5417771
3.7692876
3.7202468
3.6346757
3.7533855
3.6763406
3.665145
3.8915489
3.4703147
3.5977058
3.569473
3.6992137
3.6148021
3.7367322
3.7459908
3.5080123
3.5106854
3.439
3.7523942
3.7144046
3.6767457
3.687834
3.5503726
3.441169
3.3646958
3.699718
3.6590352
3.5890718
3.556432
3.6201043
3.6198535
3.8561196
3.5959063
3.58429
3.4449747
3.5351303
3.3759656
3.38901
3.549105
3.5308218
3.5443454
3.6890936
3.541485
3.4076195
3.5746453
3.4071436
3.4546726
3.646723
3.4159427
3.3206077
3.47188
3.6657372
3.3837833
3.448454
3.5071273
3.5155785
3.2732906
3.467507
3.5690339
3.5448813
3.6407392
3.785015
3.6563213
3.3395789
3.59194
3.4970126
3.2351553
3.5428805
3.1906013
3.5027478
3.0684404
3.3098528
3.2299473
3.1691737
3.4730842
3.4010375
3.3583944
3.2762005
3.2428753
3.2149324
3.4171252
3.2742405
3.170945
3.0555887
3.4318514
3.103441
3.278115
3.3748667
3.251986
3.073547
3.1794252
3.5191178
3.1018496
3.275915
3.1327198
3.4150054
3.3035069
3.1426873
3.1453292
3.3555946
2.9544566
2.9303448
3.0751817
3.010902
3.0853236
3.1396582
3.1085997
3.2211094
3.2842345
3.5122547
3.0316741
3.2981687
3.35647
3.0879996
3.0875077
3.2324252
3.0034351
3.548489
3.3113763
3.5203657
2.990659
3.3948874
3.112659
2.9926906
3.354254
3.112965
3.1424284
3.3300524
3.2917142
3.2511506
2.8515089
3.367639
3.0967925
2.8908334
3.0184813
3.1139405
3.233396
3.0977511
3.0859168
3.5830061
3.3240273
3.4045465
3.4895096
3.432228
3.5449307
3.4475398
3.20599
3.2474942
3.3555238
3.250759
3.0599957
3.0544205
3.2511938
3.0302596
3.064505
3.3117063
3.1572664
3.053894
3.4289503
3.614091
3.5549762
3.1480362
3.4194512
3.601149
3.3234775
3.2154906
3.0996435
3.2739053
3.2084916
3.1694465
3.2992268
3.3880038
3.1828773
3.6440558
3.1765106
3.25949
3.318384
3.3852851
3.2435083
3.5311432
3.673906
3.2843406
3.5893593
3.32926
3.5262585
3.253443
3.3488886
3.4033659
3.0809655
3.369665
3.2603583
3.2333038
3.419024
3.545149
3.9536252
4.46029
4.201733
3.7952762
3.3651304
3.839214
3.9694715
3.8922286
3.621293
3.700642
3.738431
3.7462916
3.7113643
3.0403302
3.0778868
3.261547
3.3533344
2.9804354
2.9082787
2.627612
2.9137335
3.2082088
2.8469253
2.7328444
2.9495509
2.977799
2.9508922
2.992014
3.0537543
2.9783602
3.465438
3.0131404
3.2192175
3.0004003
2.7792642
2.8801348
2.9882886
2.9788585
2.8392832
3.0488722
2.944222
3.1606839
3.0694058
3.1816049
3.2491028
3.0988288
3.2026882
2.9419465
3.1599238
2.7750218
3.0318396
3.1092162
2.7530003
3.012077
3.0550213
2.9439375
3.0169055
2.9855928
3.1031306
3.1798832
3.074877
3.353842
2.8037546
3.0114682
2.6980515
2.8125267
2.8811314
3.0471125
2.7593458
2.8695138
2.9159846
2.8503995
2.9906087
2.916093
2.4323294
2.7124248
2.8892899
2.8586411
2.7792106
2.9075863
2.8786507
2.8491564
2.7155647
3.1430597
2.7838824
3.0984626
2.4947753
2.778631
2.5514054
2.481792
2.2128649
4.6323953
2.2334158
4.1827555
3.5418427
3.9463768
3.3401318
3.5695782
4.574047
2.9205961
2.7784338
3.1370437
2.2478108
4.3531933
1.1224382
3.8654313
3.6832333
4.172428
4.1892977
4.367059
2.118376
3.9010854
