10000
7.847962
8.104665
8.127749
8.065183
8.027867
8.06496
8.259655
8.234626
8.117094
8.126415
8.039439
7.9569974
7.607972
7.6095476
7.691125
7.6783633
7.701498
7.751312
7.708654
7.561587
7.5606422
7.515506
7.438251
7.6501527
7.526738
7.528814
7.5177584
7.495436
7.500918
7.308693
7.2677727
7.4918175
7.645059
7.7690263
8.029452
7.9569483
7.9171543
7.9099627
7.957413
8.000975
7.983656
8.084114
8.156206
8.27355
8.085107
7.9286075
7.730797
7.5978675
7.4039984
7.399969
7.3894315
7.4169483
7.580543
7.506167
7.6358366
7.505154
7.5567102
7.4667215
7.367562
7.409026
7.395786
7.3419447
7.273632
7.3101425
7.44995
7.2044644
7.228413
7.4402957
7.5832973
7.713307
7.824098
7.759667
7.728886
7.7549644
7.803378
7.839165
7.855663
7.906415
7.8577075
7.736488
7.7363644
7.643931
7.545359
7.390838
7.311508
7.449097
7.436042
7.4445963
7.3965316
7.451938
7.319435
7.42347
7.2902293
7.4440722
7.443632
7.5762196
7.5108852
7.4099665
7.4040036
7.37981
7.256568
7.115137
7.3535194
7.499124
7.691073
7.790042
7.869326
7.776524
7.7730494
7.840237
7.852905
7.8409724
7.9408474
7.913536
7.732671
7.7415066
7.7405024
7.7536345
7.5626116
7.4480605
7.5429215
7.5796013
7.672159
7.7674656
7.902176
8.013418
8.020826
7.9732804
7.8954806
7.8384027
7.7728295
7.810665
7.6455665
7.5901995
7.3881216
7.22347
7.055612
7.240859
7.410757
7.703678
7.875753
7.9436164
7.8926086
7.770373
7.889713
7.9918423
7.89113
7.8237267
7.908823
7.913506
7.6940403
7.656982
7.720454
7.583444
7.4133716
7.4338913
7.479083
7.6142783
7.643624
7.6562233
7.6886754
7.8569617
7.8253508
7.8477616
7.7029386
7.7175264
7.696096
7.819397
7.775737
7.773527
7.708926
7.4338703
7.262191
7.3785305
7.5081015
7.704864
7.803372
7.9364986
7.8643856
7.8472543
7.733292
7.804548
7.8097806
7.705344
7.849927
7.7836194
7.7778163
7.6426077
7.654887
7.4938226
7.4044247
7.550146
7.6660247
7.6470404
7.8257756
7.8263063
7.8239956
7.889901
7.826839
7.841054
7.773224
7.768116
7.8763566
7.81625
7.8417664
7.6574183
7.3910875
7.231757
7.112217
7.382594
7.5591764
7.705786
7.8387656
7.8325505
7.8536916
7.9037714
7.907337
7.9018316
7.865888
7.8707485
7.8759494
7.7703915
7.703591
7.613302
7.5053515
7.3231764
7.3374424
7.483418
7.552946
7.6023755
7.7267623
7.759606
7.758516
7.8108697
7.7591524
7.783597
7.765455
7.803403
7.767119
7.807559
7.5847673
7.5912867
7.4697723
7.2006183
7.1608915
7.3675776
7.6819386
7.841383
7.950343
7.8607407
7.6785574
7.677037
7.7077403
7.6830807
7.7001843
7.732949
7.8614144
7.9094977
7.9129443
7.779172
7.789235
7.671958
7.4599032
7.4954176
7.6280932
7.5823693
7.623022
7.5481477
7.5744853
7.482026
7.52603
7.45862
7.519092
7.5395093
7.677265
7.3794446
7.5431776
7.4939756
7.3297114
7.1507225
7.1522384
7.325688
7.577766
7.6968865
7.7665462
7.6419964
7.7171054
7.6023393
7.5784063
7.586884
7.642272
7.8731093
7.845522
7.8732677
7.7258463
7.7632604
7.595577
7.5038667
7.43589
7.492916
7.577324
7.7264385
7.5672097
7.6024203
7.46683
7.7111597
7.574151
7.592765
7.640148
7.7224007
7.544932
7.6301517
7.463637
7.455105
7.3140907
7.1708965
7.1205482
7.3893013
7.62299
7.542837
7.6394925
7.6537337
7.5448303
7.5120997
7.676242
7.631597
7.7922373
7.709916
7.9458704
7.770303
7.693678
7.394572
7.405155
7.3344994
7.4756665
7.5036864
7.647293
7.560405
7.5223684
7.621413
7.7275515
7.707587
7.63089
7.713372
7.614341
7.569193
7.5636063
7.368845
7.2760954
7.267147
7.136299
7.113452
7.062701
7.5514526
7.5664005
7.6159353
7.6141205
7.5668645
7.5102015
7.566028
7.558364
7.7175317
7.612773
7.8708863
7.756325
7.7077813
7.6997395
7.7028847
7.4804425
7.2930336
7.4059267
7.526598
7.5168185
7.532094
7.3599696
7.527619
7.5077276
7.535407
7.4631248
7.472018
7.3908334
7.367294
7.5805697
7.3987217
7.3029833
7.2390766
7.178392
7.1475515
7.1805496
7.5472317
7.5809836
7.5751863
7.6827865
7.541585
7.498803
7.450947
7.4633603
7.530367
7.5895634
7.4958806
7.653785
7.523472
7.546063
7.305444
7.2089553
6.8851695
6.9469886
7.0680575
7.1921644
7.1381693
6.9385085
7.1248207
7.1430526
7.3382626
7.332129
7.250545
7.4333067
7.205571
7.239111
7.1608405
7.364235
7.1525087
7.167452
7.116208
7.130181
7.0424714
7.256299
7.2960024
7.383702
7.3924236
7.3229814
7.3317466
7.3667955
7.361084
7.42647
7.4098535
7.4450383
7.5392494
7.599701
7.429965
7.3535037
7.280249
7.2146683
7.3213196
7.41098
7.5522304
7.2521396
7.323553
7.3707466
7.6143184
7.59311
7.510784
7.551214
7.629439
7.6874576
7.555265
7.472047
7.456832
7.413709
7.4620357
7.3712006
7.4448156
7.552684
7.635929
7.7501454
7.720828
7.7585177
7.650911
7.681879
7.651903
7.775673
7.7211914
7.8621817
7.814824
7.728529
7.7013745
7.594353
7.428698
7.1970496
7.2195473
7.2374387
7.331648
7.4130063
7.199837
7.2904987
7.063593
7.2753572
7.2438498
7.287772
7.193909
7.313716
7.3812118
7.5365615
7.406416
7.4990177
7.3166375
7.530175
7.44104
7.4847116
7.717254
7.985782
8.067055
8.097819
8.149384
8.180759
8.168153
8.188036
8.256843
8.252911
8.110642
8.210064
8.204347
8.117508
7.9076066
7.77836
7.8535585
7.7619915
7.9522905
7.9897237
7.9423585
7.9352627
7.872832
7.948408
8.035656
8.087945
8.071167
8.144115
7.9376082
8.093149
7.8644037
7.786911
7.690924
7.564266
7.565625
7.608474
7.902226
7.929117
8.011331
7.9671555
7.9914656
7.9790726
7.9361305
7.9465566
7.988545
7.899866
7.8926373
7.8350067
7.8521075
7.817777
7.841147
7.733288
7.7660866
7.6949534
7.6748757
7.762671
7.703644
7.6750593
7.680483
7.679848
7.831299
7.738245
7.709169
7.68535
7.5783987
7.5591197
7.631536
7.599092
7.7019877
7.748049
7.76966
7.91366
7.955623
8.061948
8.0977745
8.064202
7.9785295
8.032237
7.950777
7.916566
7.780406
7.8285646
7.7919717
7.754004
7.7815223
7.841367
7.7655005
7.7445846
7.724023
7.645207
7.618108
7.7777567
7.778609
7.7844095
7.6285887
7.549487
7.5978956
7.7148747
7.8114643
7.768627
7.6751003
7.6482515
7.527342
7.5952334
7.589234
7.8706427
7.9165034
7.892089
8.122391
7.947317
7.8914967
7.9572964
7.979783
7.840242
7.963139
7.804175
7.6960235
7.6862545
7.701322
7.6956806
7.633664
7.566214
7.630307
7.6590576
7.7359467
7.7642503
7.6104074
7.804923
7.8264647
7.778895
7.6943355
7.5153236
7.532458
7.509705
7.714798
7.71699
7.7424664
7.7862473
7.650044
7.6623096
7.7096868
7.84918
7.850604
7.9474645
7.8460627
7.847335
7.800541
7.7471776
7.638612
7.5462956
7.724376
7.658142
7.5954013
7.5613894
7.5120096
7.470379
7.3872285
7.494763
7.4814954
7.3712006
7.567634
7.5390835
7.564969
7.624464
7.7196727
7.7330933
7.566054
7.4726715
7.573114
7.638854
7.6525044
7.5687737
7.733588
7.7553334
7.698312
7.5161047
7.5273476
7.4766765
7.7102165
7.7748256
7.775888
7.703231
7.5833673
7.7499514
7.636232
7.44129
7.2451773
7.212674
7.167986
7.0713153
7.113478
7.176119
7.233313
7.2338634
7.2986774
7.2938232
7.376104
7.3701153
7.5074906
7.528871
7.751147
7.7368336
7.7594433
7.553456
7.3098516
7.2019615
7.352097
7.452388
7.4535604
7.5659385
7.637932
7.667256
7.4600086
7.444088
7.5149736
7.5571184
7.6530585
7.682314
7.6325617
7.3865933
7.2258883
7.2354474
7.128096
7.164622
7.1551557
7.2457266
7.324579
7.223086
7.213326
7.193993
7.377254
7.360452
7.3107896
7.137887
7.080267
7.3206244
7.360954
7.4118466
7.483042
7.490032
7.370531
7.34256
7.577066
7.5971932
7.5317974
7.4929757
7.523189
7.5114727
7.571766
7.439903
7.253809
7.246281
7.3513484
7.3116074
7.3272014
7.216297
7.1596985
6.9747643
7.14388
7.0381365
7.007278
6.859448
6.848411
6.8224554
6.83345
6.8554482
6.836229
6.8276453
6.8279533
6.8200817
6.841499
7.03084
6.9530587
7.1547623
6.9853153
7.315898
7.545527
7.3840694
7.3754635
7.6039214
7.605577
7.497023
7.519679
7.437206
7.5444508
7.40392
7.2164145
7.1998663
6.9746127
7.0232496
6.9745727
6.8916106
6.745776
6.7277
6.5969286
6.639639
6.71823
6.376762
6.6732583
6.4141693
6.412237
6.3972993
6.481321
6.4961433
6.544328
6.6412005
6.7403364
6.8295927
6.824782
7.0210204
7.1509295
7.0025606
7.089758
7.132231
7.144729
7.1335115
7.248674
7.23841
7.1535816
7.158607
7.1727133
7.2754545
7.2892494
7.086822
6.9438086
6.654779
6.6490602
6.654904
6.5911946
6.4473305
6.3825593
6.281282
6.490368
6.4380026
6.3292184
6.276415
6.2370987
6.2520022
6.327551
6.386589
6.608279
6.5874133
6.553766
6.6920023
6.613443
6.66018
6.4764905
6.612848
6.6398916
6.5368304
6.788932
6.5500865
6.705123
6.91219
7.03868
7.081077
7.07619
7.0136604
7.090047
7.060863
6.8880844
6.822328
6.9811444
6.9356756
6.828342
6.9681563
6.6900716
6.5976286
6.601121
6.6195707
6.6886916
6.444457
6.6119957
6.484615
6.553579
6.6980085
6.758607
6.796981
6.8830876
6.899229
6.7235737
6.714397
6.8404555
6.8845797
6.8640776
7.038242
7.2568426
7.171019
7.099186
7.0447226
7.3036027
7.260569
7.3329086
7.238749
7.334765
7.2970943
7.2078867
6.960211
6.8308
7.031665
7.037174
6.9665804
7.028532
7.09358
6.987567
6.77029
6.921751
6.756294
6.780047
6.819782
6.763522
6.724851
6.9550858
6.730365
7.0118337
6.9176655
6.912159
6.7602324
6.8600745
6.9281774
7.114396
7.203432
7.2455907
7.2064056
7.3763676
6.8202043
6.917581
6.7386513
6.7472606
6.818452
6.742352
6.747219
6.8861284
6.9079857
6.8844037
6.8127127
6.967815
6.7722206
6.6379247
6.536442
6.632591
6.615386
6.6670184
6.566925
6.5091257
6.3618364
6.176104
6.299785
6.4127927
6.433263
6.5742884
6.5620527
6.6243763
6.5073595
6.4226065
6.488931
6.4281764
6.5048265
6.6511607
6.837877
6.6287136
6.467168
6.3364673
6.505717
6.4124436
6.3791423
6.4398413
6.4738455
6.4256725
6.5139847
6.378425
6.6014147
6.45113
6.326965
6.107203
5.845442
6.01762
6.073874
6.238637
6.216821
5.8761377
5.9496903
5.8886976
5.9897056
5.9581733
5.999511
5.736819
5.9125156
5.876991
5.8129053
5.7601027
5.895394
5.995243
6.029497
5.8933086
6.142051
6.10343
5.9861107
5.969685
6.16598
6.054234
6.1468673
6.1855373
6.1831007
6.359332
6.4204674
6.338215
6.3499804
6.4952636
6.3670278
6.361826
6.265806
6.3195505
6.3361306
6.343747
6.501468
6.2972856
6.4441047
6.382447
6.4855824
6.4267983
6.3913965
6.31027
6.3058662
6.245082
6.5392404
6.33068
6.571599
6.596457
6.5062523
6.5496826
6.449161
6.553735
6.293351
6.240651
6.1372647
6.2122755
6.1701794
6.084777
6.18671
6.0505486
6.0996537
6.1042056
6.1417713
6.165069
6.4717636
6.4511285
6.4994335
6.5572023
6.5977173
6.4976897
6.5555143
6.6214185
6.5608087
6.386897
6.4478745
6.2899685
6.343198
6.313495
6.1846733
6.365128
6.1663
6.131298
6.2606096
6.193214
6.1371326
6.1393995
6.107428
6.063118
5.969949
5.958458
5.7688284
5.755945
5.8451986
5.884519
5.9893074
6.1397157
6.1629033
6.248204
6.245736
6.1865373
6.2348022
6.2003813
6.275377
6.32598
6.3920126
6.3716674
6.3208213
6.455163
6.168532
6.1552157
6.087581
6.1448874
6.0380073
6.1003118
6.0558367
6.048104
5.9839487
5.892247
5.934947
5.99833
6.114333
5.857606
5.806903
5.694352
5.5972767
5.332922
5.3931828
5.173981
5.2065825
5.185677
5.145019
5.159783
5.1538286
5.2683744
5.016236
5.362146
5.266534
5.199399
5.6208177
5.418719
5.416484
5.4563513
5.3831472
4.9202957
4.889253
4.401461
4.814848
4.4741087
4.8330564
5.050803
5.080352
5.2986794
5.302142
5.35149
5.363545
5.616641
5.390975
6.0217123
5.6916027
6.0653768
5.898024
5.559063
5.3774385
5.3140154
5.3790436
5.290836
5.5218325
5.5013556
5.6444197
5.8872466
5.985805
6.167337
6.053029
5.9771285
6.0483766
6.2179275
6.2383456
6.4562283
6.4745326
6.3476644
6.195573
6.173534
6.1539297
6.2282124
6.3470197
6.460032
6.4873548
6.573937
6.421291
6.4036174
6.3504477
6.313363
6.414675
6.4337234
6.3350625
6.3239913
6.300552
6.127046
6.1182513
6.0616655
6.079821
6.15299
6.2473173
6.3054943
6.4584875
6.442588
6.610794
6.5680923
6.579431
6.6142974
6.6004148
6.658914
6.6006565
6.6408596
6.553867
6.390846
6.2169676
6.2742996
6.3330455
6.4855337
6.5886536
6.677371
6.6242456
6.543327
6.410021
6.5670147
6.422579
6.6068115
6.6044836
6.675035
6.4741106
6.4099526
6.3972406
6.0716157
6.0078387
5.978797
6.0878
6.23945
6.2564325
6.2674007
6.383044
6.2610016
6.312362
6.2447376
6.3385057
6.2420554
6.2985644
6.344303
6.3954406
6.241087
6.186563
6.065036
6.042325
6.1764545
6.3375607
6.4712887
6.491375
6.5917416
6.699348
6.915185
6.8930697
6.809718
6.6117306
6.5564203
6.699239
6.6610966
6.6364403
6.5297318
6.373908
6.249797
6.1557508
6.0887876
6.0956473
6.1981835
6.256084
6.496304
6.5159874
6.5368986
6.603006
6.584269
6.724743
6.6516337
6.67219
6.7645483
6.611697
6.6819696
6.455519
6.501675
6.567794
6.7372026
6.7591066
6.822764
6.9060154
6.9434624
7.071176
6.984207
7.0100803
6.9339895
6.8824043
6.7104774
6.6688843
6.676863
6.5588183
6.772315
6.565933
6.3701944
6.0909452
5.883198
5.9228134
5.9936604
6.0314903
6.32555
6.432869
6.633363
6.6249657
6.7239685
6.715881
6.734185
6.6286488
6.514919
6.3581247
6.1207957
6.2028236
6.3310103
6.259594
6.2396736
6.3841667
6.3689833
6.3593206
6.4640822
6.2777147
6.5266438
6.7538342
6.7846165
6.760162
6.8709946
6.8510027
6.919961
6.957515
6.725603
6.7947545
6.616871
6.56641
6.517225
6.4556694
6.59257
6.830397
7.0918727
7.161169
7.009506
6.6674695
6.4015336
6.1907907
6.330685
6.244146
6.2950244
6.4077964
6.125394
5.9225106
6.0890083
6.280568
6.428556
6.6474423
6.617708
6.7681108
6.8438544
6.8113213
6.824872
6.876519
6.883518
6.885073
6.8952155
6.862411
6.466113
5.9808736
5.9636602
5.816541
5.8386297
5.813897
5.5101495
5.623158
5.8342853
6.075392
6.435165
6.6447377
6.6198983
6.7101717
6.470403
6.6231017
6.670626
6.8329473
6.918294
7.069045
6.8781505
6.925864
6.7725234
6.683644
6.9744167
7.084653
7.3925385
7.3778925
7.256482
7.306147
7.3382897
7.388194
7.410691
7.5825906
7.5783134
7.508106
7.236322
7.331933
7.1893673
6.993409
7.144004
7.1284266
7.072911
6.930338
6.844768
6.8775697
6.932599
6.930818
6.945063
7.023406
7.1335263
6.9447756
6.619738
6.4658885
6.4411902
6.4672155
6.540946
6.221635
6.3157544
6.2009296
6.0640874
6.019917
5.9771976
5.6478205
5.7683253
5.487549
5.6028094
5.599292
5.5887556
5.7845607
5.931922
6.0145717
5.9451456
6.0410147
6.1396523
6.2284226
6.118315
6.0606227
6.1704044
5.910329
5.9437375
5.5993137
5.3929234
5.308079
5.4126935
5.4563303
5.761907
6.066889
6.094764
6.306128
6.1735106
6.28961
6.4073067
6.463765
6.418211
6.273785
6.5225167
6.6131845
7.0055404
7.054516
6.989339
7.1797404
7.2994523
7.182535
7.2543154
7.11822
7.340437
7.1930566
7.4446874
7.283347
7.4985485
7.34944
7.468555
7.065987
7.1953683
7.314445
7.1305256
7.212584
7.3077626
7.0306945
7.234446
7.068904
7.11383
6.89786
6.877179
6.771793
6.719632
7.0774384
7.1667233
6.845618
6.707071
6.742755
6.8351064
6.984446
7.0248013
7.411106
7.4492526
7.094324
6.824952
6.820154
6.884243
6.968965
7.1033106
7.0409746
6.971064
6.938526
6.9351788
6.8889647
6.7959843
6.822275
6.7699924
6.703152
6.875019
6.989506
7.190999
7.2209916
7.1744823
7.201517
7.0334244
7.0442157
6.9615784
6.8437586
6.812808
6.9788547
6.691158
6.677748
6.440512
6.341524
6.532023
6.784291
6.9860163
7.3913913
7.458187
7.2815332
6.583832
6.5201445
6.990692
6.752551
7.027626
6.9775834
7.053933
6.8262215
6.571324
6.2778015
6.3091087
6.384003
6.303077
6.029264
6.19969
6.3215213
6.3421335
6.7754707
6.4978814
6.6296
6.203681
6.106859
6.3516283
6.27964
6.0654235
6.2679763
6.514592
6.208417
6.211936
5.738509
6.3008285
6.4499164
6.649767
6.952397
6.9392157
6.760821
6.7870026
6.552982
6.7896605
6.918738
7.0909185
6.831817
7.112367
6.880546
6.6431575
6.7642937
6.6612983
6.5482697
6.65442
6.392219
6.611931
6.8049874
6.6652946
6.8458896
6.755735
6.6877413
6.537477
6.4930334
6.2095256
6.175697
6.4521933
6.500511
6.524652
6.3835616
6.0360827
5.8500967
5.9451065
6.33488
6.431066
6.5790305
6.5889177
6.5643797
6.289496
6.5101843
6.4161763
6.744569
6.5879254
6.722366
6.582215
6.513631
6.4218364
6.1635137
6.1433835
6.1009083
6.1919312
6.308129
6.233192
6.223571
6.565168
6.460774
6.4359865
6.350994
6.287817
6.2013454
6.1723833
6.11396
6.093334
6.076887
6.132338
6.0107718
5.7648416
5.717421
5.939659
5.9783607
6.0899296
6.3698773
6.455869
6.362415
5.9991636
6.351698
6.4225216
6.41108
6.4973617
6.3789086
6.4609613
6.5579467
6.3314586
6.2142935
6.045457
5.9685564
5.985043
6.0124598
6.044018
5.928602
5.909084
6.23665
6.4373584
6.4223304
6.352888
6.3819404
6.3025393
6.100109
6.247797
6.3762846
6.2220373
6.1953497
5.9713016
5.6478214
5.66068
5.4878244
5.4776807
5.590561
6.230201
6.4746065
6.198326
6.081226
6.6252995
6.475603
6.5134134
6.4196095
6.2914925
6.460236
6.598723
6.2084846
6.0493736
6.315538
6.1227107
6.104293
6.1240416
6.3653326
6.2256513
6.047787
6.5057783
6.280157
6.258682
6.156442
6.353354
6.3096232
6.390131
6.34638
6.2441382
6.232256
6.1069455
6.115056
5.909299
5.934826
5.8424716
5.9441633
6.3449154
6.5250826
6.4217567
6.1672454
6.627283
6.7620187
6.6595826
6.791625
6.5747447
6.612939
6.6249757
6.525185
6.400327
6.4381323
6.3678904
6.463217
6.5366793
6.654122
6.706392
6.7544365
6.7094126
6.7587905
6.6464763
6.3963304
6.447697
6.5225224
6.684084
6.5018334
6.468939
6.4607277
6.419771
6.195891
6.099432
5.8320193
5.8687425
5.812589
5.9646645
6.585133
6.5615106
6.1305656
6.037606
6.3744907
6.580498
6.6234937
6.584116
6.6401052
6.6390433
6.5252585
6.410394
6.3820224
6.466571
6.4577837
6.54747
6.8082576
6.530678
6.9003744
6.6094418
6.7592387
6.70016
6.4939866
6.6800594
6.5799456
6.495542
6.5412545
6.590845
6.3107986
6.424929
6.2574863
6.058599
5.9844375
5.943327
5.7271366
5.819793
6.310685
6.7282605
6.29398
6.1652365
