10000
8.673185
8.520366
8.483446
8.587861
8.517717
8.541438
8.608681
8.540184
8.565333
8.623673
8.622707
8.639725
8.599839
8.726901
8.628069
8.673756
8.620039
8.605518
8.686219
8.729245
8.692423
8.7076025
8.673707
8.750481
8.661448
8.7900305
8.681705
8.760963
8.731803
8.727742
8.7743845
8.726503
8.632942
8.627197
8.602907
8.600972
8.57016
8.671744
8.570485
8.61491
8.488907
8.429535
8.441041
8.40162
8.319714
8.163045
7.9854627
7.687172
7.6284795
7.690138
7.4421525
7.529269
7.521066
7.60495
7.504021
7.4186263
7.344343
7.4730835
7.5444193
7.7073483
7.827725
8.066333
7.930849
8.026829
7.903256
7.7441835
7.260261
6.801048
6.819972
6.4489927
6.1448154
6.0004754
5.943232
5.8893557
6.0805445
6.09343
5.982228
5.720568
5.6940074
5.29606
4.9147863
4.732419
4.8154864
4.860601
4.8232
4.7958
4.809985
4.7933855
4.779524
4.7182636
4.7512975
4.885853
4.822419
4.8716793
4.796133
4.88801
4.9268723
2.403963
2.45039
2.4089189
2.4548385
2.3385537
2.2962968
2.3052735
2.38147
2.2254405
4.6999493
2.2517302
4.551175
2.7099419
3.0728066
3.300703
3.2119026
3.1514926
3.3376837
3.2199848
3.4371958
3.438584
3.4235215
3.3190157
3.4835215
3.2094667
3.098212
3.0435863
3.0346751
2.9705894
3.0262012
3.236467
3.4357495
3.5154834
3.6860108
3.96123
4.2971177
4.3589873
4.4855175
4.4274664
4.3059835
4.0257354
4.148479
4.336872
4.5558867
4.489939
4.390258
4.3350806
4.474501
4.4121766
4.469227
4.2652597
4.2546973
4.2191043
4.4456263
4.5029664
4.490102
4.2829905
4.4290285
4.666626
4.6495104
4.785167
4.6972857
4.6278043
4.656886
4.7269244
4.8849664
4.912586
4.845449
4.790709
4.6871753
4.9335923
4.739366
4.8756914
4.664176
4.644094
4.705929
4.7832723
4.569363
4.633827
4.570613
4.695389
4.6434383
4.7181225
4.6864853
4.5189824
4.4206963
4.4438753
4.2684116
4.2468057
4.1789026
4.210152
4.0894237
4.011525
4.267852
4.2885785
4.4362926
4.499489
4.516897
4.7962666
4.8401866
5.042261
4.986425
4.9322486
5.1028814
5.1477385
5.080458
5.1200347
5.146198
5.270182
5.1462092
5.0563846
5.0254765
5.0399046
4.819811
4.665865
4.650585
4.6313615
4.854643
5.1110654
4.4846344
4.5794725
4.6006293
4.752197
4.6249957
4.5275207
4.550656
4.614648
4.442811
4.2380466
4.47257
4.4500365
4.3311057
4.404501
4.3699455
4.3315163
4.354572
4.334496
4.3732915
4.437904
4.1487417
4.131296
4.116066
4.336423
4.177705
4.1855483
4.321793
4.136183
4.2681503
4.309364
4.3329554
4.319472
4.3027773
5.2979336
6.2492785
6.1047482
6.461194
6.4042544
6.2840104
6.388081
6.471436
6.524209
6.6057286
6.4755216
6.57341
6.6974087
6.698492
6.7272086
6.6874914
6.8271294
6.797559
6.905819
6.8081865
6.822544
6.781361
6.830631
6.8929386
6.9752793
6.90409
6.961068
6.9244814
6.925152
6.8999763
6.925372
6.938251
6.9579396
6.9531426
6.9743595
2.672341
4.239295
4.3442564
4.241352
4.2048273
4.360167
4.197412
4.3721437
4.446447
4.2664814
4.484039
4.549954
5.2126617
4.299697
4.401131
4.0603123
4.097845
4.1226463
4.234061
4.169256
4.34809
4.3622537
4.4816356
4.4682665
4.444027
4.564572
4.546586
4.6259727
4.598703
4.61784
4.65142
4.48422
4.363224
4.2804136
4.224648
4.326986
4.457398
4.3439894
4.5773625
4.3082104
4.5676227
4.55251
4.400387
4.2131405
4.3733964
4.3115644
4.311034
3.986762
3.9244974
3.9956768
4.1328526
4.182951
4.186978
4.194639
4.1194024
4.27699
4.365886
4.217914
4.305819
4.2713475
4.344959
4.586892
4.421365
4.494913
4.467584
4.75488
4.664793
4.859661
4.7111235
4.8321204
4.7834463
4.8109393
4.8587837
4.9353786
4.9130135
4.9020925
4.859187
4.7748322
4.8727994
4.8646913
4.684489
4.7478895
4.7818184
4.6735606
4.6479406
4.5171437
4.479858
4.4357176
4.484561
4.576928
4.3661804
4.2554426
4.4705925
4.548956
4.541916
4.586747
4.6298237
4.638418
4.524888
4.687361
4.474665
4.3986087
4.4799643
3.2673762
3.376133
3.6789255
3.7119226
3.70705
3.589429
3.5984867
3.5657005
3.5037737
3.465786
3.5794113
3.4887166
3.4562097
3.536418
3.657453
3.570877
3.6491957
3.7918062
3.763156
3.8380232
3.8550916
3.7549918
3.5898533
3.5641117
3.502338
3.5781
3.6461263
3.6825707
3.5593967
3.446843
3.4790027
3.4531794
3.3588817
3.0329201
4.4178324
4.4149523
4.6884947
4.51533
4.620716
4.649205
4.6800046
4.7045455
4.7298784
4.8444967
4.7602015
4.837693
4.970219
4.8598638
4.808096
4.899169
4.836835
4.726461
4.7013516
4.8178573
4.7770047
4.7790766
4.831244
4.795961
4.819698
4.849162
4.728158
4.8694525
4.68669
4.8027287
4.8746867
4.7336507
4.8157654
4.8670096
4.814788
4.775973
4.739346
4.8864417
4.8087473
4.8942375
4.878749
4.7434106
4.9290195
4.846951
4.7780795
4.8751655
4.8299313
4.952739
4.7788634
4.7893715
4.8164377
4.8163724
4.746626
4.8705745
4.8378444
4.801254
4.8337245
4.671818
5.1468782
4.891638
4.9578624
4.9382014
4.8216615
4.9685035
4.860492
4.814357
4.803522
4.7880087
5.000246
5.1527047
5.093464
5.0080004
5.192557
5.3297834
5.40106
5.41086
5.489972
5.3780084
5.538221
5.6191297
5.557085
5.553478
5.5551095
5.457345
5.435985
5.2206497
4.889067
4.945437
4.912379
4.831614
4.8221803
4.6702805
4.595144
4.601953
4.6566725
4.3852735
4.3451595
4.1708717
4.250804
4.1710873
4.2044134
4.202348
4.1710343
4.2745805
4.2091665
4.11716
4.1444416
4.2677693
4.3150764
4.3793564
4.503457
4.3318524
4.4601603
4.296611
4.383939
4.293271
4.378648
4.264918
4.339251
4.384389
4.3849483
4.419644
4.3538218
4.3645797
4.3861856
4.471047
4.482467
4.3404355
4.276534
4.198861
4.184353
4.065487
3.99623
4.063381
3.9403145
3.9019969
3.950826
3.8511572
3.8604462
3.789621
3.9049332
3.8938808
3.8929923
3.879786
3.986908
3.8746881
3.8470685
3.8430367
3.817116
3.8055634
3.935473
4.0968485
4.1055136
4.025056
3.9152172
3.840507
3.6489615
3.6987584
3.6701577
3.6204019
2.933074
2.4212756
3.1753793
3.2445705
3.5958147
3.7899842
3.6573012
3.6910353
3.701218
3.805712
3.667601
3.6600761
3.778534
3.6624396
3.921491
3.9135365
3.8690538
3.847938
3.8385134
4.01666
3.8941731
3.8548381
3.8013167
3.792104
3.8568974
4.16352
4.382951
4.3502755
4.2460966
4.2153196
4.1262784
4.028289
3.977633
3.8658645
3.7109249
3.9429953
4.0992126
4.054698
4.188118
3.9771788
4.241807
4.195727
4.210935
4.242642
4.3910065
4.503665
4.4191375
4.4286366
4.279617
4.0725117
4.1260304
4.142707
4.1089005
4.2858768
4.523618
4.8194456
4.936873
4.925448
4.8393574
4.940011
4.884957
4.7930255
4.7431865
4.8051686
4.824664
4.6470823
4.295649
4.349226
3.9169502
3.3452623
3.1832523
2.9261546
3.2067885
3.0134172
3.2583385
3.9417188
3.3207972
3.989713
3.630902
3.4291701
3.8723748
3.917767
3.5465844
3.1255233
4.2653565
4.1265774
4.2315664
3.9251654
3.6622982
3.440784
3.5456116
3.7453697
3.550154
3.765367
3.7810035
4.2848086
4.272058
4.686449
4.518876
4.438971
4.8339806
4.8263125
4.90247
4.417207
3.8019373
4.2116513
4.3072324
4.290565
4.1962132
4.231144
4.4581175
4.3721724
4.4664106
4.2631598
4.288487
4.2388196
4.358432
4.318123
4.150489
4.1741014
4.260554
4.186679
4.1870627
3.8660426
3.8875613
3.7458446
3.7297893
3.4285
3.0420306
3.0355897
3.0778844
3.2285829
3.461367
3.144747
2.835393
2.2993698
2.3251295
2.1891973
4.9393573
2.6492043
3.5976021
3.6105664
3.717136
3.6137557
3.493227
3.5232038
3.433014
3.4788928
3.440746
3.3339152
3.3266697
3.3558795
3.4051514
3.4759827
3.4047322
3.4048116
3.43967
3.3683403
3.3711705
3.4346883
3.515065
3.5747044
3.4694216
3.5021775
3.5591934
3.4562094
3.5145783
3.4876356
3.484709
3.5308585
3.491861
3.5154982
3.5002809
3.5758708
3.4981863
3.6229415
3.6753306
3.575128
3.6278007
3.7102103
3.8932385
3.859676
3.60981
3.621901
3.1817684
3.2431712
3.416253
3.486366
3.5743053
3.6899757
3.913885
3.9534807
3.9779947
4.0806623
4.1848006
4.148142
4.2219005
4.2457294
4.3484097
4.3117847
4.3036265
4.2923703
4.213372
4.2572055
4.4449472
4.343037
4.2958913
4.2768335
4.2621098
4.2688375
4.243943
4.222264
4.246613
4.239432
4.2727346
4.238857
4.375409
4.171296
4.3779526
4.3732014
4.1078863
4.2301216
4.1874876
4.166924
4.3722935
4.1719685
4.3853006
4.157043
4.405478
4.153663
4.419986
4.150756
4.3447623
4.1749735
4.279514
4.1388884
4.3302064
4.3101625
4.1381097
4.1816998
4.3019814
4.2051606
4.305845
4.210938
4.2200146
4.276337
4.180636
4.246278
4.3482456
4.338551
4.2969594
4.4460335
4.291669
4.1766105
4.073917
4.2313814
4.2867103
4.197562
4.152145
4.104233
4.004093
4.1099653
4.1369596
4.082485
3.9199877
3.8533502
3.9101431
3.5697355
3.646316
3.6664815
3.860382
3.9207397
4.038304
4.109575
4.05731
4.0042486
3.9878469
4.048303
3.9877563
3.872986
3.9532735
3.951476
3.831831
3.7883062
3.9991484
3.8789146
3.655787
3.6139874
3.6186051
4.1370683
3.963527
4.068735
4.372099
3.7916434
3.4710011
3.8361955
3.5481503
4.16721
4.4456162
4.4636717
4.1224713
4.009833
3.6644032
3.7368777
4.122973
3.6310158
3.574788
3.6929302
3.2348523
3.0902314
2.9344704
2.8868263
3.9914112
4.7533436
4.7143273
3.7515035
3.8522408
3.1745553
3.1120632
2.9958634
3.153492
3.2048242
2.9037452
3.752775
3.67736
3.6451902
3.2871184
3.3447917
3.9148612
3.9998589
3.2357457
3.2481155
3.452233
4.0030394
3.9321992
4.0027614
3.9982233
3.8835347
4.0832744
3.9932644
3.5728517
3.446497
3.7652326
3.8702323
3.89042
3.7719016
3.6790836
4.04047
3.9667199
3.8344188
3.8353324
3.7594013
3.7565186
4.066793
4.1443596
4.2910976
4.109702
4.0198774
4.1325326
4.1023192
3.7724028
3.8196592
3.7914996
3.8080108
3.9401016
3.9347825
3.9453614
3.932268
3.9416718
4.0145316
3.9714215
3.9734812
4.154453
4.107216
4.0261827
4.2905307
4.275812
4.428195
4.431127
4.384761
4.4783654
4.4776673
4.4083676
4.3718095
4.34268
4.5729747
4.413205
4.3114567
4.0408525
4.22962
4.3359523
4.299413
4.0198154
4.0593333
4.0032086
4.018819
4.060744
3.8840601
4.022849
3.8343148
3.891337
3.7769752
3.9046438
3.846196
3.667671
3.6296782
3.7315404
3.778858
3.8327584
3.8591287
3.7820854
3.7362645
3.7407281
3.980133
3.9631696
4.186746
4.002639
4.1908026
4.0462637
4.1431336
4.057186
4.0535846
4.0932727
4.081786
4.064039
1.9980836
4.332669
2.1640458
4.78279
1.7346942
4.779984
1.9236618
4.8575306
2.102225
4.760275
1.9650288
4.5225167
2.046153
4.3224545
2.2097785
4.895247
2.235215
4.973513
2.3466382
2.4139752
2.9189835
3.6016397
3.8518453
3.880684
4.009352
4.0976725
4.179181
4.2168293
4.3406663
4.414011
4.4695582
4.418862
4.866689
4.894013
4.9320383
5.105722
5.090603
5.0584717
5.1394014
5.325517
5.3252296
5.371864
5.441417
5.3096714
5.357206
5.450902
5.5284777
5.7000866
5.8635817
5.860613
5.8361044
5.833857
5.456049
5.1192756
4.759832
4.288556
4.291539
3.9262693
3.812513
3.715141
3.6346967
3.67091
3.933621
3.8860226
3.8833303
4.089384
4.0782056
4.235194
4.3957253
4.506763
4.7384048
4.6668735
5.0217657
4.881797
5.0594435
5.386016
5.34668
5.404414
5.609799
5.625967
5.5198464
5.5355053
5.612233
5.6049285
5.585575
5.3578243
5.433205
5.4730015
5.5398703
5.3285074
5.257211
5.5097346
5.489658
5.7353387
5.568311
5.5430775
5.446167
5.4601707
5.555699
5.5868225
5.5398374
5.5606766
5.469743
5.5063324
5.503326
5.600647
5.559267
5.6062207
5.6519737
5.6243415
5.6584034
5.6463103
5.659824
5.635716
5.6067405
5.4825335
5.545719
5.550536
5.290444
5.3069816
5.207001
5.2554917
5.068053
4.961148
5.0302143
4.950782
4.8760195
4.9191475
4.951721
4.9327364
4.8756313
4.838855
4.868434
4.848249
5.0002728
4.976136
4.9939857
5.104866
5.2178855
5.085983
5.2785215
5.240581
5.3129206
5.3471336
5.499824
5.691964
5.6901975
5.7446957
5.8811445
5.940034
5.976612
5.89086
6.021717
5.9811487
5.991192
5.954116
5.95994
6.026779
5.8103995
5.8718543
5.8133545
5.7800255
5.8739066
5.831323
5.778076
5.907519
5.862812
5.975274
6.010721
5.8936973
5.9342947
5.746551
5.960145
5.857603
5.8361826
5.7551084
5.893307
5.674358
5.7457576
5.766105
5.8039694
5.786773
5.682176
5.623888
5.785132
5.882358
5.7513013
5.906245
5.8866873
6.0191736
6.2148848
6.0755906
6.280759
6.084063
6.2301774
6.1228576
6.1198387
6.1500382
6.2973332
6.087206
6.0127835
5.931719
5.8435187
5.673576
5.8079667
5.7705126
5.6614523
5.7687
5.810255
5.726842
5.7677493
5.7335267
5.70612
5.6557035
5.7405066
5.912368
5.8602266
5.917202
5.93329
5.8593245
5.835931
5.959198
5.9602613
6.035887
6.0686398
6.1911187
6.097891
6.199559
6.053217
6.0963745
6.033188
6.1321044
6.040538
6.1420536
6.0479984
5.9326444
6.0313663
6.0631623
5.994214
5.907753
5.9705615
5.9173784
5.824374
5.9355426
5.878429
5.984808
5.971482
5.9220505
5.963163
5.8600082
5.747549
5.7537293
5.707675
5.763162
5.855022
5.88791
5.8384933
5.888537
6.0033274
5.9385037
6.0115237
5.8936586
5.901416
5.8463717
5.884355
5.9371614
6.00059
5.9041386
5.9310317
5.9168296
6.0063376
5.9377537
5.945816
6.0367947
6.042863
6.0526543
5.988948
6.025383
6.0613947
6.1274757
5.9691863
5.957755
5.991504
6.0917864
6.0688105
6.0618935
6.141757
6.0801044
6.0649323
6.14892
6.2020574
6.1487155
6.2129283
5.998357
6.080963
5.9901385
6.010965
5.9297633
6.0408177
5.86134
5.814055
5.984853
5.970377
6.000214
5.696076
5.950063
5.8061523
5.89269
5.725804
5.9496574
5.953293
6.093261
5.980557
6.0814886
6.0040646
6.1067343
5.985687
5.989501
6.014978
5.9313188
6.065584
6.072627
6.0588164
6.1069846
5.9860106
6.1456323
5.955047
5.942918
5.896652
5.902444
6.03267
6.013939
6.087819
5.909856
5.9245105
6.071677
5.994625
6.067705
6.083164
6.0211763
6.1056547
6.0814996
6.1100836
6.1153507
6.196378
6.0862675
6.145218
6.049579
6.039759
6.0288424
6.070799
6.103368
6.1310787
6.146372
6.0651073
6.151911
6.1973734
6.0999346
6.0031633
5.895955
5.8330755
5.980823
5.814152
5.9961567
5.821306
5.798117
5.8230577
6.0508533
5.959336
5.9022174
5.805073
5.8999724
5.6787376
5.6385417
5.59072
5.6450515
5.6247234
5.6082835
5.3957143
5.445189
5.572773
5.5898457
5.7231483
5.814746
5.8576894
5.8226757
5.8621335
5.962158
5.982011
6.1886244
6.1660666
6.1949835
6.193088
6.13317
6.0955286
5.9817057
6.014062
5.783731
5.7727675
5.8096514
5.839673
5.9916015
6.082246
6.0994687
6.015287
5.8324637
6.030241
5.916645
5.9557204
5.948913
6.0552983
6.0936174
5.664239
5.627806
5.6384535
5.524121
5.528316
5.4380255
5.4321527
5.4863863
5.475611
5.512831
5.5771613
5.593561
5.941165
6.125719
6.349498
6.142618
6.1350083
6.143231
6.3332024
6.231202
6.1346493
6.1123343
6.2335014
6.344385
6.401567
6.3855906
6.392212
6.439302
6.410515
6.38616
6.426141
6.2121396
6.190028
6.186742
6.2065487
6.1805983
6.326251
5.796378
5.73732
5.665844
5.6469083
5.651072
5.683125
5.8389835
5.9246726
6.1699076
5.9117384
5.907343
5.7611113
5.843339
6.074401
5.8902216
5.767908
5.865415
5.924278
6.168336
6.450485
6.1955214
6.1704144
6.138959
5.8981943
5.570742
5.3153224
5.193588
5.2050843
5.2000504
5.191466
5.2966
5.492361
5.517324
5.7124677
5.8862796
5.5522547
5.149087
5.178831
5.3285155
5.4618244
5.2640977
5.240867
5.3511906
5.241273
5.4862437
5.611111
5.6254687
5.690014
5.819216
5.8313985
5.617386
5.6583643
5.5616665
5.473674
5.555867
5.5361385
5.484021
5.6010566
5.589485
5.7089624
5.7354813
5.9166765
5.9437685
5.886422
6.0289583
5.9563
5.696981
5.6232233
5.348723
5.252689
5.132216
5.1959295
5.122811
5.2502165
5.2178583
5.3576856
5.3059063
5.2691402
5.327026
5.348553
5.2506433
5.171095
5.1059237
5.054426
5.064021
3.8363333
3.8906794
3.961155
3.9245822
3.9520698
4.1275606
3.9265661
3.8854358
3.8413243
3.894133
3.9120245
3.9054067
3.9156146
3.8683732
3.6915753
3.5161662
3.602707
3.5808954
3.4031653
3.393966
3.4200408
3.5993865
3.5322258
3.6263323
3.9120328
3.991382
4.3641205
4.419515
4.160857
4.0864444
3.4343967
3.5732884
3.464993
3.7594054
3.7785866
3.6551375
3.6965096
3.6181054
3.617663
3.7375867
3.924892
4.096116
4.137775
4.118913
4.243773
4.02523
3.8759
3.9286633
4.072083
4.091739
4.3272524
4.197006
4.195857
4.138466
4.245123
4.173028
4.2681665
4.1457553
4.2467365
4.163757
4.214755
4.2195253
4.217736
4.3012495
4.2427015
4.250818
4.2156286
4.2231293
4.183955
4.191808
4.2486725
4.2721567
4.2204037
4.194084
4.2423058
4.2361593
4.2589483
4.2330494
4.2586145
4.2723923
4.2225018
4.2087584
4.247245
4.234748
4.257532
4.2341127
4.277034
4.2538295
4.3414555
4.306035
4.295197
4.2535787
4.2958345
4.281744
4.29859
4.2612534
4.251018
4.2519403
4.2522197
4.2787104
4.2886677
4.27158
4.2661586
4.2094545
4.293031
4.1910505
4.331114
4.229224
4.3190823
4.2225657
4.2776265
4.2184334
4.2583513
4.1860743
4.255278
4.240856
4.2826977
4.2208033
4.228779
4.2417774
4.2362156
4.2310762
4.252823
4.272058
4.2753086
4.28911
4.279096
4.3203487
4.291375
4.313508
4.2495847
4.303108
4.2469554
4.296813
4.2562447
4.263921
4.2648897
4.281825
4.266253
4.2505927
4.2482834
4.293767
4.2611403
4.288956
4.3039274
4.290925
4.290918
4.2808566
4.25927
4.2779613
4.2696347
4.250209
4.282109
4.274811
4.3642287
5.056329
4.6343994
4.752855
4.6783686
4.6337514
4.709486
4.6803813
4.726556
4.682791
5.16566
5.0188675
5.3144116
5.1580935
5.318493
5.318713
5.4630423
5.3187256
5.4297943
5.348769
5.448863
5.4214554
5.4610176
5.454254
5.4141564
5.417024
5.47174
5.204325
5.411938
5.3231835
5.3023186
5.3822074
5.472022
5.4845104
5.7258883
5.7342443
5.7984033
5.869846
5.9270873
5.868146
5.874213
5.88894
5.8727713
5.870564
5.920584
5.819935
5.906783
5.8684607
5.837699
5.824463
5.867573
5.798429
5.8718452
5.9480333
5.9637303
5.9495254
6.0069966
5.9797454
6.052152
5.942358
5.9833827
6.073872
5.9956045
6.0668564
5.9824114
6.0785456
5.8667006
6.0335417
6.039604
6.154312
6.1561074
6.125664
6.2303367
6.2406745
6.236889
6.2548504
6.2031536
6.191158
6.3296185
6.2861214
6.269823
6.2685432
6.3238025
6.1790805
6.243303
6.2663965
6.2689524
6.253599
6.2068644
6.303088
6.3188047
6.209573
6.187601
6.1440506
6.1484118
6.0849504
6.115295
6.0623927
6.0801845
6.0452604
6.052527
6.085469
6.0833335
6.1426873
6.2076097
6.2661705
6.102301
6.1299314
5.968453
5.894869
5.7621803
5.7943063
5.8188643
5.888336
5.713912
5.8812413
5.8980527
5.6454306
5.927686
5.6149154
5.5159426
5.1880665
5.3777566
5.231015
5.3199964
5.572687
5.662206
5.4122853
5.439084
5.5242734
5.362208
5.657295
5.524178
5.677789
5.358111
5.43197
5.5196466
5.6162376
5.7221303
5.9947405
6.0591774
6.077712
6.11673
6.024654
5.937134
6.054222
5.9474063
6.0025797
3.967696
3.989777
4.0932198
4.2231097
4.2115965
4.5191483
4.5490656
4.615147
4.702363
4.7369356
4.6652756
4.6487403
4.687499
4.6314273
4.5824556
4.675749
4.5511556
4.579735
4.6289845
4.658483
4.560447
4.634554
4.621765
4.691045
4.6216173
4.61967
4.635254
4.592011
4.604123
4.601162
4.5821295
4.601687
4.6011257
4.636712
4.583815
4.66944
4.5703316
4.6469297
4.5844545
4.6828804
4.588746
4.6579833
4.6405187
4.6772723
4.659611
4.6727343
4.6489825
4.6382103
4.6356587
4.5565877
4.686425
4.6279483
4.6271296
4.6905046
4.7041097
4.679637
4.603792
4.673119
4.6400247
4.628306
4.6218944
4.68123
4.6366367
4.6753755
4.6909566
4.674351
4.7468452
4.691296
4.6790266
4.609009
4.6715474
4.713493
4.5991464
4.6756
4.77666
4.7218165
4.7083406
4.7229276
4.764117
4.7461605
4.805845
4.6859026
4.803187
4.745213
4.74816
4.7695518
4.7528515
4.843925
4.7510653
4.862355
4.814726
4.803023
4.833103
4.8198624
4.8563414
4.7696953
4.8602247
4.83462
4.8286624
4.820727
4.7370725
4.534399
4.493576
4.511519
4.4910483
4.55742
4.6615257
4.8545756
4.9749265
4.952909
5.1444063
5.245588
5.3304663
5.317088
5.2983184
5.002592
4.722666
4.5703793
4.6931167
4.6516337
4.6624465
4.7911963
4.789021
4.902257
4.9100146
5.0537887
5.0539126
5.041168
4.6987166
4.6928444
4.682638
4.7531786
4.7687416
4.8298817
4.7536373
4.910131
5.012006
5.0440617
4.896342
4.9988117
4.672472
4.7287054
4.668541
4.7027826
4.6614094
4.6981916
4.853365
4.713629
4.602396
4.6214037
4.46593
4.464712
4.4805713
4.5548525
4.575796
4.7076645
4.765833
4.768416
4.7472305
4.7283964
4.5803123
4.4733205
4.5130787
4.619
4.5364685
4.7192354
4.869655
4.8764133
4.7248535
4.827301
4.589165
5.8990526
5.8924975
5.9043264
5.901989
5.865195
6.1772575
6.0698323
6.2241163
6.1144724
6.2649307
6.090265
6.249791
6.0966053
6.205167
6.1203775
6.185563
5.9890966
6.0047493
6.0126667
6.0066066
6.0944986
6.0955105
6.041154
6.022498
6.0542555
6.0141163
6.048963
6.0225515
6.0502205
6.0316477
6.062272
5.9354134
6.0778813
6.0190516
5.9739714
6.111555
6.0306463
6.0540977
6.1257358
6.161477
5.9958906
6.1120405
5.8636904
5.9595485
5.948002
5.9612293
5.839285
5.919627
6.0333977
6.0473213
6.400016
6.235894
6.342961
6.3176265
6.4164867
6.436648
6.379455
6.358963
6.506346
6.3870573
6.404513
6.2660575
6.2896028
6.190154
6.1184154
6.335563
6.186508
6.0051603
6.0090947
5.80819
5.75308
5.785416
6.0514927
5.988209
6.288024
3.731013
3.8704517
4.16294
4.2006445
4.401284
4.2362137
4.3044834
4.2907796
4.3550262
4.281026
4.3582935
4.3936152
4.5672574
4.5013494
4.6256466
4.5732894
4.599181
4.7897806
4.9960804
5.0442233
5.1253834
5.351716
5.444437
5.4474974
5.8802066
6.0446205
6.082282
6.1239953
6.0809503
6.1835384
6.0328054
5.974662
5.89317
5.805337
5.849251
5.7322154
5.659355
5.6139994
5.5230374
5.5374117
5.4884567
5.483188
5.513377
5.5644116
5.528616
5.519211
5.488836
5.4749765
5.4186463
5.3793983
5.4613247
5.2032795
5.2001376
5.0509634
4.972558
5.0040455
4.915666
4.9773993
4.8727407
5.0079536
5.0779924
5.0442266
5.177332
5.041199
5.080994
5.0851603
5.0751157
5.032728
5.0051737
5.0287743
5.0318685
5.0428686
5.163494
5.0980062
5.08167
5.129986
5.1579494
5.137238
5.102328
5.1562686
5.122508
5.115818
5.1486015
5.1494966
5.201526
5.223311
5.3114357
5.2785425
5.3066278
5.365633
5.3688145
5.2663903
5.154192
5.3001986
5.263164
5.31641
5.29481
5.3470335
5.283442
5.2975736
5.3620415
5.2672286
5.3396144
5.2763214
5.3234673
5.2840014
5.2336087
5.238173
5.2042403
5.21747
5.181953
5.248991
5.270505
5.295399
5.2738194
5.2964706
5.348899
5.3479857
5.3934546
5.3780794
5.431244
5.420939
5.427395
5.4755344
5.4428887
5.429971
5.403237
5.420834
5.478078
5.515825
5.531699
5.5333056
5.60957
5.535548
5.6067924
5.5925994
5.584226
5.654177
5.6786838
5.670653
5.711603
5.7018423
5.657659
5.760439
5.747284
5.7728524
5.784296
5.7984943
5.764496
5.7732058
5.6860065
5.6853275
5.697065
5.6522818
5.6433406
5.7270594
5.672842
5.6459513
5.654001
5.635891
5.7048445
5.7313404
5.7441177
5.7739606
5.793974
5.7223654
5.6779757
5.6382446
5.548644
5.4990463
5.3453403
5.36615
5.4201593
5.331854
5.3696666
5.177183
5.29506
5.2798057
5.23005
5.3165436
5.328332
5.245344
5.2529154
5.1353955
5.334025
5.3011417
5.227887
5.113167
5.2382717
5.2015944
5.1095877
5.165228
4.9791822
4.9786577
5.1027403
5.0033774
5.3054953
5.1548295
5.201819
5.185937
5.461885
5.3155327
5.382509
5.424621
5.3600483
5.3821287
5.374327
5.430184
5.3971863
5.41156
5.3890133
5.40249
5.4196267
5.4319096
5.478526
5.485036
5.53798
5.4726467
5.3428354
5.320336
5.326132
5.285893
5.1850977
5.1614504
5.202305
5.2506504
5.2663918
5.174553
5.3170776
5.141589
5.1228185
5.1132283
5.1674566
5.1539545
5.122009
5.1889467
5.2013965
5.2564926
5.241267
5.171751
5.1817336
5.065075
5.186554
5.1158867
5.180411
5.26365
5.3070307
5.324613
5.367621
5.489554
5.5977817
5.6444454
5.704099
5.8277264
5.947997
6.033598
6.0588627
6.0302753
6.033088
6.033815
6.0472145
6.0979443
6.081756
6.0848475
6.074849
6.110536
6.1304884
6.2337074
6.231354
6.1365585
6.2362747
6.218103
6.198169
6.269506
6.2790117
6.351103
6.3425703
6.2179937
6.3113585
6.2241025
6.1756406
6.165346
6.2322016
6.1704197
6.2320523
6.1571684
6.179215
6.198193
6.243647
6.209804
6.1766934
6.1849766
6.2379985
6.198799
6.199621
6.250341
6.2117777
6.21565
6.2741957
6.165672
6.1780963
6.162207
6.1597795
6.1662436
6.2236843
6.1221223
6.187503
6.102646
6.168092
6.0819354
6.1651096
6.103672
6.1142426
6.063403
6.110477
6.0794635
6.067031
6.034902
6.0572343
6.0015078
6.0076656
5.9080014
5.900341
5.9381256
5.9111323
5.945821
6.00639
6.060636
6.00448
6.128675
6.1871867
6.1642632
5.9207306
5.8460007
5.756833
5.721489
5.5452104
5.44754
5.390912
5.08751
4.894525
4.927198
4.8647695
4.842692
4.855935
4.7379665
4.722859
4.6970453
4.674458
4.806568
4.8116446
4.7704325
4.784361
4.795844
4.7713256
4.7544584
4.813225
4.8164563
4.821137
4.85396
4.800164
4.8395505
4.8610134
4.8677177
4.8819265
4.8261094
4.866389
4.8774576
4.830289
4.8372197
4.8199997
4.8698545
4.878375
4.8414726
4.828485
4.8543553
4.83178
4.8734736
4.83274
4.862961
4.763606
4.7499666
4.8333774
4.7797065
4.8802977
4.7760177
4.802171
4.815767
4.814749
4.8067307
4.8665676
4.764102
4.7421346
4.812984
4.880261
4.8317122
4.854065
4.856761
4.8884926
4.85682
4.8667808
4.8225183
4.844324
4.8419466
4.84198
4.8611584
4.772938
4.811839
4.7728357
4.8061914
4.7992587
4.761659
4.8174458
4.759
4.800484
4.811459
4.750717
4.7712073
4.75878
4.807424
4.7679343
4.7445855
4.771801
4.751812
4.689785
4.654531
4.557023
4.585812
4.5889993
4.5879755
4.6860733
4.8588433
4.9913464
4.976507
5.0522285
5.1744204
5.143142
5.055227
5.095837
5.0973506
4.995409
5.065564
5.1226735
5.109921
5.133602
5.125333
5.2071986
5.2012033
5.193845
5.1655946
5.2584414
6.388195
6.393593
6.432688
6.2856297
6.2397747
6.1654353
6.1437173
6.157144
6.180973
6.060097
6.082654
5.971955
5.9778814
5.961495
5.9257817
5.9214916
5.900425
5.9125705
5.886677
5.9254045
5.8913264
5.9044447
5.9239984
5.9413095
5.8826027
6.0141416
5.919605
5.993384
5.9869666
5.9272227
5.9836636
5.8718066
5.9439573
5.8880906
5.8843646
5.85404
5.9014516
5.885945
5.9162483
5.881494
5.9183235
5.8460646
5.89441
5.864029
5.8705807
5.914904
4.732027
4.873964
4.7099285
4.767803
4.821812
4.725666
4.91198
5.042022
5.05975
5.1593
5.0581875
5.175409
5.1558223
5.18542
5.2456822
5.116763
5.1988277
5.1033974
5.2169514
5.099692
5.203978
5.121439
5.234762
5.180831
5.1414967
5.31437
5.120003
5.353335
5.1671615
5.356606
5.058967
5.250933
5.1506076
5.2446337
5.104258
5.2454853
5.088788
5.2717643
5.091174
5.279192
5.091318
5.326432
5.078006
5.3077035
5.1087794
5.2326946
5.141356
5.3084292
5.0662594
5.286531
5.1170373
5.329232
5.091943
5.3016896
5.0592546
5.3032885
5.0556636
5.257672
5.051611
5.298897
5.1715093
5.3251653
5.212848
5.2927194
5.2241645
5.349484
5.2212114
5.3196416
5.2118034
5.321443
5.1786876
5.348572
5.2142835
5.289533
5.2413545
5.329002
5.2801547
5.3550425
5.231896
5.2852426
5.147443
5.3212633
5.138456
5.31275
5.114355
5.284453
5.108958
5.1739044
5.1247487
5.2137146
5.160983
5.164759
5.1059446
5.2438064
5.106432
5.250782
5.143176
5.2283545
5.1825438
5.246755
5.2105837
5.266203
5.2517133
5.3078103
5.23737
5.253845
5.2040367
5.298147
5.161863
5.314816
5.1855426
5.306927
5.205682
5.296761
5.2377453
5.288953
5.1844654
5.2665706
5.2122583
5.274549
5.1755753
5.2643642
5.1952744
5.2688284
5.206323
5.2360296
5.1587777
5.2014976
5.111254
5.2143893
5.1350355
5.2481546
5.112823
5.2348084
5.1258535
5.1994605
5.108172
5.2207823
5.140035
5.1879597
5.134074
5.182151
5.1125975
5.1437583
5.120665
5.1721163
5.09328
5.1512675
5.104246
5.181721
5.0860143
5.1837115
5.160301
5.2059374
5.16244
5.1940103
5.1607523
5.174882
5.123778
5.2120466
5.1644773
5.1596994
5.1708384
5.201874
5.1936703
5.213075
5.2002583
5.235781
5.2374763
5.1960597
5.2290483
5.203287
5.201798
5.176473
5.2016587
5.1589417
5.218162
5.1740127
5.1473265
5.1720486
5.09273
5.1913233
5.153067
5.1600494
5.112302
5.1383963
5.116679
5.148814
5.080715
5.1471024
5.119377
5.155993
5.13704
5.136539
5.119593
5.14925
5.106075
5.158216
5.1216407
5.202223
5.1598716
5.1593814
5.1664176
5.172577
5.1721344
5.17696
5.135475
5.1431346
5.1262474
5.2234344
5.184749
5.200945
5.1863127
5.210405
5.1970663
5.224286
5.201626
6.0170555
5.986771
5.8988132
5.9621277
6.029338
5.958967
6.009708
6.059089
5.9166064
6.051421
6.0128355
6.046134
6.049473
6.059513
6.01604
6.0470505
6.003272
6.059033
6.058936
6.044343
6.027968
6.0798707
5.901466
6.056659
5.914981
4.794729
4.732279
4.6371965
4.6751018
4.6821136
4.6584697
4.63764
4.629171
4.6570444
4.6680536
4.639833
4.5966315
4.5394936
4.5876536
4.5686846
4.591975
4.7151318
4.623165
4.5929956
4.57422
4.76837
4.6145525
4.517808
4.603169
4.6345196
4.685849
4.5569963
4.6355066
4.5420465
4.6250753
4.5059395
4.6216474
4.506213
4.633623
4.485137
4.5966372
4.5238276
4.590224
4.5190687
4.5941577
4.4949026
4.636533
4.4814672
4.467609
4.430869
4.4911666
4.4677052
4.4575562
4.4495974
4.3757353
4.434516
4.37006
4.3851066
4.3447423
4.421761
4.277451
4.301842
4.4088917
4.2995377
4.372046
4.2420306
4.2954044
4.1659822
4.121276
4.1795354
4.0886526
4.1640844
4.14917
4.155607
4.167529
4.1948166
4.2818646
4.2560506
4.3378367
4.472443
4.533322
4.6063237
4.633733
4.7292557
4.659997
4.595971
4.76568
4.604744
4.728293
4.6803827
4.853497
4.9117084
4.990061
4.910676
5.022742
5.0143695
5.1240244
5.257652
5.16947
5.1741505
5.2483435
5.351921
5.3871074
5.4112296
5.401232
5.586622
5.530354
5.668032
5.4981227
5.751976
5.5582957
5.739859
5.6257553
5.597047
5.7558126
5.639114
5.673443
5.7194395
5.7095327
5.668522
5.7094097
5.747356
5.7491875
5.712591
5.9101343
5.768144
5.901105
5.7847924
5.882444
5.778009
5.9191203
5.7998047
5.9047823
5.826731
5.911574
5.9118576
5.955031
5.898068
5.9379244
5.899393
5.9869266
5.837093
6.08085
5.869438
6.1577663
5.987214
6.188177
6.0456605
6.0912566
6.0121083
6.0589614
6.1015825
6.1014075
6.101513
6.0941644
6.155756
6.077797
6.094597
6.0339026
6.030121
6.046732
6.00618
5.9289455
5.9920273
5.7939167
5.831914
5.715941
5.65706
5.6310916
5.6088676
5.484081
5.43127
5.521618
5.549843
5.5131097
5.6807513
5.632854
5.689521
5.616192
5.6964073
5.581013
5.71008
5.5963
5.714173
5.592527
5.746736
5.5895004
5.6813765
5.6076336
5.6718593
5.6086307
5.6639543
5.6546288
5.688904
5.618778
5.687457
5.6608953
5.6794257
5.636137
5.6746693
5.580363
5.63972
5.5827675
5.623652
5.5303316
5.5541167
5.5306463
5.548234
5.4990597
5.5509267
5.451364
5.408907
5.4443917
5.314682
5.5101576
5.3990297
5.371201
5.4332776
5.3700376
5.427576
5.422712
5.433025
5.401556
5.3631973
5.401401
5.41864
5.429718
5.394739
5.374854
5.2897496
5.254025
5.2222624
5.2251353
5.244817
5.239442
5.211925
5.2611055
5.071248
5.1773176
4.918271
5.1409693
4.9092474
5.0918813
4.8810844
5.0596066
4.8803897
4.968425
4.8688025
5.0168567
4.885946
5.0406675
4.870634
5.004646
4.825161
4.9659677
4.855861
4.901078
4.795279
4.9156094
4.8162417
4.958956
4.7956095
4.9168863
4.7684145
4.9023438
4.76931
4.9084783
4.7618265
4.889232
4.712069
4.817568
4.7365704
4.84513
4.7458186
4.8658247
4.721206
4.8015494
4.7015934
4.826292
4.7197313
4.815023
4.664187
4.772346
4.717778
4.7069674
4.743898
4.7390933
4.75889
4.7515383
4.754599
4.6666646
4.7188845
4.6981626
4.7261944
4.78646
4.68853
4.764051
4.747161
4.838129
4.820813
4.7984486
4.7441945
4.723453
4.749211
4.753359
4.8660016
4.749401
4.7830787
4.7482758
4.817954
4.8528566
4.8252583
4.7953825
4.8491473
4.8909006
4.949485
4.944727
4.948704
4.894981
4.9003143
4.7661123
4.7993155
4.8378754
4.8031497
5.0599847
4.799761
4.9867516
4.806249
5.062436
4.7974486
4.9920073
4.822075
4.9626236
4.761242
4.916253
4.779413
4.991736
4.7597938
4.9399934
4.7456226
4.878461
4.700237
4.859605
4.6986437
4.818962
4.690644
4.837716
4.664833
4.8172407
4.6931443
4.817935
4.6910524
4.827413
4.6843643
4.821192
4.7118664
4.8083878
4.6859627
4.802528
4.715216
4.847763
4.735873
4.8181033
4.771121
5.7987533
5.9277606
5.801187
5.763851
5.8872705
5.772064
5.84533
5.7757716
5.842762
5.7304087
5.8570986
5.7448235
5.867497
5.8310213
5.8853445
5.8011394
5.854108
5.814888
5.945539
5.8334737
5.9363723
5.878895
5.95762
5.9053254
6.0240393
5.9028177
6.022023
5.859646
5.991693
5.8670955
5.937628
5.84342
6.020859
5.8873386
6.040958
5.893796
5.9404883
5.88455
5.975325
5.9296885
6.0322733
5.8938594
6.034667
5.96458
6.1000996
5.9230723
5.988934
4.246733
4.2606754
4.320623
4.1955957
4.20547
4.1867867
4.2550545
4.1862674
4.2600336
4.182375
4.242361
4.2946644
4.2483673
4.252952
4.130179
4.170617
4.1427956
4.139171
4.2256513
4.222632
4.311392
4.237619
4.2473545
4.2483273
4.369094
4.266774
4.3751264
4.258655
4.259165
4.2611
4.277483
4.2380085
4.2850137
4.314793
4.329726
4.340034
4.3831635
4.393905
4.353489
4.34193
4.3507237
4.3383613
4.4056983
4.336361
4.446823
4.417043
4.409156
4.3736534
4.3757563
4.3518553
4.3291173
4.321472
4.308158
4.3259654
4.268037
4.2725863
4.1659102
4.3050737
4.3021936
4.2985654
4.34809
4.34188
4.2965555
4.303971
4.3796153
4.3602743
4.3484364
4.365279
4.3266535
4.3269763
4.1712837
4.2388835
4.2451196
4.270476
4.2023077
4.1816454
4.238066
4.364987
6.320614
6.347234
6.209677
6.2814856
6.2486725
6.2770452
6.1880617
6.3022795
6.2591524
6.2929525
6.254604
6.252181
6.306074
6.271841
6.275552
6.372885
6.3482304
6.355912
6.441764
6.407539
6.421817
6.4098287
6.484561
6.470024
6.3797374
6.442378
6.3169184
6.4370675
6.3410974
6.319793
6.257424
6.457123
6.6409707
6.7575374
6.850312
6.842244
6.714336
6.5504003
6.4973598
6.488981
6.2955446
6.3045616
6.210145
6.0980515
6.145632
6.11465
6.098163
6.067647
6.0124345
5.9334583
6.0002704
5.9384522
6.012432
5.922591
5.926835
5.9640846
5.91943
5.9528394
6.0520487
5.972737
6.0933437
6.1829004
6.2547464
6.339286
6.319766
6.470879
6.470372
6.5004697
6.4211574
6.4321485
6.5596495
6.5352907
5.1131325
5.117711
5.1533093
5.21613
5.20593
5.274936
5.1518397
5.2305636
5.193243
5.365987
5.211706
5.338022
5.1978445
5.314166
5.196005
5.353633
5.227625
5.344314
5.219356
5.3371873
5.260356
5.3587413
5.2424693
5.40448
5.331276
5.2775445
5.462583
5.3243356
5.463059
5.359134
5.4830575
5.37228
5.4853992
5.373716
5.500126
5.412454
5.501529
5.430532
5.428162
5.418288
5.3980107
5.401844
5.48568
5.429862
5.5162477
5.4799566
5.479324
5.498912
5.477641
5.5044527
5.477182
5.5176706
5.4975967
5.5518084
5.518923
5.6518893
5.5552664
5.621876
5.5676355
5.6789103
5.5971413
5.6951046
5.5527744
5.77281
5.666348
5.794242
5.7080226
5.824582
5.692769
5.772147
5.6188655
5.7335076
5.6455903
5.750712
5.686844
5.7557955
5.6429005
5.77773
5.6955953
5.7845173
5.718891
5.8138423
5.7251716
5.742562
5.738235
5.7878904
5.717664
5.718251
5.666321
5.623689
5.577726
5.70388
5.6673713
5.670002
5.60723
5.58327
5.512742
5.5819483
5.571537
5.6209354
5.6226907
5.669477
5.633951
5.6822023
5.6483774
5.7813187
5.6796165
5.7736664
5.7008214
5.804228
5.6748295
5.7535396
5.7478256
5.778556
5.7403045
5.813362
5.775142
5.834895
5.793727
5.77111
5.768049
5.81238
5.7445874
5.77059
5.687685
5.6119742
5.700395
5.5903206
5.713777
5.594391
5.7667074
5.6170197
5.7730083
5.570175
5.754295
5.544918
5.736203
5.533748
5.588447
5.6465507
5.6573944
5.5956473
5.6726255
5.592556
5.653446
5.5742135
5.6483574
5.6636915
5.6682234
5.624929
5.6014843
5.569911
5.632334
5.6566634
5.6441708
5.6498594
5.6157403
5.6584425
5.598652
5.5663443
5.5305963
5.5400376
5.5412483
5.5695777
5.5649047
5.5735683
5.5818925
5.579237
5.572342
5.554677
5.4575596
5.5706315
5.5700684
5.5768547
5.4724884
5.550927
5.601207
5.497471
5.6199527
5.566591
5.5116715
5.496772
5.502004
5.5241337
5.4889493
5.494829
5.469071
5.4701476
5.449651
5.4840326
5.460889
5.404462
5.4390264
5.3851953
5.42528
5.3911853
5.4180775
5.4339485
5.444508
5.32848
5.3071327
5.394236
5.339431
5.402729
5.3492455
5.341358
5.3344474
5.4438977
5.4535003
5.377015
5.3474684
5.301078
5.3396864
5.2568803
5.3190746
5.320814
5.3868456
5.3268924
5.3700857
5.327178
5.3546643
5.3181734
5.4342384
5.3314867
5.344957
5.330819
5.4190993
5.3287816
5.3415623
5.331691
5.3645306
5.3291416
5.3290367
5.31884
5.3354616
5.3176003
5.359906
5.336261
5.3620515
5.3338428
5.3732643
5.371685
5.3894234
5.3396606
5.361751
5.3581133
5.4247475
5.408381
5.415888
5.421631
5.4498734
5.454048
5.4307137
5.430972
5.4804373
5.4769306
5.4899154
5.431182
5.450393
5.416909
5.364574
5.425886
5.3622537
5.4445295
5.3974338
5.489704
5.4261527
5.4967284
5.533331
5.547171
5.5751214
5.5638027
5.6199207
5.5680895
5.6592684
5.6361485
5.648486
5.5971146
5.6198378
5.535211
5.618659
5.5756936
5.703349
5.709959
5.753424
5.6821375
5.737875
5.755883
5.702093
5.7525873
5.6950054
5.7001085
5.7202506
5.6467323
5.693799
5.6445546
5.652092
5.6896863
5.7370043
5.754122
5.721698
5.6629515
5.799217
5.751812
5.823304
5.823597
5.864299
5.7719536
5.878539
5.7574244
5.678525
5.7485437
5.621943
5.761437
5.638181
5.6816173
5.5980673
5.6306696
5.6076026
5.6313443
5.6012874
5.6737475
5.6314373
5.6534944
5.5494304
5.518266
5.524115
5.4786615
5.534397
5.503698
5.594342
5.5262823
5.510308
5.390818
5.4535494
5.44668
5.454019
5.5115323
5.4355454
5.517637
5.457946
5.4815702
5.580989
5.4881644
5.5545025
5.6179833
5.5688424
5.683467
5.721073
5.7524633
5.7234426
5.636355
5.7396135
5.829379
5.8002186
5.799043
5.652982
5.892149
5.8441024
5.7469697
5.685398
5.6994143
5.7771306
5.838711
5.8766203
5.825116
5.8889275
5.8550897
5.869356
5.8226624
5.791319
5.7469034
5.808184
5.813517
5.851719
5.918083
5.9317055
5.9841166
5.941111
5.8838677
5.948787
5.9458942
6.000395
5.932787
5.9246416
5.874104
5.8718047
6.0169
5.909122
6.0118
5.7374077
5.798711
5.851973
5.8674912
5.8299117
5.8820777
5.8148484
5.949354
5.7554774
5.906973
5.7923393
5.9800415
5.8744135
5.815443
5.8640394
5.8251944
5.836561
5.825598
5.7996373
5.7681637
5.7984853
5.8063235
5.8007927
5.720538
5.7164
5.7882075
5.79172
5.8201003
5.774952
5.807093
5.806708
5.8112597
5.7663584
5.7751894
5.8170686
5.807488
5.9400454
5.8939223
5.90893
5.8176365
5.9298496
5.8545766
5.935458
5.8364573
5.81742
5.763041
5.7598615
5.8441663
5.740079
5.8262177
5.6947427
5.7435865
5.6839013
5.743871
5.8129444
5.779215
5.8817973
5.7660155
5.7815285
5.884263
5.893325
5.8915467
5.8635607
5.7740145
5.818463
5.6724234
5.829091
5.6035357
5.613906
5.641044
5.6373324
5.616663
5.498634
5.534761
5.5154185
5.4908633
5.5077863
5.5383577
5.510933
5.5206375
5.483758
5.576953
5.4312396
5.589822
5.5893316
5.4998255
5.5885925
5.53512
6.2256093
6.236062
6.2050304
6.21574
6.1897087
6.3356857
6.464651
6.4559484
6.5102725
6.509197
6.5458174
6.65667
6.604869
6.567347
6.660056
6.686363
6.7403574
6.9199395
6.7876735
6.888359
6.743159
6.658218
6.5065355
6.5766425
6.4398947
6.4165735
6.2836485
6.272203
6.3580084
6.1879134
6.3070397
6.3194313
6.363947
6.353733
6.3986435
6.3782024
