10000
7.7511854
7.733629
7.474723
7.29123
7.189451
6.899268
6.5796366
6.540386
6.6750393
6.9069085
6.9860935
7.1260295
7.169151
7.1728883
7.251565
7.314821
7.158781
7.038637
7.1956167
7.1991615
7.6444273
7.7098775
7.595896
6.926892
6.2345133
7.2090306
7.5741563
7.577406
7.414347
5.995137
4.151941
4.1454506
4.70093
4.7016325
5.0813627
5.3294888
5.3361225
5.284317
5.2438927
5.1322308
5.0632715
5.1216145
5.463865
5.10674
3.5576272
3.627068
3.8833113
4.2037373
4.643874
5.0965242
5.4843636
5.9845033
6.1756067
5.790724
5.147087
4.868145
4.8047934
4.877398
4.798548
4.802861
4.804018
4.9721766
5.2520084
5.3099422
5.7531466
5.9252853
6.116726
6.04918
5.9340124
6.2179747
6.3951397
6.4206085
6.52617
6.802782
6.8785954
6.929844
7.2034616
7.404084
7.3064623
6.8566847
6.147573
5.080099
4.950959
5.3582826
4.7383294
4.40127
4.180306
4.2454333
4.1063833
3.5673454
3.9483514
4.38661
4.4156785
4.1055603
3.194937
4.0921283
4.537653
5.0633936
5.2555084
5.2081513
4.907134
4.169219
5.2416263
5.735814
6.509384
7.264428
7.9768467
8.164779
8.302408
8.204765
7.479878
7.46038
7.8707027
7.4888678
7.0973806
7.0762715
7.247628
7.744916
7.787547
7.4744186
7.3205166
7.214637
7.556436
8.000568
7.8780293
7.7603283
7.6668625
7.4925613
7.548727
7.4270587
6.9826374
6.0733614
4.408613
3.619962
3.5085478
3.1098034
2.5608773
2.556986
2.5761228
2.7936566
2.7931993
2.6109285
2.60962
2.8222528
2.5241053
2.7495854
2.7870424
2.630839
2.9316943
0.6076511
2.9943964
3.2162256
3.132732
3.2899501
2.6553
3.0227873
3.4539723
2.4716973
1.881092
3.4736385
1.5808018
3.0808544
3.5092535
3.651074
3.4605954
3.6822486
3.4249213
2.549077
3.3755343
3.5867453
3.2193542
3.2933476
3.469088
4.0557003
3.4979506
3.1825597
3.447265
3.3225496
3.1937776
2.414477
2.6023505
7.697884
0.57631326
6.723266
0.65659076
2.7376251
3.4303343
3.3703566
3.2496638
6.330147
0.5216905
3.3788586
6.1268616
0.58723074
6.1007485
0.58980733
3.4755204
3.309712
5.5126643
0.3723833
2.8329492
3.2151105
3.018957
3.354277
3.542445
3.8630912
2.1379893
3.3443134
1.7385412
4.5820284
0.3927219
3.3621674
3.808987
2.857776
1.3141621
4.6390457
0.47981918
3.7986376
3.8145235
3.8731356
0.9858327
3.9270968
3.6255293
3.2606037
2.72897
4.19054
1.1642585
4.0989356
1.1441687
3.089945
4.0198894
0.8090588
0.9102239
3.2498128
0.8644995
2.95295
2.893132
0.9651786
3.019563
1.6563089
2.980662
0.6435282
0.8124698
3.0298634
3.159232
3.365905
0.6027229
2.6681075
3.0349479
3.5924726
3.6424832
1.2267153
0.8074242
0.7555701
4.067788
3.9771445
3.4742343
3.910222
3.4706566
3.1901813
3.3408008
0.77695614
3.1478434
3.3420289
3.8334274
3.3223326
3.1879802
4.3785214
0.26529768
2.6639278
3.111294
1.8541883
4.6140194
0.3305598
4.5046406
0.27058947
2.821734
4.1440945
1.3651
3.384204
4.0486956
3.6965683
4.218357
4.120617
3.319674
3.1239128
2.5593398
4.001586
2.9891312
3.7448187
3.872334
3.1538284
3.910706
3.8156655
3.6513865
3.615229
4.488223
0.47330195
4.254357
3.9408479
4.232859
4.9723897
0.36867228
4.199053
2.4436843
5.6632824
0.33561754
4.473497
0.3124416
4.7545724
2.8576543
2.523113
2.9509187
2.425015
2.4759226
2.342499
2.9254494
3.236947
3.1609275
2.9893413
3.0288894
2.8530421
3.0328362
1.9880043
3.4847646
4.953364
2.4640794
3.2533057
3.923346
0.95396006
3.8993084
5.553803
1.06309
5.4465647
1.1431091
4.3950496
4.1552296
4.290538
4.055336
4.1563916
1.5021249
3.8274326
4.8827443
4.5705757
3.6160913
1.535676
4.2545424
4.1851068
3.9483106
4.245882
3.8692565
3.622494
3.9194026
3.8521729
4.0322914
4.0733156
4.1129146
4.2021513
5.048978
1.9587578
4.0570183
3.899507
4.200631
3.9854915
3.787784
3.9991775
4.5696597
0.8723118
3.3340938
3.7677376
4.489769
0.741625
4.5309997
3.5856113
4.513207
5.2791443
2.0861766
4.6767755
4.1648245
4.230602
1.3921701
4.702317
0.8805267
4.5035543
0.5851721
4.942997
0.7139131
4.83279
1.386491
4.8727074
3.695339
4.141839
3.6535933
3.5458932
2.9398549
2.954565
2.915878
2.5490024
2.499764
2.4179318
2.516477
3.0535345
3.0847244
3.3030663
3.4268754
3.3332906
3.4486833
3.480405
3.2914715
3.346665
3.6235936
3.4531634
3.2509274
3.5169778
4.91281
4.9966235
0.80127186
5.1779327
0.78884184
4.8772125
0.84830886
4.797828
0.8513511
4.9651814
0.9085895
5.1543546
1.2077614
4.2450156
5.0313964
0.8403664
4.9355183
4.74777
3.3979695
2.6934416
3.001256
3.4982996
3.5604115
3.0751019
3.1385722
3.2910151
3.3407066
2.4370496
4.2425895
5.958984
5.1306825
3.6468673
2.5612483
3.430076
3.3395028
2.4357796
3.643306
4.313452
3.1165795
3.854554
3.047803
2.5097544
3.0062025
2.653219
3.1649601
3.190847
2.9247496
2.7844734
4.292824
3.5299535
3.4612222
3.0118914
3.267204
3.2977872
2.657189
2.702126
3.0984144
2.9624164
2.8712564
2.4960165
2.6818452
0.5809541
4.30838
0.8385383
5.209911
0.99036086
4.431266
0.8051614
1.714973
3.1450367
2.8627644
2.8958561
2.9648728
1.0037931
3.5007915
4.670148
0.7389253
4.2957997
0.5090861
4.456437
0.4156047
3.752432
3.1159418
4.6583123
0.37923092
4.009709
4.626531
3.1343026
3.2582793
3.1130247
1.5341583
4.5884767
5.314737
5.651019
4.999988
4.110457
4.491369
2.9732826
2.4645033
3.4047718
4.022529
4.3860006
3.9182668
3.4132495
2.963407
2.806265
3.1937292
3.542034
3.4315476
3.0470953
2.8217182
2.5716584
2.3919215
2.621959
3.2839577
3.9779203
4.3624706
4.0393066
3.7734277
4.5298834
4.7333736
4.465325
4.377397
2.729696
4.8366976
2.158629
4.208558
4.0858727
4.56711
2.5942109
2.5814176
2.5085707
1.7559087
3.744045
3.8858256
4.080043
4.2370677
3.9121268
4.133128
3.7198925
4.4200563
4.842425
3.5743716
3.7660127
4.241165
5.038216
4.7352
4.346541
4.0183926
4.1496553
4.3039684
4.587919
2.25945
4.25895
4.5767255
2.7336402
3.5804868
2.5869353
3.6482472
2.6402345
3.2016115
3.362549
3.4987502
3.329544
2.8852935
2.5573378
2.960393
2.9745488
2.4681492
2.00184
3.855963
4.710173
2.3140771
3.3663003
3.4276774
3.9012992
4.2202573
3.9440868
2.9698143
2.7835271
3.6355073
3.9461768
3.7040513
3.3410394
3.5459158
2.94276
3.1314116
4.140954
4.5582566
3.860191
2.809912
2.5381157
2.410038
2.8366868
2.1912463
4.2371445
4.4941697
0.980183
3.0313299
3.8966184
3.4364858
3.7717836
3.694741
4.033346
3.3857892
4.054165
4.242051
4.0217805
3.6253688
4.2128677
4.3881454
0.44098768
5.6464725
0.569482
4.3092785
0.58207947
4.7807198
0.6340524
3.8791358
4.4401407
0.5650439
4.102156
4.00775
4.1703916
4.0347066
3.5784216
4.1157556
4.20946
3.8641505
4.4259386
0.657845
3.8565867
4.1657667
3.7750857
4.1670585
4.23272
4.343746
1.7894256
3.701127
3.6971347
3.1411936
4.2490478
4.1375165
3.707705
3.2858062
4.2562695
3.5047333
3.8513365
4.3985205
3.1951818
3.4122865
3.487996
3.64275
3.792677
4.0497675
4.085545
3.7486308
3.1672215
3.1172402
2.9700072
3.4366746
3.399563
3.2129786
3.2347841
3.4508986
3.0078394
2.7592611
3.1368265
2.914861
2.586425
3.0207698
2.7284348
2.747327
2.488218
2.655788
3.1613078
3.3267946
2.740293
3.1374443
2.9973931
2.9470382
3.1967242
3.2709703
2.9058013
3.1667483
3.427727
3.4264388
3.6247134
4.0651975
4.0756645
3.8277617
3.0994496
3.2896144
3.739256
3.3206673
3.128896
2.9984083
3.0209708
3.211882
2.9452972
2.7345262
2.6689603
2.737486
2.5748503
2.7365866
2.9813855
3.3273158
3.6920247
3.8156838
3.5755267
3.6194115
3.8113525
3.9502423
4.629718
4.3769493
3.9993129
3.9727733
3.9247026
4.850645
5.3365703
5.697835
5.624844
5.2509947
4.8665123
3.5945854
2.824253
2.9058118
2.7092686
2.6936874
2.3420413
1.8833816
4.394681
1.8409668
5.0160036
1.8373373
4.0185905
3.703513
4.0323763
4.3399
2.8234231
2.8975725
2.3914876
2.2156122
4.369457
3.189633
2.803423
2.8165917
2.7815714
2.9501588
2.9501982
3.0092103
2.9455116
3.2701735
3.5011735
3.3438573
2.4720902
2.1632533
3.9573348
4.1793194
4.3133917
3.1518202
3.0112092
3.64016
4.0327067
4.431017
4.4594774
4.4234276
4.5212784
4.5742836
4.5210013
3.970905
5.174566
5.116987
4.4663844
3.8292785
3.618864
3.498002
4.189063
3.3662884
3.475995
3.446467
3.1822906
2.2138052
4.431001
2.9054039
3.8990788
2.6756232
4.297349
3.965628
3.8501308
1.7094443
3.997612
3.52837
3.7666407
3.7749877
4.28145
4.460325
1.0919629
5.4017625
1.1242622
5.3406487
1.1080732
4.97069
1.1177546
4.4988613
1.0452031
5.2095714
0.89210176
4.9353356
0.7387897
2.7802367
4.4108224
0.6507381
2.4764428
4.912181
0.8087108
3.2873302
3.4376507
4.3083367
0.5959576
3.3683765
4.2712827
4.403857
1.1435152
4.611163
0.90561455
3.757489
3.0097172
3.033075
4.0629015
4.4554033
0.8600602
3.8364546
5.0522795
0.7364378
3.3509607
4.1887326
4.2770147
3.312008
4.192769
3.3480794
3.4858253
3.9285536
3.76827
4.2931743
0.7102151
4.091334
3.954694
2.9539127
3.8785033
3.3047786
3.7700882
3.8613853
4.0072584
4.1263857
3.5649366
3.7618604
3.2297037
3.3037663
3.3260252
2.8832383
3.7014432
3.2481983
3.5467398
3.9505591
3.832076
3.384187
4.81208
0.76569045
2.8184054
2.2913127
2.0783155
2.1569047
2.7323792
4.374789
0.6423115
3.6878884
3.545994
3.414908
3.5277846
3.666888
3.5159645
3.9126635
3.6365592
3.989306
4.351058
0.5311388
2.9507828
3.699177
3.549336
3.524213
3.8450344
5.43433
1.6686157
5.2452726
1.283295
3.6338124
3.5536556
3.5241272
3.6459782
4.5545974
0.84228843
4.551019
0.43928853
3.9386468
3.0202723
4.133216
3.6557968
3.2896893
4.22428
4.4472213
2.535003
3.2941365
3.5821872
3.651205
3.5275145
3.5831146
4.2029433
4.438634
3.2607138
4.3425245
4.4690547
5.2651296
5.204164
2.979082
3.283339
3.3152213
3.368134
3.348929
3.1342466
2.6074076
2.5719266
2.8134375
2.999471
3.5956001
3.1539774
3.2927978
3.626277
3.3278804
3.4697473
3.7650433
3.4455998
1.1912258
3.855982
3.6256387
4.0259295
4.0083027
3.8669958
3.1387727
3.7736707
4.4515867
3.5842075
2.5529616
1.791049
4.2171044
4.2840834
1.0862143
4.3477683
0.9764046
4.932311
0.86287045
4.509742
0.87344974
4.117385
3.771522
4.469313
0.75743926
3.9979224
4.043878
4.054711
3.669695
3.8630214
3.902965
3.3017921
3.7918754
3.113406
4.471329
0.46670538
2.9538329
4.5460687
0.5404428
2.1995232
2.2272546
2.949645
2.8110409
2.4974403
4.903969
0.5871939
4.564562
0.575941
3.7534509
4.7066393
0.6280415
3.6926453
5.4104047
0.5576075
3.1537735
3.149765
4.037695
4.2488956
3.732474
4.0860043
4.370042
0.3931059
5.2505803
0.3968754
4.461006
0.39510286
4.6850386
0.7170915
4.322701
0.6803408
4.708167
0.41686377
4.474225
0.35773432
4.3065658
0.26648456
4.2886395
0.3708266
4.3195486
0.46572202
4.8096633
0.37552053
3.4360743
4.1174436
4.1634574
4.539435
0.5476209
4.504699
0.47301885
3.9000893
3.915531
3.401316
3.8640954
3.385943
3.5443883
4.2600994
3.7427201
4.9761753
0.47263864
5.7735524
0.5551022
3.9771192
4.023543
4.616079
0.7690982
4.1901593
3.5154116
3.2658086
3.7973368
4.100469
4.0428586
4.3232527
0.88729787
4.5841036
0.6800655
4.413115
0.7908712
3.7810264
3.731509
4.1514235
3.353821
4.0225005
4.0301685
4.390121
0.9065381
4.7369375
0.8216628
3.990845
4.269575
5.117722
3.5471194
4.12044
3.368483
3.0083272
3.0183086
3.1967993
2.722572
2.8245292
2.746884
2.6551833
2.6006982
2.6677163
2.3333158
2.7187736
3.5019438
3.5570836
3.3179426
2.9599173
2.7683413
2.4564672
2.1076849
4.49136
1.0917486
4.8616385
1.1214987
4.6167126
0.78637
3.543615
3.7713656
3.6688907
3.618178
3.3228204
3.5300336
3.5270457
3.8337314
3.1544495
4.228786
4.5885477
0.61088556
4.5193954
0.49893785
4.8855777
0.7084032
3.01076
4.252319
3.7330632
4.3956227
2.397606
2.4564757
2.7363255
2.484055
3.0993884
2.8787618
3.2115965
2.154455
3.8888514
3.0112715
3.6146474
4.2091417
3.7881422
3.1992316
4.152366
3.520921
4.119225
3.9148424
3.3810167
3.6339097
3.4519048
3.8050292
3.657844
3.9252083
3.7848768
3.361232
4.784418
1.2840098
3.154125
3.4112132
4.4835052
1.1265391
3.8792837
3.0000305
3.5657747
3.7100194
3.8410556
4.2278996
3.2046902
3.2340844
3.0980725
2.7579641
3.2375848
3.49147
3.4537597
3.749991
3.7184846
3.7880337
3.6245384
3.0667017
3.3031347
4.0173836
4.034654
3.9973667
3.8697686
4.0067406
3.6542525
3.6673493
4.113481
3.7705667
3.899941
3.424365
3.3582368
4.5913434
0.4657893
3.9704294
3.9673579
3.0288548
3.8635685
4.2670665
3.9188375
2.9247687
3.9637287
3.7953346
3.7522645
3.5256062
4.059239
4.0832295
3.580075
4.430952
0.5696231
3.5742593
3.0866227
3.8743896
3.6858819
3.7673764
3.2425406
3.931903
3.7630138
3.8059685
4.334881
0.4833238
3.6880984
4.082051
3.615375
4.0138903
3.40873
3.318859
3.4828362
3.3902295
3.374707
4.2705927
3.981662
3.8071685
3.8740926
4.3888273
0.53848964
4.4622593
0.4269471
3.595275
3.6419003
3.9076352
4.1466846
4.2370152
4.4198837
0.8894595
5.5536113
0.7425609
4.2434955
6.3832707
1.0052196
5.143351
0.9822618
4.5058613
1.1372153
4.4858203
1.2295744
3.3594065
4.1934958
3.8468575
5.253885
1.0299205
5.308881
1.2151208
5.3060803
1.2776842
4.639651
3.465961
2.6796427
1.0742004
4.9627743
1.2040303
3.156032
4.7784734
1.1137524
3.6588483
2.22677
2.8116636
2.6684532
1.022679
0.8186821
1.1773481
3.2701612
1.8405575
4.344669
0.7831534
2.0415187
1.6224241
4.3023868
0.5613519
4.5934825
0.4800945
4.2341943
4.6096053
0.5612953
4.7856407
0.43311104
3.6553693
3.9067187
4.0934486
3.2003524
4.4371676
0.5887724
4.3654175
0.49263787
4.558986
0.52619743
4.5742836
0.41594586
5.0709715
2.467796
3.4632041
2.780241
3.0844767
3.7690916
3.0762587
4.085307
4.684774
2.3571784
1.3498054
2.3423362
2.4176676
4.3280883
0.5729258
3.5061266
3.4554558
4.404041
0.6900201
4.865143
0.60663426
3.9746463
3.2309537
3.023041
2.3332512
2.364397
4.801664
0.43370634
1.392329
4.4222474
4.1684484
0.39508295
3.8026876
3.2614694
5.2319107
0.29352978
3.754228
5.286065
0.2395622
4.748317
0.24457239
3.73769
3.4622853
4.4141035
0.22493337
4.594498
0.28102747
4.4062643
0.2727096
3.3960974
3.2724335
3.9372165
5.1745
0.3138093
4.103398
3.7657428
4.200727
4.8439674
0.27785093
3.6444638
2.9695098
4.1941886
4.0420403
4.380736
0.3730943
3.184888
4.004535
2.6348412
3.944497
3.1346338
4.8931084
0.6413964
4.4613338
0.60128796
5.6415324
0.59151554
4.3770146
0.49003592
4.4364605
0.5760108
4.798133
0.68210214
5.2762246
0.6381864
4.9167576
0.6033633
5.042744
2.8381944
3.5116048
3.6012228
4.280569
4.1683826
4.2289004
3.3257792
2.5231633
0.6165539
4.7936726
0.411304
2.8790178
3.1406152
2.0769763
2.0359406
2.3907018
1.9171103
1.4627622
2.9627266
1.3985746
2.2674387
2.3317046
0.86152655
3.466659
2.2534285
3.4694622
3.264372
1.9485202
3.7667494
3.8026767
3.6468213
3.9954605
3.5409703
3.4637172
4.074067
4.163442
2.511559
3.3271804
3.8890254
3.682162
3.0313792
3.4652224
4.004423
3.1787133
3.7855499
3.5743241
1.8606156
0.6107881
2.0332623
0.7702927
0.5906595
0.7225396
0.7521228
1.6767541
0.69284403
0.9970627
1.5431362
4.118919
2.9081476
3.3519256
2.5495543
3.4796588
3.6235673
2.1563516
5.3082333
0.84142244
3.592742
3.1803381
3.2776272
5.14469
0.3731172
3.7603846
4.113469
4.992714
0.2769276
3.9738204
4.0784407
1.9625146
3.7885509
4.6959124
2.1218512
4.248173
4.9721
1.328601
4.841196
2.2267258
4.2669587
4.0596113
4.0542455
4.0875726
4.2146544
4.9188695
0.6272172
3.9665427
3.6867456
3.9241557
4.2444305
5.224064
0.387782
4.266558
4.390988
0.7975583
4.0875506
4.18157
5.031629
0.31887588
4.4497724
0.28766406
4.028522
3.8033879
4.246228
4.9845963
0.1673213
5.0842786
0.16120128
4.8424215
0.2091312
4.2800803
4.3797526
0.49976778
4.334707
0.5807495
4.030678
4.030768
3.8623042
3.8331373
3.8478706
3.2504838
3.6984036
3.8992138
4.0744658
4.250672
3.9756413
3.400224
3.8969243
4.644166
0.6937362
4.0736675
3.4739964
4.301131
2.1969795
4.1357956
3.672627
3.2936583
4.200453
4.2643056
3.7318559
4.2198024
4.050153
3.4893432
4.6072783
3.1032138
2.973688
3.280206
2.901185
3.212128
3.3391817
3.5717115
3.6263053
3.9878023
4.034958
4.0475054
4.10466
4.1938896
4.051069
3.9483309
3.9657211
3.7361925
3.8371143
4.9080386
2.4390092
3.0619788
2.683797
3.9531078
3.960676
3.533533
4.777136
3.9382997
4.3722115
3.491477
3.4286747
4.8876204
3.8306751
4.7851067
4.6511307
4.6296716
3.9491167
2.7233367
2.648274
2.8627717
2.6637108
2.9052706
3.1582131
3.2905684
3.5267992
3.5427513
4.5234513
2.4873066
2.568199
3.1007264
3.714106
3.7008026
3.3347037
2.735247
3.2034864
3.5358348
3.4342887
4.286875
4.604024
4.376941
4.9839606
5.8516264
4.553284
4.6856604
4.6746035
3.862294
2.2588844
3.6834784
3.6362143
3.3959389
3.8487117
3.7033172
2.6490028
4.189911
4.31142
0.7287136
3.3240573
4.803118
0.6222839
3.6490078
3.7762117
3.2783544
2.5467231
2.9768653
4.582466
0.768623
3.8337133
3.4955568
4.66284
0.64219946
3.9416008
3.8369856
5.328688
0.63031626
4.531283
2.6331856
2.3674238
3.3996973
3.1487572
2.773658
2.449211
2.8870583
2.6286495
3.3742046
3.182898
2.7004762
2.7894716
2.4760563
3.03632
2.8987525
1.8546
3.4697888
4.508618
1.9486924
3.467028
3.4868183
4.0994363
4.297686
2.379261
2.4027157
2.6240146
2.6617854
2.7337937
2.914629
2.978625
3.196088
3.1412888
3.0981045
3.2215962
2.911386
3.1184833
3.345333
3.0488973
2.926198
3.036181
3.084353
3.1599278
3.5108256
3.5653617
3.6003187
3.3730395
3.2979088
3.1457472
3.296306
3.1154552
3.1335483
2.6720908
2.4258192
2.8803291
3.3425994
2.8794112
2.4317153
2.7483883
2.7417574
2.7665956
2.751933
2.9765882
4.1151543
4.259576
3.6409757
3.8332133
3.7964582
3.8270688
3.7460387
3.5993075
3.361629
3.6974514
3.6950796
3.811272
3.5520523
2.8057575
1.883774
3.0922577
3.5919962
4.915713
2.135514
5.030698
1.9267628
3.4833493
4.319485
1.7701842
4.813032
2.8032873
4.0349784
3.7753935
3.6587694
3.0750003
2.121982
5.066237
0.5284154
4.9332385
0.48875242
3.4245512
5.54797
0.44643557
5.091831
0.42368212
3.304365
3.5884938
3.825255
2.9426475
3.9702885
2.6168191
2.5859241
2.6957395
3.240264
3.530922
2.7165372
3.5153444
3.4684281
3.5837455
3.889913
2.6265166
6.273133
1.2721394
3.685955
4.280082
5.994443
0.4884278
3.901177
4.8541636
3.545955
3.9273603
0.5823152
5.2221026
0.59073365
5.349022
0.42502284
4.9896007
0.39806545
2.3788843
5.4976797
0.44500226
3.6490905
4.3789682
0.4772098
4.8243117
0.42145583
4.417144
3.5036128
0.31943843
5.3781633
0.3862845
4.9255276
0.45334712
4.5698714
0.4101018
4.6064415
0.4751329
3.8564208
4.50774
0.23562947
4.654669
0.2386472
4.827925
1.9839107
4.706918
0.27025795
4.471922
0.27535722
4.2608595
2.4586642
3.3285077
3.8672106
2.8819249
4.2920184
3.1297758
3.0394807
2.9847748
3.1694934
3.059156
3.0357885
3.35431
3.3931198
3.3778932
3.5046968
3.506494
3.5237541
3.3233366
3.480257
3.5155182
3.5760603
3.5438457
3.5329013
3.5363796
3.66682
3.5152454
3.3183544
3.2887964
3.1975565
3.1842608
3.0151415
2.932454
2.7540522
2.7266922
3.074303
3.0510488
2.9998972
3.0773706
3.0530882
3.060851
3.1585908
3.0607686
3.1296554
3.0479238
3.0773475
3.1063945
3.0242436
2.9823635
3.0048842
3.216888
3.4276936
3.9327455
3.9864209
4.5030828
5.0870314
4.876471
4.8293934
4.897532
4.99033
5.1850863
5.1760755
5.0649085
5.1925755
4.9314303
5.0564804
5.1748586
5.0358057
5.0133777
5.0977373
5.116141
4.989573
4.869144
4.5188622
4.263715
3.9768615
3.7646453
3.6199117
3.5568244
3.621592
3.4214852
3.3192987
3.3400633
3.3120763
3.632279
3.7362525
3.6373477
3.764771
3.3896494
3.3251162
3.1985447
3.35176
3.471582
3.9252949
4.1418443
4.0868196
3.796475
3.9419887
3.7275248
3.562613
3.3077044
2.945083
2.747112
2.8774412
2.8533354
2.9409733
2.811278
2.9560394
3.0336041
3.0397387
3.120942
3.2192447
2.9985027
2.877563
2.7523377
2.8030987
2.8749034
2.8766932
2.9082708
3.0261357
3.0942974
2.9022136
2.8297007
2.8006446
2.7658257
2.355377
2.60312
2.2692087
4.1750584
4.746012
3.1481104
3.3557284
3.2783117
3.3706093
3.3697925
2.9430332
3.135813
2.823783
2.8646672
2.6738322
2.2486258
3.7763507
3.4309704
3.1518304
4.457421
2.4647648
2.6927624
3.1437933
3.238793
3.20107
3.2748735
3.4226365
3.3669333
3.3567014
3.4458342
3.484856
3.6187549
3.515945
3.2756257
3.3442798
2.2803104
2.8259141
3.6016767
4.1239543
3.3721776
4.611282
3.8134544
4.2710724
3.5824902
4.051638
4.123972
4.144566
4.3215203
4.352589
4.425572
4.611805
3.688184
2.8721871
0.85093784
3.562843
4.743276
1.9022161
2.7978241
3.209128
3.4135282
2.828945
3.1126187
3.5274045
2.428345
3.773879
3.5096395
4.8253818
3.0194702
3.1642041
3.2525444
3.3107
3.4944966
3.5332298
3.731854
3.9732118
4.8654094
4.099239
3.064033
2.9633703
3.6756685
3.862085
3.8925686
3.7926862
3.8269367
3.5143867
2.8551753
2.2201972
3.8779755
3.008228
3.647049
3.730079
3.337172
4.996147
1.2527043
2.400612
2.33859
2.5775042
2.172661
2.252714
1.36536
0.31408933
2.710675
0.2845324
0.54423314
0.29417363
1.440274
0.25660172
0.24570322
0.40163764
2.6930704
3.130999
0.5049696
0.22274992
0.9076551
0.69947195
0.86703867
0.85121566
1.10788
0.3765226
0.5310947
2.040211
0.4645661
0.6017166
1.0092419
0.5668299
0.3975498
0.7553257
2.2479012
0.6646751
0.46670097
0.52447337
0.35437924
0.39472386
0.3455997
0.35634574
0.26467746
0.39203995
0.39580613
0.754244
0.41357973
0.41639966
0.18870103
0.18443565
0.5002789
0.2671169
0.29013234
0.24712518
0.34116432
0.4390406
0.32843587
0.30613095
0.20107655
0.45563295
0.41582
0.74643314
0.2795682
0.66060764
0.56477684
0.48027733
0.30070257
0.39548406
0.4996035
0.5486928
0.6314255
0.6855447
0.3769961
0.33743817
0.67584085
0.600546
0.4361035
0.58602065
0.57556957
0.25443974
0.25198117
0.26185322
0.48639998
1.1045313
1.6233283
2.5527713
3.7993696
4.5461206
3.7229128
3.6312675
3.416105
3.3183248
3.1566315
3.2050762
3.0663314
3.151227
3.369688
3.4832993
3.1968024
3.0897732
3.167085
3.076575
2.7904487
2.823042
2.9999404
2.9423919
4.228231
4.352584
3.2548358
3.4497004
3.258328
3.8986611
3.6730752
4.109815
2.5683
3.114717
3.3843467
3.3431056
2.1750329
3.6835423
3.1116648
3.9580033
3.8509681
3.8062854
3.7236586
3.7053208
4.110659
4.871296
3.501297
3.5752444
3.5481477
3.7219493
3.9061372
3.893011
3.6782823
3.8436236
3.6263597
3.823179
3.605115
3.6519988
3.5584784
3.8018858
3.6133316
3.7121196
3.54655
3.6805182
3.824225
4.852992
0.84392667
3.5953228
4.342423
1.1869824
3.5897937
4.128522
3.4361694
3.9215379
4.281567
4.434319
2.9126472
2.2087975
3.5576854
4.1261196
5.281331
3.1405256
4.6747804
4.7717285
4.668891
4.9723063
4.812813
4.7997723
4.75507
4.966141
4.611065
5.2978225
5.3783884
5.1950064
5.1591454
5.313218
5.258882
5.3682275
4.692721
3.9948533
4.1250663
4.1225696
4.6664944
3.8547966
3.523047
3.925093
5.133355
5.538078
3.5299816
3.568966
2.9598606
2.8236735
2.93111
3.1726294
3.3624623
3.030793
3.007369
2.9573095
3.1956806
3.8252687
4.181068
4.1209183
4.163637
4.4331026
4.442977
4.2478166
4.342029
4.089531
3.8977783
3.559714
3.6505642
3.477076
3.5659087
3.1923487
3.279888
3.2666914
3.3145268
3.4005446
3.358968
3.569031
3.744057
4.07826
4.1769657
3.651095
3.7968955
4.155927
4.0249147
4.3964853
4.4713755
4.6490774
4.6926937
4.747675
4.7819867
4.9279766
5.0670366
5.1022778
5.168728
5.176954
5.3578496
5.354972
5.2481008
5.2944937
5.216577
5.260989
5.2188187
5.2325754
5.4252286
5.8660493
6.4429345
5.917923
4.7685847
3.3839896
2.5039756
1.6064026
3.6442719
3.7699068
3.9581037
4.044595
4.6974196
2.6861067
2.6960309
2.7192588
2.7141688
2.6872206
2.2188165
4.0378466
3.7156503
3.94336
4.0738535
3.9464846
3.608962
3.7547977
4.5562696
0.92969453
4.4446907
0.8644978
3.8748708
4.2593203
3.9031017
3.900295
4.136398
4.4589653
0.9079148
5.458935
0.91989464
6.1668954
0.91737676
6.4584475
0.99697334
6.3882093
0.92501
5.7247124
0.92886007
4.7370768
0.8776596
3.814617
4.6663227
0.8483215
4.956764
0.89623845
3.942499
3.8463373
3.7485251
4.0252433
3.604139
4.330242
0.8454093
3.7142107
2.2279286
3.5262997
3.515444
4.361678
0.77293164
3.2775486
3.5462139
3.8890254
3.5674295
3.6798263
2.8890154
3.9848757
4.0640316
3.5750308
3.9252164
3.893539
3.5338721
4.044012
4.772993
0.620209
4.5993567
0.6486438
4.604163
0.7211022
3.1821358
4.3193445
0.703108
4.1130824
4.489365
0.8734586
3.9285743
3.6098208
3.626168
4.5449085
0.8452852
5.215379
0.99143624
4.2714276
4.675274
1.3577598
3.819008
4.031921
3.6840847
3.3069658
4.094418
4.143647
6.0716014
1.4327676
3.9473157
5.7389436
2.432438
2.5262544
2.5108304
2.4921188
2.6240025
2.599094
2.6232727
2.8201804
2.9087963
3.0265143
3.286728
3.4300244
3.827299
4.007105
3.8710537
4.0088506
3.9128966
3.6242723
3.7579656
3.7428505
3.8233874
3.8707561
3.6084778
3.554575
3.5459425
3.8077853
3.8579004
4.1997247
4.44901
3.0497036
5.5361767
0.5461813
4.5114603
0.47145545
4.9778156
0.56790507
5.0268936
0.57494366
4.96239
0.72186625
4.8872538
0.6113969
4.0765505
4.790902
0.7125566
4.750165
0.61276925
4.939217
0.69512963
4.873863
1.3679022
3.6868315
4.9194894
0.6921111
4.2746243
4.07118
4.2803907
4.3394175
0.5676557
5.0202556
0.6464886
4.264256
3.6806405
5.378137
0.5780504
4.518197
0.6481036
4.2788415
5.5655956
0.56589645
4.649287
0.62810206
5.610398
0.5021975
5.7875967
0.62438554
3.9322314
4.647409
0.56797963
5.6516657
0.64305526
4.567332
1.3861636
4.8493752
0.6097019
4.3575883
0.5902201
4.523356
0.68591493
3.4589226
4.9872003
0.53664696
5.0957475
0.6275058
4.9229774
0.5276483
3.1809118
4.8581614
0.6366027
2.8450813
3.4124207
4.6284046
0.6096545
4.689391
0.7359631
4.686762
0.6537091
4.7531543
0.7383618
4.6179514
0.6515784
4.451289
0.7724973
4.5235243
0.6634608
4.1368227
4.474099
0.80251074
4.495188
0.71136737
3.877047
3.4969776
4.566956
0.69955504
4.232298
4.2462716
4.1187286
4.193586
4.2341447
4.2243686
2.6435661
4.6754804
0.7250078
4.4804716
0.6352657
3.6091106
4.417486
0.8222388
4.3809447
0.7362789
5.270136
0.8113025
4.4905105
0.742792
5.0129347
0.8123452
4.685716
0.72671217
4.0868597
5.362765
0.8157238
5.1000853
0.6471117
4.5131235
0.7679784
4.4793
0.65042555
5.0554385
0.75767946
5.3151608
0.63879234
4.897563
0.7627933
4.5515723
0.6557896
4.91832
0.80255073
5.2517934
0.72626853
4.878988
0.79597795
5.32991
0.6849868
4.742917
0.80667454
5.5807962
0.70908487
4.346302
0.85792947
5.247385
0.67772967
5.3828025
0.80120194
5.336164
0.7310934
5.076317
0.8091931
4.1899815
4.488967
0.732084
4.7193274
0.6795952
5.20585
0.8338206
5.1154094
0.7430203
5.0325327
0.8018992
3.9706156
4.092001
5.0163207
0.73089683
4.1179085
4.208724
4.8593082
0.8176784
4.534657
0.7531074
4.242653
4.2493877
4.1915884
4.568975
0.68939877
4.587687
0.8001772
4.5741158
0.72449243
3.9802318
4.340605
0.8310113
4.1264052
4.532829
0.6863369
4.651749
0.760907
4.950786
0.72554326
4.459849
0.7705787
4.5437765
0.72672135
4.14462
4.2334385
5.6591935
0.7913678
3.9322176
4.6379824
0.83329815
6.245767
0.7420905
4.210263
4.202625
4.549752
0.73102343
4.630417
0.8525346
5.7172003
0.67071706
3.1781363
4.978481
0.7356562
5.1171336
0.6195846
4.962135
0.7421925
3.5912087
4.442661
0.5934416
4.3072443
0.66991377
3.9008522
3.7520688
5.3354855
0.5719886
3.631994
4.316205
